0 0.6397447183098591 0.8987676056338029 0.08670774647887323 0.20246478873239437
0 0.5543573943661971 0.8840962441314554 0.0761443661971831 0.1977699530516432
0 0.5154049295774648 0.6431924882629108 0.07394366197183098 0.1607981220657277
0 0.6192781690140845 0.6338028169014085 0.11443661971830986 0.19131455399061034
0 0.9544454225352113 0.4539319248826291 0.08582746478873239 0.159037558685446
0 0.8428697183098591 0.460093896713615 0.09595070422535211 0.1807511737089202
0 0.16461267605633803 0.4595070422535211 0.10387323943661972 0.056338028169014086
0 0.3849031690140845 0.4357394366197183 0.07086267605633803 0.10152582159624413
0 0.1485475352112676 0.2567488262910798 0.09198943661971831 0.06396713615023474
0 0.14040492957746478 0.18309859154929578 0.0977112676056338 0.07042253521126761
0 0.7319542253521126 0.6317488262910798 0.07746478873239436 0.16842723004694835
0 0.2847711267605634 0.6440727699530516 0.05193661971830986 0.12969483568075119
0 0.4275968309859155 0.653169014084507 0.08582746478873239 0.13732394366197184
0 0.10299295774647887 0.7115610328638498 0.125 0.1613849765258216
0 0.3633362676056338 0.6431924882629108 0.03653169014084507 0.14906103286384975
0 0.23327464788732394 0.0539906103286385 0.0994718309859155 0.08450704225352113
0 0.15404929577464788 0.3248239436619718 0.0977112676056338 0.04988262910798122
0 0.29973591549295775 0.44366197183098594 0.05897887323943662 0.08098591549295775
0 0.1775968309859155 0.5258215962441315 0.09286971830985916 0.046948356807511735
0 0.8419894366197183 0.06631455399061033 0.056338028169014086 0.05985915492957746
0 0.13336267605633803 0.10974178403755869 0.0880281690140845 0.06924882629107981
0 0.15955105633802816 0.38615023474178406 0.08054577464788733 0.051643192488262914
0 0.6494278169014085 0.21449530516431925 0.08582746478873239 0.12852112676056338
0 0.9106514084507042 0.25146713615023475 0.08362676056338028 0.159037558685446
0 0.304137323943662 0.24178403755868544 0.07306338028169014 0.11737089201877934
0 0.551056338028169 0.22857981220657278 0.0880281690140845 0.11326291079812206
0 0.9837147887323944 0.25938967136150237 0.037852112676056336 0.1255868544600939
0 0.9768926056338029 0.6217723004694836 0.07174295774647887 0.06396713615023474
0 0.8133802816901409 0.6792840375586855 0.0625 0.16842723004694835
0 0.43838028169014087 0.8946596244131455 0.0528169014084507 0.20363849765258216
0 0.27420774647887325 0.9081572769953051 0.07042253521126761 0.18368544600938966
0 0.7365757042253521 0.9058098591549296 0.07878521126760564 0.16255868544600938
0 0.8397887323943662 0.8958333333333334 0.0897887323943662 0.13438967136150234
0 0.36619718309859156 0.8993544600938967 0.07658450704225352 0.20129107981220656
0 0.16329225352112675 0.9436619718309859 0.09066901408450705 0.11267605633802817
0 0.051276408450704226 0.9333920187793427 0.09903169014084508 0.13321596244131456
0 0.4909771126760563 0.9005281690140845 0.03829225352112676 0.18603286384976525
0 0.9518045774647887 0.8882042253521126 0.08934859154929578 0.1238262910798122
0 0.12522007042253522 0.04078638497652582 0.10167253521126761 0.06748826291079812
0 0.18661971830985916 0.5868544600938967 0.0880281690140845 0.0539906103286385
0 0.03147007042253521 0.5193661971830986 0.06029929577464789 0.1267605633802817
0 0.1073943661971831 0.5108568075117371 0.05897887323943662 0.11913145539906103
0 0.9713908450704225 0.7109741784037559 0.043133802816901406 0.10504694835680752
0 0.893705985915493 0.6939553990610329 0.08934859154929578 0.15786384976525822
0 0.23591549295774647 0.6607981220657277 0.037852112676056336 0.1431924882629108
0 0.3455105633802817 0.051643192488262914 0.0880281690140845 0.0892018779342723
0 0.44212147887323944 0.04225352112676056 0.09375 0.07746478873239436
0 0.5497359154929577 0.041666666666666664 0.09595070422535211 0.08215962441314555
0 0.6459066901408451 0.041666666666666664 0.08230633802816902 0.07863849765258216
0 0.7526408450704225 0.038438967136150234 0.09154929577464789 0.0698356807511737
0 0.8237235915492958 0.2529342723004695 0.07878521126760564 0.1619718309859155
0 0.7328345070422535 0.21684272300469484 0.07306338028169014 0.1238262910798122
0 0.4608274647887324 0.2262323943661972 0.06602112676056338 0.12030516431924883
0 0.38776408450704225 0.23767605633802816 0.07306338028169014 0.12793427230046947
0 0.2224911971830986 0.24618544600938966 0.06029929577464789 0.12969483568075119
0 0.9592869718309859 0.04841549295774648 0.06029929577464789 0.09565727699530517
0 0.23723591549295775 0.4524647887323944 0.04753521126760563 0.1068075117370892
0 0.4810739436619718 0.4354460093896714 0.06954225352112677 0.11267605633802817
0 0.5600792253521126 0.43163145539906106 0.08230633802816902 0.11443661971830986
