0 0.7196302816901409 0.528755868544601 0.7655283317422139 0.6440558944433424
0 0.5158450704225352 0.1613849765258216 0.5952835188950605 0.39896632337058346
0 0.3626760563380282 0.4735915492957746 0.4320586813132315 0.658759629372479
0 0.20906690140845072 0.465962441314554 0.28159812196240824 0.6593509610086182
0 0.42473591549295775 0.18720657276995306 0.5015736197555049 0.39132206187044016
0 0.5176056338028169 0.4724178403755869 0.5917616172386432 0.6769528064317045
0 0.6131161971830986 0.4612676056338028 0.6881104242089864 0.6892832936586656
0 0.6122359154929577 0.18896713615023475 0.6889910933470542 0.39132102867596813
0 0.2975352112676056 0.4642018779342723 0.346259887671097 0.6487886139214001
0 0.06954225352112677 0.20892018779342722 0.1619412225996826 0.401872699420309
0 0.08142605633802817 0.4923708920187793 0.17998176670055543 0.689851895016421
0 0.2975352112676056 0.2007042253521127 0.36386552147391393 0.39600897639357274
0 0.8811619718309859 0.27230046948356806 0.9305100519490181 0.3848167250765942
0 0.8129401408450704 0.2805164319248826 0.8689203608535013 0.3807039222817342
0 0.7055457746478874 0.2717136150234742 0.767735235134398 0.39596730421653553
0 0.9005281690140845 0.5369718309859155 0.9428254717565958 0.6405299461085763
0 0.8516725352112676 0.5440140845070423 0.8939913413137275 0.6411126677907822
0 0.21830985915492956 0.19248826291079812 0.2802736312239635 0.3989480702682448
0 0.7834507042253521 0.5504694835680751 0.8412044671196192 0.6452168606317088
0 0.44278169014084506 0.49061032863849763 0.5068473672138464 0.6722472944080761
0 0.8943661971830986 0.15610328638497653 0.9322648036103948 0.24873468116996186
0 0.08714788732394366 0.0029342723004694834 0.17645812152846657 0.1150217521876171
0 0.007922535211267605 0.4823943661971831 0.06557749888414997 0.6904446042451894
0 0.00044014084507042255 0.19718309859154928 0.054577271064768895 0.40892184090458245
0 0.9022887323943662 0.004107981220657277 0.9784761053114461 0.08567834038660758
0 0.5699823943661971 0.0035211267605633804 0.621228000706705 0.0915472293857039
0 0.8428697183098591 0.159037558685446 0.8843121172014481 0.24697239579889352
0 0.7860915492957746 0.1602112676056338 0.8328406287195 0.24579799808239106
0 0.9352992957746479 0.267018779342723 0.973620026718409 0.36545362747691157
0 0.8340669014084507 0.0005868544600938967 0.8931188085821266 0.07746444433423703
0 0.45202464788732394 0.8133802816901409 0.5178468201373735 0.9437714904450175
0 0.29225352112676056 0.7599765258215962 0.3555051701051379 0.9508450841984615
0 0.5299295774647887 0.8057511737089202 0.6018794324042849 0.9461233854614385
0 0.37544014084507044 0.7582159624413145 0.4412960210647689 0.9261982300689899
0 0.6170774647887324 0.7605633802816901 0.6898692440735965 0.9490841764200225
0 0.7081866197183099 0.7523474178403756 0.7738960446216028 0.9432204533932862
0 0.9000880281690141 0.7458920187793427 0.9613115809735171 0.9238580445899182
0 0.8107394366197183 0.7699530516431925 0.8856466815859948 0.9308861777865944
0 0.20994718309859156 0.8080985915492958 0.27983717113419954 0.9255821017655228
0 0.0035211267605633804 0.00528169014084507 0.07086112626463002 0.12088891919592674
0 0.2051056338028169 0.0005868544600938967 0.28027944294286844 0.09800435043752342
0 0.28741197183098594 0.0005868544600938967 0.36386997712507435 0.09624378705724172
0 0.3710387323943662 0.00528169014084507 0.4214916202762349 0.09506732295179529
0 0.42077464788732394 0.024061032863849766 0.4945331097500496 0.09623001113094845
0 0.5088028169014085 0.00528169014084507 0.5605154917179132 0.09506732295179529
0 0.6289612676056338 0.0035211267605633804 0.675339365639258 0.09330779276598558
0 0.6835387323943662 0.0005868544600938967 0.7642237945720096 0.09037524245630275
0 0.7671654929577465 0.0035211267605633804 0.8222855785682405 0.08098384910401375
0 0.7077464788732394 0.20892018779342722 0.7677342665145804 0.25868021115739825
0 0.7671654929577465 0.4424882629107981 0.8139229025119025 0.531430464634442
0 0.823943661971831 0.44366197183098594 0.8662746726839913 0.5302560669179396
0 0.8758802816901409 0.46830985915492956 0.913787024523904 0.5237862031342987
