0 0.610475352112676 0.5862676056338029 0.7928651076795279 0.8359235518746281
0 0.5602992957746479 0.886150234741784 0.7413907133381273 0.999
0 0.6632922535211268 0.3057511737089202 0.81572918474757 0.4962994417994666
0 0.16065140845070422 0.8585680751173709 0.3665666146969847 0.999
0 0.46742957746478875 0.215962441314554 0.6569245468409045 0.49459157133725673
0 0.6522887323943662 0.02523474178403756 0.8232164222128546 0.16841242092618305
0 0.3710387323943662 0.02171361502347418 0.6376007752058124 0.16724077839493928
0 0.1892605633802817 0.5657276995305164 0.3687547268647094 0.698024807688069
0 0.3727992957746479 0.551056338028169 0.5605753524226343 0.8177517275011571
0 0.10299295774647887 0.04518779342723005 0.31025396436718905 0.15842418556723756
0 0.18397887323943662 0.687793427230047 0.3687570515522714 0.8012395578478697
0 0.2689260563380282 0.25234741784037557 0.4576281135315414 0.4892885285106571
0 0.3798415492957746 0.8755868544600939 0.5583715486138663 0.9988993034891666
0 0.08494718309859155 0.24061032863849766 0.264927400007439 0.48401372633295864
0 0.9137323943661971 0.6232394366197183 0.999 0.8458783806123124
0 0.9432218309859155 0.0005868544600938967 0.999 0.1907273551323591
0 0.9357394366197183 0.2916666666666667 0.9925458893324737 0.5250635758998435
0 0.9269366197183099 0.9019953051643192 0.999 0.9988838055720867
