0 0.7913732394366197 0.25704225352112675 0.999 0.4546613601798585
0 0.4194542253521127 0.3386150234741784 0.7806252402177147 0.5379468221693227
0 0.4216549295774648 0.5428403755868545 0.7669799054007141 0.7185781453194913
0 0.4278169014084507 0.721830985915493 0.7608152214342392 0.8804449348674206
0 0.6800176056338029 0.0005868544600938967 0.7470598514059711 0.15199496076616192
0 0.06294014084507042 0.0035211267605633804 0.117049762261952 0.14905896647490577
0 0.6144366197183099 0.0005868544600938967 0.6740253359948423 0.14906068846569243
0 0.17869718309859156 0.00528169014084507 0.23759740440884744 0.1490579332804338
0 0.12191901408450705 0.007042253521126761 0.1738019722649276 0.15023060900614957
0 0.9005281690140845 0.0005868544600938967 0.9507480069678634 0.14730012508541074
0 0.7482394366197183 0.0005868544600938967 0.8038079932057132 0.14730012508541074
0 0.8503521126760564 0.0035211267605633804 0.8975130492461812 0.15023267539509355
0 0.9551056338028169 0.0035211267605633804 0.999 0.15199323877537524
0 0.8063380281690141 0.0005868544600938967 0.8570394638960523 0.1537555241464436
0 0.43794014084507044 0.8779342723004695 0.7480466812760365 0.9713157662721241
0 0.7601232394366197 0.8914319248826291 0.994823889419262 0.985392352156759
0 0.7623239436619719 0.7265258215962441 0.999 0.8945266867244154
0 0.0035211267605633804 0.009976525821596244 0.059417464292799045 0.15668428607639578
0 0.24559859154929578 0.007042253521126761 0.4215468316058322 0.14905690008596179
0 0.4308978873239437 0.0035211267605633804 0.6116061188876215 0.14436413079415458
0 0.7750880281690141 0.44072769953051644 0.999 0.7338962865613083
0 0.1936619718309859 0.40199530516431925 0.41716828258282085 0.6411960121448567
0 0.20774647887323944 0.6367370892018779 0.430806449613172 0.8493915862152571
0 0.2249119718309859 0.840962441314554 0.4307988943785955 0.9590135196940642
0 0.0035211267605633804 0.40669014084507044 0.19586112626463004 0.6476486560206308
0 0.0013204225352112676 0.6431924882629108 0.21214730615205316 0.8341295818730852
0 0.00044014084507042255 0.8362676056338029 0.22359135557181115 0.9560820025788535
