0 0.8921654929577465 0.8362676056338029 0.2130281690140845 0.3274647887323944
0 0.3888644366197183 0.7476525821596244 0.30941901408450706 0.22417840375586853
0 0.3807218309859155 0.5126173708920188 0.3274647887323944 0.24237089201877934
0 0.17253521126760563 0.10710093896713616 0.15845070422535212 0.2130281690140845
0 0.39172535211267606 0.107981220657277 0.14612676056338028 0.2112676056338028
0 0.5455545774647887 0.10475352112676056 0.14128521126760563 0.20833333333333334
0 0.047755281690140844 0.10328638497652583 0.09463028169014084 0.20539906103286384
0 0.6476672535211268 0.10710093896713616 0.050616197183098594 0.2130281690140845
0 0.2834507042253521 0.10622065727699531 0.05897887323943662 0.20539906103286384
0 0.6494278169014085 0.749706572769953 0.20466549295774647 0.22241784037558684
0 0.7508802816901409 0.10915492957746478 0.1505281690140845 0.20892018779342722
0 0.9082306338028169 0.11208920187793427 0.1624119718309859 0.22183098591549297
0 0.4003080985915493 0.9234154929577465 0.2909330985915493 0.15316901408450703
0 0.11773767605633803 0.5768779342723005 0.22139084507042253 0.24530516431924881
0 0.12764084507042253 0.7943075117370892 0.2227112676056338 0.1789906103286385
0 0.14040492957746478 0.9419014084507042 0.22007042253521128 0.11267605633802817
0 0.6584507042253521 0.5017605633802817 0.21919014084507044 0.2828638497652582
0 0.6483274647887324 0.9286971830985915 0.20246478873239437 0.13556338028169015
0 0.887544014084507 0.3767605633802817 0.22227112676056338 0.20539906103286384
