0 0.00044014084507042255 0.12852112676056338 0.0915491020506844 0.4435865486345302
0 0.8899647887323944 0.6291079812206573 0.999 0.9391847957856686
0 0.30721830985915494 0.6261737089201878 0.3669422454622099 0.9303837008750468
0 0.41725352112676056 0.13497652582159625 0.4703269130628844 0.4359536522735789
0 0.08582746478873239 0.13791079812206572 0.15313123791162467 0.43888620258326166
0 0.2425176056338028 0.6390845070422535 0.3049108637299147 0.9292024151953977
0 0.36971830985915494 0.630868544600939 0.6160344549692521 0.937423199210915
0 0.6175176056338029 0.6414319248826291 0.6889887686594922 0.9297878920628623
0 0.15096830985915494 0.13497652582159625 0.28558496113122395 0.4359536522735789
0 0.47491197183098594 0.13204225352112675 0.6754071690264828 0.438889646564835
0 0.28169014084507044 0.13497652582159625 0.4114077068042055 0.4453433236350812
0 0.878080985915493 0.1273474178403756 0.9428353516787344 0.4347844205294364
0 0.9476232394366197 0.13028169014084506 0.999 0.43771697083911926
0 0.6892605633802817 0.1273474178403756 0.8790980367238643 0.431263293768873
0 0.05457746478873239 0.6273474178403756 0.2328104852707796 0.9333172843792017
0 0.6949823943661971 0.6525821596244131 0.8830567859179727 0.940931583239657
0 0.00044014084507042255 0.6273474178403756 0.0488554400788534 0.9421201012806101
