0 0.8424295774647887 0.4471830985915493 0.9947876630380876 0.7139394465383853
0 0.659330985915493 0.4471830985915493 0.8280548719252133 0.7027892117966013
0 0.2420774647887324 0.44835680751173707 0.3009497898482444 0.7027885230002865
0 0.3617957746478873 0.07629107981220658 0.41797456171890496 0.33387541603297405
0 0.30721830985915494 0.45011737089201875 0.35505844264530845 0.7016137808856268
0 0.47755281690140844 0.0733568075117371 0.535001077105237 0.3385719737045119
0 0.42297535211267606 0.07629107981220658 0.4747258031020631 0.33563597941325574
0 0.18441901408450703 0.4454225352112676 0.23319347754661773 0.698095409310322
0 0.5308098591549296 0.44835680751173707 0.589555101294386 0.7121781943617889
0 0.5352112676056338 0.0733568075117371 0.5943947133505256 0.3373982647843241
0 0.4784330985915493 0.4454225352112676 0.5292788586713946 0.7063113717516366
0 0.2363556338028169 0.07922535211267606 0.2956706181189248 0.342089656483502
0 0.12544014084507044 0.45481220657276994 0.1795222534591351 0.7027847346205559
0 0.1580105633802817 0.08274647887323944 0.21912059394217417 0.3385664633339946
0 0.6602112676056338 0.0715962441314554 0.7158185689843285 0.3356387345985144
0 0.3001760563380282 0.08098591549295775 0.35902280983435825 0.3326989519275276
0 0.7205105633802817 0.08098591549295775 0.7725701978154136 0.33739378760827876
0 0.596830985915493 0.45129107981220656 0.6520260426998612 0.7063079277700633
0 0.3617957746478873 0.45011737089201875 0.41797456171890496 0.7074823254865658
0 0.10079225352112677 0.08685446009389672 0.16192746819827414 0.3420851793074566
0 0.41725352112676056 0.45481220657276994 0.47560860320372944 0.7045452980008375
0 0.6012323943661971 0.0715962441314554 0.6555452322207895 0.3338781712182327
0 0.7764084507042254 0.06103286384976526 0.8359258765621901 0.3356449337653464
0 0.9339788732394366 0.0733568075117371 0.9969480726790318 0.3297691568031035
0 0.8424295774647887 0.062206572769953054 0.8860728743056933 0.33388368158875004
0 0.889524647887324 0.0715962441314554 0.9265451035880777 0.32977018999757546
0 0.21919014084507044 0.857981220657277 0.43212183532533227 0.9883462551521965
0 0.6571302816901409 0.840962441314554 0.8826333053337632 0.9901168060790407
0 0.8631161971830986 0.8215962441314554 0.9947785580118033 0.994823006898984
0 0.4335387323943662 0.8497652582159625 0.651657773445249 0.999
