0 0.5206866197183099 0.49413145539906106 0.14524647887323944 0.2112676056338028
0 0.09066901408450705 0.8632629107981221 0.16901408450704225 0.2734741784037559
0 0.6247799295774648 0.49853286384976525 0.05237676056338028 0.20833333333333334
0 0.1113556338028169 0.13086854460093897 0.04841549295774648 0.21830985915492956
0 0.3389084507042254 0.8773474178403756 0.3257042253521127 0.23826291079812206
0 0.30369718309859156 0.48063380281690143 0.04841549295774648 0.20422535211267606
0 0.464568661971831 0.12705399061032863 0.13424295774647887 0.22241784037558684
0 0.5673415492957746 0.12940140845070422 0.0528169014084507 0.232981220657277
0 0.1969630281690141 0.1311619718309859 0.12984154929577466 0.22124413145539906
0 0.6139964788732394 0.8741197183098591 0.22711267605633803 0.2482394366197183
0 0.9064700704225352 0.1311619718309859 0.04973591549295775 0.22359154929577466
0 0.3296654929577465 0.12881455399061034 0.12411971830985916 0.21889671361502347
0 0.04951584507042254 0.48268779342723006 0.09815140845070422 0.2130281690140845
0 0.04379401408450704 0.1273474178403756 0.08670774647887323 0.22535211267605634
0 0.19718309859154928 0.48210093896713613 0.1487676056338028 0.20129107981220656
0 0.6696742957746479 0.12646713615023475 0.14128521126760563 0.232981220657277
0 0.3831426056338028 0.48268779342723006 0.11223591549295775 0.2130281690140845
0 0.7240316901408451 0.4961854460093897 0.136443661971831 0.2130281690140845
0 0.9663292253521126 0.13262910798122066 0.06734154929577464 0.23943661971830985
0 0.8723591549295775 0.5011737089201878 0.14348591549295775 0.21009389671361503
0 0.8120598591549296 0.12793427230046947 0.13908450704225353 0.23591549295774647
0 0.976012323943662 0.5064553990610329 0.04973591549295775 0.20187793427230047
0 0.8439700704225352 0.8685446009389671 0.23987676056338028 0.26291079812206575
