0 0.3998679577464789 0.5437206572769953 0.14128521126760563 0.2318075117370892
0 0.18617957746478872 0.5551643192488263 0.1505281690140845 0.215962441314554
0 0.5578785211267606 0.1807511737089202 0.05237676056338028 0.20892018779342722
0 0.3001760563380282 0.534330985915493 0.06514084507042253 0.22711267605633803
0 0.19080105633802816 0.17987089201877934 0.04973591549295775 0.20363849765258216
0 0.2909330985915493 0.1766431924882629 0.1602112676056338 0.2136150234741784
0 0.05787852112676056 0.5431338028169014 0.10959507042253522 0.2106807511737089
0 0.4452024647887324 0.17576291079812206 0.16065140845070422 0.22124413145539906
0 0.6498679577464789 0.5522300469483568 0.04621478873239437 0.22183098591549297
0 0.5539172535211268 0.539612676056338 0.15272887323943662 0.2282863849765258
0 0.6679137323943662 0.8711854460093896 0.21170774647887325 0.2482394366197183
0 0.660431338028169 0.17400234741784038 0.1641725352112676 0.22124413145539906
0 0.0801056338028169 0.1675469483568075 0.15933098591549297 0.2318075117370892
0 0.7535211267605634 0.5525234741784038 0.1505281690140845 0.22359154929577466
0 0.9036091549295775 0.556631455399061 0.14612676056338028 0.2282863849765258
0 0.8254841549295775 0.1722417840375587 0.16329225352112675 0.2282863849765258
0 0.9566461267605634 0.1813380281690141 0.09903169014084508 0.22887323943661972
0 0.39524647887323944 0.9143192488262911 0.3221830985915493 0.17136150234741784
0 0.886443661971831 0.8130868544600939 0.22711267605633803 0.2130281690140845
0 0.12477992957746478 0.9134389671361502 0.22579225352112675 0.16960093896713616
