0 0.5596390845070423 0.1164906103286385 0.1483274647887324 0.21654929577464788
0 0.7141285211267606 0.12118544600938967 0.15184859154929578 0.2130281690140845
0 0.0974911971830986 0.11032863849765258 0.0488556338028169 0.2007042253521127
0 0.335387323943662 0.107981220657277 0.1426056338028169 0.20892018779342722
0 0.8241637323943662 0.11619718309859155 0.05237676056338028 0.21830985915492956
0 0.24163732394366197 0.5657276995305164 0.22359154929577466 0.22535211267605634
0 0.1914612676056338 0.1056338028169014 0.13908450704225353 0.20657276995305165
0 0.4570862676056338 0.11561032863849766 0.05677816901408451 0.20892018779342722
0 0.037411971830985914 0.10710093896713616 0.06954225352112677 0.2130281690140845
0 0.4777728873239437 0.386443661971831 0.167693661971831 0.05927230046948357
0 0.9339788732394366 0.11795774647887323 0.13204225352112675 0.22535211267605634
0 0.25286091549295775 0.778169014084507 0.2108274647887324 0.1960093896713615
0 0.26298415492957744 0.9257629107981221 0.20378521126760563 0.1238262910798122
0 0.0761443661971831 0.76731220657277 0.15140845070422534 0.19307511737089203
0 0.06668133802816902 0.5563380281690141 0.12632042253521128 0.2347417840375587
0 0.08076584507042253 0.9169600938967136 0.16065140845070422 0.10974178403755869
0 0.8996478873239436 0.511150234741784 0.19806338028169015 0.3075117370892019
0 0.9003080985915493 0.7690727699530516 0.19674295774647887 0.198943661971831
0 0.8974471830985915 0.9410211267605634 0.2051056338028169 0.11443661971830986
0 0.691681338028169 0.6059272300469484 0.2249119718309859 0.24706572769953053
0 0.6888204225352113 0.8145539906103286 0.22095070422535212 0.18544600938967137
0 0.6782570422535211 0.9512910798122066 0.2068661971830986 0.09741784037558686
0 0.464568661971831 0.5519366197183099 0.21522887323943662 0.24119718309859156
0 0.4588468309859155 0.7813967136150235 0.20818661971830985 0.21185446009389672
0 0.47161091549295775 0.9395539906103286 0.20378521126760563 0.11384976525821597
