0 0.23327464788732394 0.7799295774647887 0.36829521362328904 0.9297066140977319
0 0.6628521126760564 0.6678403755868545 0.8139688150912517 0.8452653518922613
0 0.5180457746478874 0.6602112676056338 0.657782550275243 0.8264904863453018
0 0.5158450704225352 0.8274647887323944 0.6591039414302717 0.9437632248892416
0 0.006161971830985915 0.5381455399061033 0.19806066814620116 0.7444024967488814
0 0.2007042253521127 0.29870892018779344 0.34630250694306686 0.5379702412440213
0 0.3512323943661972 0.28931924882629106 0.5060073801081134 0.55323396757698
0 0.3512323943661972 0.5475352112676056 0.5016059716574093 0.7755002727633407
0 0.20994718309859156 0.5487089201877934 0.3440977345144812 0.7708047482862748
0 0.49295774647887325 0.002347417840375587 0.6371069728228527 0.10035073508342701
0 0.008362676056338027 0.2834507042253521 0.19145758685032732 0.5332843599153607
0 0.6465669014084507 0.0005868544600938967 0.7981309124553659 0.10211233165818069
0 0.8125 0.0005868544600938967 0.8557163292253521 0.10856773071921356
0 0.36971830985915494 0.7805164319248826 0.5059992437016465 0.9373353776807952
0 0.00044014084507042255 0.7482394366197183 0.2086265668394168 0.9068378876545659
0 0.6615316901408451 0.8374413145539906 0.8073672835870859 0.9519733325618814
0 0.8213028169014085 0.8004694835680751 0.9983180885488989 0.9701875179087042
0 0.8758802816901409 0.002347417840375587 0.9784877287492562 0.11208782428530494
0 0.5110035211267606 0.45011737089201875 0.6661483259149971 0.6476231705569883
0 0.670774647887324 0.45129107981220656 0.8359723703134299 0.6611201343428332
0 0.8525528169014085 0.22300469483568075 0.999 0.5685311005311997
0 0.8446302816901409 0.5657276995305164 0.9961071169534814 0.8077665917256276
0 0.289612676056338 0.007042253521126761 0.43693238878694707 0.09623999867751108
0 0.4449823943661972 0.002347417840375587 0.4852794971855783 0.09624275386276973
0 0.24691901408450703 0.0035211267605633804 0.2837821659268994 0.0915472293857039
0 0.09639084507042253 0.002347417840375587 0.2433554617759373 0.09917702616323922
0 0.0488556338028169 0.0035211267605633804 0.09284821494991073 0.09330779276598558
