0 0.3807218309859155 0.3474178403755869 0.45889933018002377 0.49744869845048384
0 0.8023767605633803 0.7206572769953051 0.8614426158624281 0.8458212105181953
0 0.5048415492957746 0.7259389671361502 0.5820841366420353 0.8481655287751548
0 0.7517605633802817 0.3421361502347418 0.8095282743999207 0.48806212667239746
0 0.7632042253521126 0.545774647887324 0.821407040393771 0.6774966111221319
0 0.4639084507042254 0.340962441314554 0.541609195224162 0.4956919234499328
0 0.8111795774647887 0.34330985915492956 0.8869669103972426 0.49216941909674006
0 0.6663732394366197 0.34917840375586856 0.7514672652995438 0.4933396840353545
0 0.3912852112676056 0.7241784037558685 0.45669397657954774 0.8493402708898147
0 0.2720070422535211 0.36971830985915494 0.37532041943562783 0.4974356113205052
0 0.3023767605633803 0.7241784037558685 0.38631057360890697 0.8434717262888757
0 0.8802816901408451 0.5352112676056338 0.9485562140448325 0.6769159558288699
0 0.2535211267605634 0.1613849765258216 0.3405574290815314 0.29274566609358815
0 0.15977112676056338 0.545774647887324 0.2763381289054751 0.6716280665211929
0 0.10475352112676056 0.18309859154929578 0.18305248524598294 0.28862494214110956
0 0.6672535211267606 0.5469483568075117 0.7580689905276731 0.6769090678657234
0 0.5105633802816901 0.5416666666666666 0.5864830266812141 0.6821938575899843
0 0.18794014084507044 0.1789906103286385 0.24463558972674074 0.28804049846811697
0 0.5889084507042254 0.19483568075117372 0.655990797336838 0.3021157067601225
0 0.5761443661971831 0.027582159624413145 0.6802041618106526 0.104443907183319
0 0.12632042253521128 0.020539906103286387 0.24906411953233487 0.10914287564195815
0 0.13512323943661972 0.37265258215962443 0.24157785068686766 0.49743388932971855
0 0.6910211267605634 0.16314553990610328 0.7677416280251934 0.2927446328991161
0 0.34419014084507044 0.15551643192488263 0.40477808532533227 0.2522561523286826
0 0.7077464788732394 0.03403755868544601 0.7659737031342987 0.11030866340452733
0 0.1936619718309859 0.7165492957746479 0.26003800089268 0.8229362973616345
0 0.8639964788732394 0.7230046948356808 0.9243556353526087 0.8417118517049086
0 0.9234154929577465 0.721830985915493 0.9894703276879587 0.8428862494214111
0 0.8257042253521126 0.5416666666666666 0.8790379822951795 0.6786727308294209
0 0.5880281690140845 0.727112676056338 0.6608327340805396 0.8516859667394036
0 0.5999119718309859 0.9019953051643192 0.6542253908574688 0.9936021154312417
0 0.4951584507042254 0.897887323943662 0.5429158633579647 0.998886216359188
0 0.43661971830985913 0.8973004694835681 0.4852831779408847 0.989496889395843
0 0.5514964788732394 0.8990610328638498 0.5996692357047212 0.9924301285018405
0 0.8772007042253521 0.8967136150234741 0.947677288422436 0.9924315060944698
0 0.6698943661971831 0.9102112676056338 0.7351805042402301 0.999
0 0.667693661971831 0.727112676056338 0.733420909479766 0.8493385488990279
0 0.738556338028169 0.7230046948356808 0.7998509875272762 0.8493409596861293
0 0.16681338028169015 0.8873239436619719 0.2151554518572704 0.992437016464987
0 0.37367957746478875 0.8967136150234741 0.432053838214144 0.9941920694747516
0 0.952024647887324 0.8973004694835681 0.999 0.9941917250765941
0 0.22007042253521128 0.8890845070422535 0.26002637745487006 0.998891382331548
0 0.7640845070422535 0.16607981220657278 0.8469348219599285 0.3021325822698318
0 0.3961267605633803 0.008215962441314555 0.45185029632017454 0.11149752584363773
0 0.4551056338028169 0.0035211267605633804 0.5143243373090657 0.11384769886927196
0 0.5176056338028169 0.034624413145539906 0.5732757017456854 0.1085477556260883
0 0.25264084507042256 0.013497652582159625 0.3902937320224162 0.10621273611937668
0 0.9498239436619719 0.5393192488262911 0.999 0.680434671802332
0 0.4040492957746479 0.17546948356807512 0.4782552599930569 0.29919279959884504
