0 0.35849471830985913 0.2323943661971831 0.07350352112676056 0.1467136150234742
0 0.1056338028169014 0.2567488262910798 0.07746478873239436 0.1449530516431925
0 0.2720070422535211 0.24031690140845072 0.061619718309859156 0.1426056338028169
0 0.4293573943661972 0.4970657276995305 0.05677816901408451 0.11854460093896714
0 0.26100352112676056 0.6716549295774648 0.0721830985915493 0.15316901408450703
0 0.35233274647887325 0.6581572769953051 0.06558098591549295 0.11208920187793427
0 0.17517605633802816 0.6713615023474179 0.07658450704225352 0.14084507042253522
0 0.429137323943662 0.6428990610328639 0.06514084507042253 0.11326291079812206
0 0.7422975352112676 0.6681338028169014 0.06998239436619719 0.15551643192488263
0 0.34485035211267606 0.49853286384976525 0.0664612676056338 0.12852112676056338
0 0.7246919014084507 0.21948356807511737 0.08494718309859155 0.11854460093896714
0 0.8087588028169014 0.2153755868544601 0.0743838028169014 0.12323943661971831
0 0.6663732394366197 0.5120305164319249 0.07130281690140845 0.13321596244131456
0 0.44036091549295775 0.22505868544600938 0.07350352112676056 0.1437793427230047
0 0.6032130281690141 0.22711267605633803 0.07702464788732394 0.13380281690140844
0 0.5250880281690141 0.22095070422535212 0.0528169014084507 0.13673708920187794
0 0.20444542253521128 0.516725352112676 0.06294014084507042 0.13556338028169015
0 0.07724471830985916 0.6693075117370892 0.07174295774647887 0.13086854460093897
0 0.1952024647887324 0.24647887323943662 0.06910211267605634 0.1596244131455399
0 0.5116637323943662 0.6314553990610329 0.061179577464788734 0.1255868544600939
0 0.13204225352112675 0.5184859154929577 0.06073943661971831 0.12265258215962441
0 0.6575704225352113 0.6786971830985915 0.06426056338028169 0.1273474178403756
0 0.273987676056338 0.5079225352112676 0.05149647887323944 0.12147887323943662
0 0.7387764084507042 0.505575117370892 0.05941901408450704 0.1414319248826291
0 0.8967869718309859 0.9193075117370892 0.19234154929577466 0.15786384976525822
0 0.5580985915492958 0.5 0.045774647887323945 0.11032863849765258
0 0.8622359154929577 0.6029929577464789 0.07394366197183098 0.07805164319248827
0 0.6027728873239436 0.5014671361502347 0.04709507042253521 0.11678403755868545
0 0.5783450704225352 0.630868544600939 0.05369718309859155 0.13028169014084506
0 0.8994278169014085 0.20305164319248825 0.09110915492957747 0.14906103286384975
0 0.9522447183098591 0.7009976525821596 0.08142605633802817 0.07570422535211267
0 0.9793133802816901 0.20892018779342722 0.04665492957746479 0.13615023474178403
0 0.8591549295774648 0.7068661971830986 0.0818661971830986 0.06866197183098592
0 0.9592869718309859 0.6097417840375586 0.08230633802816902 0.08333333333333333
0 0.7486795774647887 0.9187206572769953 0.09507042253521127 0.159037558685446
0 0.2475792253521127 0.9187206572769953 0.07966549295774648 0.15316901408450703
0 0.13974471830985916 0.9169600938967136 0.11223591549295775 0.159037558685446
0 0.3560739436619718 0.9272300469483568 0.11971830985915492 0.13615023474178403
0 0.04423415492957746 0.9119718309859155 0.06294014084507042 0.14553990610328638
0 0.030809859154929578 0.25410798122065725 0.05897887323943662 0.15140845070422534
0 0.037852112676056336 0.4979460093896714 0.06602112676056338 0.15786384976525822
