0 0.6976232394366197 0.6613849765258216 0.9948513982220789 0.8540719571734003
0 0.6245598591549296 0.0534037558685446 0.7783342606253719 0.3004381433357579
0 0.5704225352112676 0.04870892018779343 0.6150658351517556 0.2892906637792325
0 0.19234154929577466 0.057511737089201875 0.24683435671245785 0.28752493442659083
0 0.39524647887323944 0.051643192488262914 0.5526429372892283 0.29222321408891533
0 0.40580985915492956 0.3585680751173709 0.6838002597450903 0.552019619674227
0 0.04401408450704225 0.03755868544600939 0.18572006422336837 0.2834286627432829
0 0.00044014084507042255 0.028169014084507043 0.046654735853501286 0.29399755339549033
0 0.7055457746478874 0.41431924882629106 0.9970486154160881 0.6658366671074962
0 0.33274647887323944 0.7482394366197183 0.6974767841202142 0.9948660566686504
0 0.7068661971830986 0.8421361502347418 0.9948473300188455 0.999
0 0.0721830985915493 0.45481220657276994 0.30146470814322557 0.7291931853247812
0 0.09066901408450705 0.7294600938967136 0.31510093793394167 0.9532104107430184
0 0.002640845070422535 0.47476525821596244 0.08142489399424717 0.7415054194494038
0 0.00044014084507042255 0.7406103286384976 0.09507022881124777 0.9625935385395314
0 0.23899647887323944 0.056338028169014086 0.3951412867610593 0.29574158566422004
0 0.7821302816901409 0.056338028169014086 0.9402367384323547 0.3063049659459102
0 0.9419014084507042 0.056338028169014086 0.9890220504364214 0.3063049659459102
