0 0.4110915492957746 0.5475352112676056 0.05369718309859155 0.10211267605633803
0 0.641725352112676 0.3248239436619718 0.05985915492957746 0.13556338028169015
0 0.7022447183098591 0.31954225352112675 0.06029929577464789 0.12852112676056338
0 0.893705985915493 0.30311032863849763 0.05677816901408451 0.12030516431924883
0 0.2830105633802817 0.5492957746478874 0.05457746478873239 0.09154929577464789
0 0.8835827464788732 0.17370892018779344 0.05501760563380282 0.12323943661971831
0 0.7891725352112676 0.6496478873239436 0.0528169014084507 0.11032863849765258
0 0.762544014084507 0.31572769953051644 0.06029929577464789 0.13262910798122066
0 0.4766725352112676 0.5507629107981221 0.06073943661971831 0.09448356807511737
0 0.2425176056338028 0.352112676056338 0.03961267605633803 0.09507042253521127
0 0.21963028169014084 0.5592723004694836 0.05193661971830986 0.0880281690140845
0 0.5151848591549296 0.329518779342723 0.06205985915492958 0.12969483568075119
0 0.4511443661971831 0.3289319248826291 0.05369718309859155 0.125
0 0.24559859154929578 0.23767605633802816 0.04225352112676056 0.10093896713615023
0 0.8177816901408451 0.18221830985915494 0.056338028169014086 0.11208920187793427
0 0.5746038732394366 0.31778169014084506 0.06205985915492958 0.1273474178403756
0 0.34661091549295775 0.556631455399061 0.047975352112676055 0.08157276995305164
0 0.2970950704225352 0.6696009389671361 0.0528169014084507 0.10093896713615023
0 0.3888644366197183 0.335093896713615 0.05941901408450704 0.12206572769953052
0 0.9284771126760564 0.5504694835680751 0.050616197183098594 0.07981220657276995
0 0.0977112676056338 0.6737089201877934 0.05369718309859155 0.08685446009389672
0 0.198943661971831 0.24237089201877934 0.04225352112676056 0.09741784037558686
0 0.15184859154929578 0.3606220657276995 0.03961267605633803 0.08626760563380281
0 0.491637323943662 0.6678403755868545 0.06338028169014084 0.09272300469483569
0 0.9465228873239436 0.1722417840375587 0.06382042253521127 0.10856807511737089
0 0.3613556338028169 0.6745892018779343 0.05369718309859155 0.09565727699530517
0 0.16703345070422534 0.6784037558685446 0.05765845070422535 0.08333333333333333
0 0.933318661971831 0.6525821596244131 0.053257042253521125 0.07276995305164319
0 0.16219190140845072 0.5633802816901409 0.04621478873239437 0.07629107981220658
0 0.7293133802816901 0.6613849765258216 0.040492957746478875 0.09272300469483569
0 0.4564260563380282 0.22652582159624413 0.043133802816901406 0.06807511737089202
0 0.10321302816901408 0.36384976525821594 0.037411971830985914 0.09154929577464789
0 0.851012323943662 0.5507629107981221 0.0488556338028169 0.06396713615023474
0 0.058318661971830985 0.35768779342723006 0.03477112676056338 0.09565727699530517
0 0.3987676056338028 0.23327464788732394 0.04753521126760563 0.0721830985915493
0 0.10805457746478873 0.5671948356807511 0.047975352112676055 0.08274647887323944
0 0.8615757042253521 0.6514084507042254 0.07526408450704225 0.09741784037558686
0 0.23151408450704225 0.6742957746478874 0.05369718309859155 0.09859154929577464
0 0.2891725352112676 0.346537558685446 0.04753521126760563 0.10152582159624413
0 0.6150968309859155 0.6599178403755869 0.032130281690140844 0.1073943661971831
0 0.660431338028169 0.659037558685446 0.0488556338028169 0.1068075117370892
0 0.8805017605633803 0.8459507042253521 0.04973591549295775 0.10622065727699531
0 0.8290052816901409 0.31015258215962443 0.06382042253521127 0.125
0 0.9595070422535211 0.30839201877934275 0.056338028169014086 0.1238262910798122
0 0.9636883802816901 0.846830985915493 0.061179577464788734 0.11854460093896714
0 0.18243838028169015 0.9289906103286385 0.06205985915492958 0.11854460093896714
0 0.7075264084507042 0.914612676056338 0.06029929577464789 0.1449530516431925
0 0.6056338028169014 0.9137323943661971 0.05897887323943662 0.17253521126760563
0 0.44608274647887325 0.9395539906103286 0.05765845070422535 0.11384976525821597
0 0.7920334507042254 0.92018779342723 0.0743838028169014 0.1443661971830986
0 0.5202464788732394 0.9289906103286385 0.06514084507042253 0.142018779342723
0 0.2535211267605634 0.9339788732394366 0.05721830985915493 0.11678403755868545
0 0.3701584507042254 0.9439553990610329 0.07482394366197183 0.11091549295774648
0 0.058758802816901406 0.9419014084507042 0.06382042253521127 0.10328638497652583
0 0.12345950704225352 0.9278169014084507 0.04621478873239437 0.11619718309859155
0 0.30061619718309857 0.9407276995305164 0.05193661971830986 0.10328638497652583
0 0.6615316901408451 0.9157863849765259 0.04137323943661972 0.1613849765258216
0 0.09286971830985916 0.2007042253521127 0.04401408450704225 0.057511737089201875
0 0.13754401408450703 0.2007042253521127 0.03829225352112676 0.0539906103286385
0 0.1694542253521127 0.1983568075117371 0.032570422535211266 0.04929577464788732
0 0.05699823943661972 0.2676056338028169 0.04621478873239437 0.07394366197183098
0 0.09859154929577464 0.26936619718309857 0.03697183098591549 0.07394366197183098
0 0.13754401408450703 0.2661384976525822 0.042693661971830985 0.061619718309859156
0 0.2891725352112676 0.2391431924882629 0.040492957746478875 0.10387323943661972
0 0.3373679577464789 0.2347417840375587 0.04621478873239437 0.09741784037558686
0 0.19652288732394366 0.3559272300469484 0.03829225352112676 0.10504694835680752
0 0.018705985915492957 0.3644366197183099 0.03477112676056338 0.10328638497652583
0 0.33252640845070425 0.35269953051643194 0.04181338028169014 0.11150234741784038
0 0.5085827464788732 0.22300469483568075 0.053257042253521125 0.06807511737089202
0 0.7431778169014085 0.198943661971831 0.05677816901408451 0.08215962441314555
0 0.5631602112676056 0.6631455399061033 0.053257042253521125 0.11150234741784038
0 0.6342429577464789 0.5619131455399061 0.040492957746478875 0.08509389671361503
0 0.5955105633802817 0.5633802816901409 0.03961267605633803 0.07863849765258216
0 0.5539172535211268 0.562793427230047 0.04181338028169014 0.08685446009389672
0 0.42473591549295775 0.6740023474178404 0.05457746478873239 0.10856807511737089
0 0.035651408450704226 0.6801643192488263 0.05193661971830986 0.107981220657277
0 0.04709507042253521 0.5698356807511737 0.04753521126760563 0.09389671361502347
