0 0.0820862676056338 0.05780516431924883 0.08846830985915492 0.10152582159624413
0 0.464568661971831 0.0625 0.08582746478873239 0.10152582159624413
0 0.3191021126760563 0.058392018779342726 0.08098591549295775 0.10856807511737089
0 0.7163292253521126 0.056924882629107984 0.0840669014084507 0.11150234741784038
0 0.620818661971831 0.06073943661971831 0.08670774647887323 0.10856807511737089
0 0.8102992957746479 0.0710093896713615 0.056338028169014086 0.10328638497652583
0 0.1599911971830986 0.05868544600938967 0.04621478873239437 0.11267605633802817
0 0.9088908450704225 0.0710093896713615 0.11003521126760564 0.13732394366197184
0 0.22997359154929578 0.06484741784037559 0.08230633802816902 0.11561032863849766
0 0.38930457746478875 0.06396713615023474 0.0488556338028169 0.11150234741784038
0 0.5389524647887324 0.06836854460093897 0.04621478873239437 0.12969483568075119
0 0.050616197183098594 0.3720657276995305 0.04753521126760563 0.2147887323943662
0 0.11421654929577464 0.37734741784037557 0.08230633802816902 0.215962441314554
0 0.17165492957746478 0.37822769953051644 0.03697183098591549 0.22124413145539906
0 0.2306338028169014 0.38585680751173707 0.08098591549295775 0.22359154929577466
0 0.3175616197183099 0.3890845070422535 0.08318661971830986 0.22065727699530516
0 0.3807218309859155 0.39231220657276994 0.04753521126760563 0.22711267605633803
0 0.44432218309859156 0.3961267605633803 0.07966549295774648 0.22535211267605634
0 0.53125 0.39818075117370894 0.0818661971830986 0.22359154929577466
0 0.6001320422535211 0.39730046948356806 0.04621478873239437 0.2347417840375587
0 0.6685739436619719 0.39906103286384975 0.08362676056338028 0.22535211267605634
0 0.7378961267605634 0.4022887323943662 0.04181338028169014 0.23767605633802816
0 0.8012764084507042 0.4028755868544601 0.08230633802816902 0.22359154929577466
0 0.8904049295774648 0.40933098591549294 0.09154929577464789 0.22711267605633803
0 0.971830985915493 0.41901408450704225 0.051056338028169015 0.22887323943661972
0 0.026848591549295774 0.8764671361502347 0.04665492957746479 0.1637323943661972
0 0.10519366197183098 0.8884976525821596 0.08450704225352113 0.16666666666666666
0 0.18904049295774647 0.8902582159624414 0.08582746478873239 0.1607981220657277
0 0.2764084507042254 0.8970070422535211 0.08890845070422536 0.17781690140845072
0 0.3470510563380282 0.9008215962441315 0.04973591549295775 0.1607981220657277
0 0.42297535211267606 0.9072769953051644 0.09507042253521127 0.16666666666666666
0 0.5105633802816901 0.914612676056338 0.040492957746478875 0.1637323943661972
0 0.5873679577464789 0.9210680751173709 0.09463028169014084 0.15786384976525822
0 0.660431338028169 0.9310446009389671 0.04181338028169014 0.13791079812206572
0 0.7533010563380281 0.9342723004694836 0.15096830985915494 0.13145539906103287
0 0.8598151408450704 0.9266431924882629 0.053257042253521125 0.13732394366197184
0 0.9430017605633803 0.9140258215962441 0.10431338028169014 0.16255868544600938
