0 0.29577464788732394 0.12323943661971831 0.41140150763737354 0.19652392051841566
0 0.4414612676056338 0.2546948356807512 0.5482211878223566 0.3243810476316427
0 0.3050176056338028 0.25704225352112675 0.3581403971806189 0.4206238014944125
0 0.6949823943661971 0.34624413145539906 0.7985497436644515 0.41294234499327737
0 0.8226232394366197 0.3573943661971831 0.9287752538558817 0.41000152912781856
0 0.18529929577464788 0.10856807511737089 0.28512970981700064 0.1877297135709405
0 0.5721830985915493 0.34330985915492956 0.6824066095516763 0.4123572125239701
0 0.3692781690140845 0.767018779342723 0.4602247895382861 0.9244325007163481
0 0.4392605633802817 0.33098591549295775 0.5517432832027376 0.42058040732658863
0 0.5629401408450704 0.25528169014084506 0.6727275791633605 0.3279018299940488
0 0.3930457746478873 0.5762910798122066 0.5011474270358064 0.6270092188498755
0 0.5492957746478874 0.11619718309859155 0.6542476691132713 0.19359378099583419
0 0.8274647887323944 0.28931924882629106 0.9309738271176354 0.3402057985628954
0 0.5171654929577465 0.4800469483568075 0.6194906842020432 0.5372769677533117
0 0.2975352112676056 0.05457746478873239 0.4078796059809562 0.12085998975071084
0 0.394806338028169 0.48532863849765256 0.5051079197455861 0.5425555583107408
0 0.4242957746478873 0.12265258215962441 0.5403062078456655 0.18420032125460117
0 0.5171654929577465 0.5492957746478874 0.6216913884273954 0.6252644977848311
0 0.6919014084507042 0.2992957746478873 0.7972306771969847 0.3431342160946902
0 0.19234154929577466 0.25234741784037557 0.24463365248710575 0.41769228437920164
0 0.690580985915493 0.07629107981220658 0.7985516809040866 0.1842275287090304
0 0.36047535211267606 0.2476525821596244 0.4179751428907955 0.4188687484846481
0 0.8327464788732394 0.5404929577464789 0.9239292489089467 0.6147062834755009
0 0.2548415492957746 0.2505868544600939 0.3000638901631621 0.42062758987414317
0 0.6941021126760564 0.7359154929577465 0.807352948013787 0.8851315049923957
0 0.8235035211267606 0.45598591549295775 0.9309755706333068 0.5237934354956028
0 0.06866197183098592 0.11678403755868545 0.1672233001884547 0.19359343659767683
0 0.06382042253521127 0.26173708920187794 0.12629233256050387 0.4176867740086843
0 0.17693661971830985 0.5434272300469484 0.24552071451596907 0.6305496319072494
0 0.176056338028169 0.03345070422535211 0.2816126512596707 0.09387708292005555
0 0.6963028169014085 0.4642018779342723 0.815274514605237 0.5314177219026207
0 0.0897887323943662 0.5316901408450704 0.1531294943959532 0.6334907921708656
0 0.055897887323943664 0.03169014084507042 0.16326765057776235 0.09681238841499704
0 0.1289612676056338 0.25234741784037557 0.1914045064843285 0.42180026559985895
0 0.6954225352112676 0.24471830985915494 0.7923875781095021 0.2850676535740263
0 0.6985035211267606 0.5428403755868545 0.8130728417600674 0.6193997415636228
0 0.47403169014084506 0.698943661971831 0.5653723452068041 0.7988855964425049
0 0.9238556338028169 0.698943661971831 0.9982729508654037 0.7971250330622232
0 0.804137323943662 0.08626760563380281 0.9063362071637573 0.18598223732063746
0 0.8204225352112676 0.7001173708920188 0.9028079126165443 0.7812792738433733
0 0.9427816901408451 0.5410798122065728 0.999 0.6059031221759351
0 0.24735915492957747 0.7599765258215962 0.34232070459730213 0.9238497790341422
0 0.8230633802816901 0.8104460093896714 0.9058877361882562 0.8903694565672596
0 0.13556338028169015 0.7723004694835681 0.23013399499107318 0.9162134386916176
0 0.9238556338028169 0.812206572769953 0.9969525283301924 0.8868472966122242
0 0.006161971830985915 0.25704225352112675 0.05589517518845467 0.42531863717516366
0 0.8076584507042254 0.23708920187793428 0.921739586949514 0.27979044060922653
0 0.9304577464788732 0.26936619718309857 0.999 0.41416117007207565
0 0.6267605633802817 0.4642018779342723 0.678861461019639 0.5560656092265643
0 0.6360035211267606 0.562793427230047 0.6854595054924618 0.6598809897727523
0 0.006161971830985915 0.5164319248826291 0.07570151321662369 0.6411288545041768
0 0.0013204225352112676 0.7030516431924883 0.11619660192670105 0.9250568945755913
0 0.5699823943661971 0.6860328638497653 0.6599603950729022 0.7660293234367079
0 0.5691021126760564 0.7588028169014085 0.6832882473095616 0.8604701861403161
