0 0.11223591549295775 0.21244131455399062 0.26755623419212454 0.4118471588529613
0 0.11223591549295775 0.4994131455399061 0.2922041215160682 0.6921951800789086
0 0.45686619718309857 0.2852112676056338 0.640643984948423 0.49337722343450374
0 0.6465669014084507 0.2634976525821596 0.8223386589342392 0.4904556938658555
0 0.2794894366197183 0.22476525821596244 0.4488206472550089 0.42181645231325354
0 0.6580105633802817 0.6015258215962441 0.8606258756323151 0.781923987193899
0 0.46830985915492956 0.6214788732394366 0.6591248636183297 0.76841462507439
0 0.2794894366197183 0.5029342723004695 0.45542275993106524 0.6939536770702461
0 0.7610035211267606 0.0035211267605633804 0.9054749104220392 0.16431718243734708
0 0.8177816901408451 0.27875586854460094 0.987756258058917 0.483991340452732
0 0.47403169014084506 0.8086854460093896 0.631833612812438 0.9543376259119664
0 0.11047535211267606 0.8098591549295775 0.30144785415840114 0.974876843218938
0 0.6373239436619719 0.7869718309859155 0.8025363891093037 0.9373315893010645
0 0.2988556338028169 0.8051643192488263 0.47125930649920655 0.9637293636624126
0 0.7992957746478874 0.772887323943662 0.9714791831977783 0.9285370379554321
0 0.09639084507042253 0.004107981220657277 0.2121054617759373 0.12323702583261698
0 0.2108274647887324 0.0005868544600938967 0.3234107273482444 0.11619683870043422
0 0.42869718309859156 0.0005868544600938967 0.705357087507439 0.23063345841874408
0 0.9128521126760564 0.00528169014084507 0.9934362446687166 0.17077154830390795
0 0.8331866197183099 0.49178403755868544 0.9494572241990678 0.6646174976305407
