0 0.8318661971830986 0.545774647887324 0.996112734948423 0.7121210242676718
0 0.23987676056338028 0.002347417840375587 0.3000704767779211 0.14729909189093873
0 0.18089788732394366 0.007042253521126761 0.23275488649325532 0.1455357733253984
0 0.8481514084507042 0.33392018779342725 0.9969858488519143 0.545578685335802
0 0.6117957746478874 0.6631455399061033 0.823674385662567 0.8417469803169565
0 0.4242957746478873 0.0005868544600938967 0.48528860221186276 0.14906068846569243
0 0.4876760563380282 0.0005868544600938967 0.5424790158202738 0.140257871564284
0 0.11355633802816902 0.002347417840375587 0.1702845262596707 0.15023336419140823
0 0.6161971830985915 0.41901408450704225 0.8395175188454671 0.6599653673212986
0 0.5470950704225352 0.002347417840375587 0.6137556799866098 0.14905965527122042
0 0.05457746478873239 0.007042253521126761 0.11485273879190637 0.15375173576671294
0 0.3683978873239437 0.0005868544600938967 0.42501390938057926 0.1549292330666314
0 0.30721830985915494 0.002347417840375587 0.366061963772069 0.14905965527122042
0 0.8283450704225352 0.7206572769953051 0.996114284740131 0.8886615861050496
0 0.6069542253521126 0.8362676056338029 0.8153138405698274 0.9654716739403557
0 0.8169014084507042 0.8884976525821596 0.9939186173378298 0.971896421565386
0 0.6175176056338029 0.002347417840375587 0.8025451066876612 0.14905965527122042
0 0.8076584507042254 0.00528169014084507 0.984239586949514 0.15023164220062157
0 0.38028169014084506 0.4096244131455399 0.6103079746082126 0.659970877691816
0 0.3930457746478873 0.6566901408450704 0.6129432016836938 0.8511404400581896
0 0.3939260563380282 0.8515258215962441 0.6045801381794287 0.9654627195882651
0 0.14964788732394366 0.4301643192488263 0.3859376549791708 0.7573766641318962
0 0.17033450704225353 0.7605633802816901 0.38680883164302715 0.9608212656219005
