0 0.47755281690140844 0.36561032863849763 0.5288391052742512 0.432297177037184
0 0.5400528169014085 0.36971830985915494 0.5895510330911525 0.43464218409045824
0 0.542693661971831 0.6625586854460094 0.6304829693389209 0.7742590618043158
0 0.18485915492957747 0.6437793427230047 0.26620384720293594 0.7713358102448808
0 0.27420774647887325 0.653755868544601 0.35903423954820474 0.7654614108752673
0 0.3710387323943662 0.6607981220657277 0.45494232450158706 0.7754338039189755
0 0.22799295774647887 0.3591549295774648 0.32296303126859754 0.4898127025061165
0 0.08714788732394366 0.6449530516431925 0.1733771356129736 0.7719219759086601
0 0.04225352112676056 0.2282863849765258 0.0924109799642928 0.2903589868632767
0 0.32702464788732394 0.3644366197183099 0.4157891616866693 0.4933307296832639
0 0.8331866197183099 0.6426056338028169 0.9252494777201945 0.7725102079613834
0 0.8578345070422535 0.18427230046948356 0.9010308826993652 0.2498918589785977
0 0.7636443661971831 0.6578638497652582 0.8240476917402301 0.7748486714496682
0 0.8714788732394366 0.40199530516431925 0.9296340321860741 0.49624296050166417
0 0.41505281690140844 0.2177230046948357 0.46988774083763146 0.2950600217108598
0 0.477112676056338 0.21830985915492956 0.5204766229418766 0.2968202406929842
0 0.7284330985915493 0.3814553990610329 0.7743272741643523 0.48334421631510505
0 0.3675176056338028 0.5598591549295775 0.44834176161723865 0.6387559512001586
0 0.0022007042253521128 0.6408450704225352 0.07526311588722476 0.7684032599351981
0 0.2323943661971831 0.15316901408450703 0.27806672783177944 0.21645940785558423
0 0.6368838028169014 0.6384976525821596 0.7158288363543939 0.741996186823602
0 0.1800176056338028 0.15492957746478872 0.223072175349633 0.21821893804139392
0 0.12015845070422536 0.36326291079812206 0.21429570490726046 0.4845286015781701
0 0.8235035211267606 0.545774647887324 0.910288950914997 0.6323088176949018
0 0.8080985915492958 0.24589201877934272 0.8508767171692125 0.2991514718199652
0 0.8591549295774648 0.2482394366197183 0.8988295973021226 0.3020843665278053
0 0.7513204225352113 0.24471830985915494 0.7976446653069827 0.3032601418369371
0 0.6536091549295775 0.3755868544600939 0.7030573903367388 0.43522559456897886
0 0.4515845070422535 0.0005868544600938967 0.5125653237204919 0.0839198433952699
0 0.3147007042253521 0.15434272300469484 0.3590164169435628 0.21704557351936346
0 0.36311619718309857 0.15023474178403756 0.4109317270258877 0.21939540214684033
0 0.7544014084507042 0.18838028169014084 0.7998440134645903 0.24284719467036964
0 0.5849471830985915 0.22065727699530516 0.6335453577539178 0.29916628094073044
0 0.3125 0.2282863849765258 0.35725682218309857 0.2903589868632767
0 0.6399647887323944 0.5393192488262911 0.7228697338077762 0.6340731694549141
0 0.8441901408450704 0.0005868544600938967 0.9076390008182901 0.08920153353611497
0 0.1210387323943662 0.5492957746478874 0.1975699653466574 0.6311330423857701
0 0.5303697183098591 0.21830985915492956 0.5767912105113072 0.2903648416319513
0 0.6329225352112676 0.2282863849765258 0.7224326925461219 0.2897721324031828
0 0.22315140845070422 0.011737089201877934 0.28335248617585795 0.07804475522934162
0 0.7944542253521126 0.392018779342723 0.8618862437388415 0.4927276885097754
0 0.3261443661971831 0.8720657276995305 0.397743774486709 0.999
0 0.5787852112676056 0.8732394366197183 0.6551149712978576 0.9989006810817959
0 0.04753521126760563 0.8832159624413145 0.09460935950208292 0.9912657183319007
0 0.16065140845070422 0.886150234741784 0.20283422033078755 0.9883297240406445
0 0.10079225352112677 0.8744131455399061 0.1535647921419361 0.9830549218629461
0 0.20290492957746478 0.8949530516431925 0.257393087619024 0.999
0 0.6914612676056338 0.0005868544600938967 0.7540970681040468 0.08685411569573938
0 0.7737676056338029 0.0017605633802816902 0.8381277431313231 0.09448253488064537
0 0.917693661971831 0.0029342723004694834 0.9868320010290617 0.09976353622517578
0 0.3657570422535211 0.03990610328638498 0.4421805646821067 0.07861507857788357
0 0.3648767605633803 0.0005868544600938967 0.4333781352286253 0.038145195507945956
0 0.1624119718309859 0.0017605633802816902 0.21999893839268003 0.08274544567876743
0 0.10299295774647887 0.0005868544600938967 0.15752509112775243 0.07922500771451872
0 0.04137323943661972 0.005868544600938967 0.0981331983981353 0.07922190813110275
0 0.0030809859154929575 0.0035211267605633804 0.04401272843929776 0.07863643126363816
0 0.00044014084507042255 0.22007042253521128 0.041373045712656216 0.28742953613700983
0 0.8072183098591549 0.18603286384976525 0.8543982313777029 0.24167486334281116
0 0.9080105633802817 0.18309859154929578 0.9551461221111883 0.24930569331481847
0 0.9088908450704225 0.25234741784037557 0.948543621987205 0.3032556646608918
0 0.3609154929577465 0.22359154929577466 0.4104925548006348 0.29270915988891094
0 0.2601232394366197 0.22241784037558684 0.30710381899672684 0.2927098486852256
0 0.20378521126760563 0.22007042253521128 0.25211101003025194 0.29153751735766714
0 0.5303697183098591 0.01995305164319249 0.5798721964268002 0.08508218717626573
0 0.414612676056338 0.1402582159624413 0.4632858218855386 0.2182275479953272
0 0.5858274647887324 0.1437793427230047 0.6383865196017655 0.21587806376600763
0 0.4198943661971831 0.3644366197183099 0.47252645494445544 0.42936359353302916
0 0.42077464788732394 0.4336854460093897 0.4725260674965285 0.49329009070069874
0 0.4766725352112676 0.43485915492957744 0.5292796335672486 0.4891814206837268
0 0.5409330985915493 0.43896713615023475 0.5926316315587186 0.4909395732769071
0 0.596830985915493 0.3720657276995305 0.6493851976294387 0.43346709757764107
0 0.5955105633802817 0.43603286384976525 0.6493857788013291 0.4944624220282572
0 0.6527288732394366 0.4413145539906103 0.7030577777846657 0.49739359474531064
0 0.9137323943661971 0.9055164319248826 0.9965168431362825 0.9847972321408891
0 0.5576584507042254 0.5352112676056338 0.6366383545551478 0.625272763340607
0 0.03433098591549296 0.8051643192488263 0.09197432615056536 0.8803960303290793
0 0.15757042253521128 0.8157276995305164 0.2125186749900813 0.888018939143468
0 0.5118838028169014 0.142018779342723 0.5812007553684785 0.21529224250038573
0 0.0840669014084507 0.3532863849765258 0.11792074520184487 0.4733842216050607
0 0.7275528169014085 0.6291079812206573 0.7593628728798849 0.7361331525931804
0 0.8926056338028169 0.8568075117370892 0.9639557193513192 0.9032530472348961
0 0.9621478873239436 0.6203051643192489 0.999 0.7402462997861976
0 0.9599471830985915 0.505868544600939 0.999 0.6200082931076286
0 0.2566021126760563 0.8550469483568075 0.2850983265349137 0.9502024372368798
0 0.00044014084507042255 0.8802816901408451 0.023327271064768895 0.999
