0 0.6558098591549296 0.43779342723004694 0.7968064217169213 0.6675834545614847
0 0.2772887323943662 0.44835680751173707 0.4206526017903194 0.6752063633758734
0 0.20158450704225353 0.07922535211267606 0.25475282372049196 0.3015966987370231
0 0.41813380281690143 0.06866197183098592 0.4654849763191827 0.2969080622231039
0 0.0801056338028169 0.45481220657276994 0.13728868590061497 0.6752025749961428
0 0.42297535211267606 0.45129107981220656 0.46812369042600677 0.6769652047653685
0 0.6117957746478874 0.05516431924882629 0.6647835405921444 0.29574227446053475
0 0.258362676056338 0.07629107981220658 0.4065764248784963 0.3033589841080914
0 0.1382042253521127 0.45598591549295775 0.2715060720839119 0.6769624495801099
0 0.00044014084507042255 0.4642018779342723 0.07086248233237454 0.6751970646256253
0 0.6109154929577465 0.4442488262910798 0.6577416745189447 0.6722745018625051
0 0.21214788732394366 0.7805164319248826 0.5144312729369173 0.9977813870704666
0 0.815580985915493 0.05927230046948357 0.8706797618900021 0.2939793002931517
0 0.8736795774647887 0.06103286384976526 0.999 0.3016073750799004
0 0.6685739436619719 0.046948356807511735 0.8108853107642332 0.29868136833520686
0 0.8411091549295775 0.4424882629107981 0.9947882442099781 0.6722755350569772
0 0.795774647887324 0.43896713615023475 0.8456004512993454 0.6675827657651701
0 0.8305457746478874 0.8327464788732394 0.9969935978104543 0.9983375900945579
0 0.46830985915492956 0.45011737089201875 0.6102692298155128 0.6752053301814014
0 0.028169014084507043 0.08392018779342723 0.19012844673675858 0.30452821585223394
0 0.46346830985915494 0.06396713615023474 0.6045495297931959 0.30043194416892594
0 0.5193661971830986 0.806924882629108 0.6687854902301131 0.999
0 0.6742957746478874 0.8022300469483568 0.8240870177048205 0.999
0 0.0035211267605633804 0.7235915492957746 0.20950549246181313 0.922697422799709
