0 0.6243397887323944 0.15023474178403756 0.1694542253521127 0.2535211267605634
0 0.1892605633802817 0.8697183098591549 0.2579225352112676 0.2605633802816901
0 0.1192781690140845 0.5237676056338029 0.14348591549295775 0.24354460093896713
0 0.8496919014084507 0.5498826291079812 0.14920774647887325 0.2323943661971831
0 0.10431338028169014 0.14642018779342722 0.05545774647887324 0.22711267605633803
0 0.7403169014084507 0.1487676056338028 0.05545774647887324 0.24119718309859156
0 0.495818661971831 0.14906103286384975 0.053257042253521125 0.2347417840375587
0 0.22007042253521128 0.5331572769953051 0.04665492957746479 0.22241784037558684
0 0.2110475352112676 0.1481807511737089 0.15536971830985916 0.22359154929577466
0 0.5869278169014085 0.5334507042253521 0.05237676056338028 0.23826291079812206
0 0.9766725352112676 0.14906103286384975 0.04665492957746479 0.25
0 0.8611355633802817 0.15082159624413147 0.17737676056338028 0.24061032863849766
0 0.03675176056338028 0.1487676056338028 0.07262323943661972 0.2318075117370892
0 0.31866197183098594 0.5363849765258216 0.1505281690140845 0.22887323943661972
0 0.4738116197183099 0.5401995305164319 0.15272887323943662 0.23650234741784038
0 0.023767605633802816 0.522887323943662 0.045774647887323945 0.23708920187793428
0 0.37764084507042256 0.14847417840375587 0.16901408450704225 0.22887323943661972
0 0.5398327464788732 0.8028169014084507 0.2733274647887324 0.20539906103286384
0 0.8474911971830986 0.886443661971831 0.29797535211267606 0.22711267605633803
0 0.6945422535211268 0.545774647887324 0.15404929577464788 0.23826291079812206
0 0.9524647887323944 0.5504694835680751 0.04841549295774648 0.2347417840375587
0 0.5226672535211268 0.9504107981220657 0.3173415492957746 0.09917840375586855
