0 0.6465669014084507 0.0733568075117371 0.7906485180891688 0.28458136337587336
0 0.8411091549295775 0.8034037558685446 0.999 0.9907257020212038
0 0.1637323943661972 0.034624413145539906 0.21427652623487403 0.286364657034539
0 0.11223591549295775 0.04401408450704225 0.15884144545973022 0.28459858328374
0 0.21566901408450703 0.38673708920187794 0.2780740893423924 0.6429655298772289
0 0.795774647887324 0.07629107981220658 0.9437518597500496 0.2834059324648989
0 0.26936619718309857 0.08215962441314555 0.31854341276532433 0.2845761974035134
0 0.05677816901408451 0.04401408450704225 0.10692923496082127 0.29105398234477287
0 0.1602112676056338 0.38380281690140844 0.21427807602658203 0.6412066884877339
0 0.22579225352112675 0.07276995305164319 0.26530554918418964 0.27988687209327956
0 0.6161971830985915 0.47476525821596244 0.6599400540567347 0.6523035415151315
0 0.4960387323943662 0.07805164319248827 0.6406267435156715 0.2863391715708964
0 0.670774647887324 0.4823943661971831 0.8117646238345566 0.6581676089400251
0 0.36619718309859156 0.09154929577464789 0.4923564272961714 0.28809181379355947
0 0.0013204225352112676 0.028169014084507043 0.05369660192670105 0.29047642663492695
0 0.3182218309859155 0.09624413145539906 0.3673775432081928 0.27693882386651675
0 0.008362676056338027 0.3926056338028169 0.15096462910384845 0.652351757257158
0 0.47183098591549294 0.45129107981220656 0.6067465532632415 0.6599464254226455
0 0.2887323943661972 0.45129107981220656 0.3334996776433247 0.6487961906808615
0 0.829225352112676 0.4841549295774648 0.9679448832076969 0.6611008480460226
0 0.9467429577464789 0.08274647887323944 0.9987030180643721 0.2863364163856378
0 0.2966549295774648 0.7617370892018779 0.6002215427246578 0.9238487458396702
0 0.00044014084507042255 0.8251173708920188 0.2517603696563182 0.9977552128105094
0 0.5955105633802817 0.8620892018779343 0.852290708378794 0.9959729523463158
0 0.3397887323943662 0.44835680751173707 0.4655194591846856 0.6523190394322114
0 0.2794894366197183 0.920774647887324 0.5887854359874033 0.999
