0 0.0035211267605633804 0.03169014084507042 0.14392450654632016 0.2769767076638233
0 0.15184859154929578 0.07805164319248827 0.19007401030301527 0.2751889368291124
0 0.19234154929577466 0.08098591549295775 0.3326618215011902 0.27870834159888913
0 0.3371478873239437 0.07629107981220658 0.4725628750495933 0.2722556977231149
0 0.47975352112676056 0.02523474178403756 0.527077573274152 0.27111195144261496
0 0.5352112676056338 0.01936619718309859 0.6670179527871454 0.27404966772465783
0 0.679137323943662 0.01936619718309859 0.821003900825729 0.26759426866362496
0 0.8411091549295775 0.034624413145539906 0.9054396526606824 0.2722801499922855
0 0.9150528169014085 0.03755868544600939 0.999 0.2863629350437523
0 0.9788732394366197 0.42370892018779344 0.999 0.6341410158919085
0 0.8930457746478874 0.42664319248826293 0.9714379199935529 0.6364867117414975
0 0.6487676056338029 0.3884976525821596 0.8615102255256893 0.65998327602548
0 0.4216549295774648 0.3884976525821596 0.6393390603302916 0.6611569849456678
0 0.43221830985915494 0.6660798122065728 0.6371337067298155 0.9068861033965924
0 0.647887323943662 0.6660798122065728 0.8487465284665741 0.9021912677158412
0 0.0977112676056338 0.4653755868544601 0.4251330496181313 0.6998442631532544
0 0.11355633802816902 0.7030516431924883 0.42512607555544535 0.9297517302563424
0 0.002640845070422535 0.38380281690140844 0.09638968272664153 0.5872160781590955
0 0.002640845070422535 0.6907276995305164 0.1113544714590359 0.9080453475941722
0 0.6443661971830986 0.9178403755868545 0.8421459655822258 0.9959402345213693
0 0.4335387323943662 0.914906103286385 0.6309711537269391 0.999
0 0.13204225352112675 0.931924882629108 0.421596812388415 0.997692532345875
0 0.008362676056338027 0.9102112676056338 0.12543646008976395 0.9977052750776961
