0 0.07702464788732394 0.22476525821596244 0.1416914504190637 0.42357701569353523
0 0.6157570422535211 0.596830985915493 0.7268416562314025 0.7737107799378431
0 0.3961267605633803 0.06572769953051644 0.46329395829200554 0.12848255416694218
0 0.3217429577464789 0.03755868544600939 0.3810203596136679 0.13671504771980866
0 0.2108274647887324 0.5751173708920188 0.34761847382711764 0.6721977010734201
0 0.1382042253521127 0.22124413145539906 0.19228071997123586 0.42240537316229143
0 0.08098591549295775 0.6068075117370892 0.1518129463400119 0.8247612631973373
0 0.1914612676056338 0.3268779342723005 0.29216925120263837 0.46870488384138953
0 0.25 0.04870892018779343 0.3079885563380282 0.13553479523463158
0 0.1694542253521127 0.06748826291079812 0.23584090923179926 0.15371626275650777
0 0.6632922535211268 0.01056338028169014 0.72197918474757 0.1114961482510084
0 0.19234154929577466 0.6784037558685446 0.3375033707969649 0.7707286362935043
0 0.018045774647887324 0.6044600938967136 0.07965755027524302 0.8136124060481826
0 0.4022887323943662 0.562793427230047 0.5337137813677842 0.651078172871344
0 0.8133802816901409 0.5428403755868545 0.9028110121999603 0.7021462204368621
0 0.30721830985915494 0.3573943661971831 0.3814668933495338 0.4604710126958937
0 0.7367957746478874 0.008215962441314555 0.8020524666484825 0.10562898124269876
0 0.47491197183098594 0.08685446009389672 0.5310409718433843 0.12201475677224537
0 0.8340669014084507 0.04225352112676056 0.9067631747793098 0.09739304370825895
0 0.3675176056338028 0.6613849765258216 0.4949966911947034 0.7783677318212877
0 0.8375880281690141 0.18720657276995306 0.9820257094946439 0.4400309820582336
0 0.7517605633802817 0.25528169014084506 0.833736020878794 0.4593572290550817
0 0.7288732394366197 0.5440140845070423 0.8064573621305297 0.7174037476029888
0 0.8111795774647887 0.8597417840375586 0.9749950794113271 0.9930400576384756
0 0.4612676056338028 0.8485915492957746 0.5341279632017457 0.9918728922832771
0 0.5435739436619719 0.8544600938967136 0.6172783565388811 0.9959774295223611
0 0.2517605633802817 0.846830985915493 0.3269138377802024 0.9625312024730543
0 0.3996478873239437 0.002347417840375587 0.4505283239932553 0.06103148625713593
0 0.4784330985915493 0.007042253521126761 0.5279584361361833 0.08391605501553925
0 0.5514964788732394 0.0733568075117371 0.6023100807751438 0.11967526008948841
0 0.8375880281690141 0.0005868544600938967 0.9089623292129537 0.039318904428133745
0 0.9256161971830986 0.03931924882629108 0.9899094999132118 0.0979816201591395
0 0.9339788732394366 0.002347417840375587 0.9947473684536797 0.03638359893319227
0 0.394806338028169 0.30927230046948356 0.494544539463896 0.4640203801053583
0 0.0035211267605633804 0.23826291079812206 0.05105478823646102 0.4282639302166678
0 0.6197183098591549 0.8761737089201878 0.8056251239833366 0.999
