0 0.4137323943661972 0.823650234741784 0.08450704225352113 0.18955399061032863
0 0.796875 0.7479460093896714 0.08846830985915492 0.2869718309859155
0 0.21720950704225353 0.4163732394366197 0.08230633802816902 0.18251173708920188
0 0.3144806338028169 0.4081572769953052 0.0840669014084507 0.18251173708920188
0 0.12037852112676056 0.4184272300469484 0.08142605633802817 0.1784037558685446
0 0.41879401408450706 0.3984741784037559 0.07790492957746478 0.16784037558685447
0 0.795774647887324 0.38761737089201875 0.07570422535211267 0.18485915492957747
0 0.6192781690140845 0.3993544600938967 0.045774647887323945 0.17546948356807512
0 0.9674295774647887 0.3617957746478873 0.058098591549295774 0.24471830985915494
0 0.6965228873239436 0.38497652582159625 0.06998239436619719 0.18192488262910797
0 0.5288292253521126 0.3970070422535211 0.08054577464788733 0.18251173708920188
0 0.700044014084507 0.5959507042253521 0.09022887323943662 0.05927230046948357
0 0.04995598591549296 0.8154342723004695 0.07878521126760564 0.17781690140845072
0 0.32284330985915494 0.5991784037558685 0.07878521126760564 0.0528169014084507
0 0.2286531690140845 0.6000586854460094 0.0761443661971831 0.04988262910798122
0 0.4308978873239437 0.19278169014084506 0.07922535211267606 0.06396713615023474
0 0.20950704225352113 0.16343896713615025 0.08626760563380281 0.06514084507042253
0 0.2735475352112676 0.03550469483568075 0.053257042253521125 0.06279342723004695
0 0.03169014084507042 0.043720657276995305 0.0625 0.08626760563380281
0 0.34507042253521125 0.03374413145539906 0.05457746478873239 0.06044600938967136
0 0.1073943661971831 0.04078638497652582 0.05457746478873239 0.08039906103286384
0 0.10387323943661972 0.16696009389671362 0.07306338028169014 0.08392018779342723
0 0.21985035211267606 0.255575117370892 0.08230633802816902 0.06279342723004695
0 0.9271566901408451 0.7373826291079812 0.11223591549295775 0.2717136150234742
0 0.8904049295774648 0.3626760563380282 0.08714788732394366 0.2546948356807512
0 0.7834507042253521 0.22417840375586853 0.06866197183098592 0.06807511737089202
0 0.31866197183098594 0.8257042253521126 0.07658450704225352 0.18427230046948356
0 0.22755281690140844 0.8265845070422535 0.08274647887323944 0.15316901408450703
0 0.5149647887323944 0.8213028169014085 0.0818661971830986 0.17077464788732394
0 0.13776408450704225 0.8192488262910798 0.06602112676056338 0.1643192488262911
0 0.6005721830985915 0.8265845070422535 0.08054577464788733 0.17546948356807512
0 0.6943221830985915 0.8113262910798122 0.0743838028169014 0.1965962441314554
0 0.19080105633802816 0.04078638497652582 0.06382042253521127 0.07453051643192488
0 0.4137323943661972 0.03374413145539906 0.058098591549295774 0.056924882629107984
0 0.5702024647887324 0.029049295774647887 0.06470070422535211 0.051056338028169015
0 0.6875 0.238556338028169 0.07306338028169014 0.06514084507042253
0 0.6001320422535211 0.2476525821596244 0.0743838028169014 0.05516431924882629
0 0.5985915492957746 0.1789906103286385 0.06602112676056338 0.05985915492957746
0 0.5143045774647887 0.19219483568075119 0.07174295774647887 0.061619718309859156
0 0.5202464788732394 0.25528169014084506 0.06954225352112677 0.05868544600938967
0 0.4397007042253521 0.25938967136150237 0.07042253521126761 0.057511737089201875
0 0.3455105633802817 0.19131455399061034 0.06954225352112677 0.05985915492957746
0 0.30875880281690143 0.2438380281690141 0.08934859154929578 0.08157276995305164
0 0.11553697183098592 0.2585093896713615 0.08230633802816902 0.07687793427230047
0 0.03433098591549296 0.2585093896713615 0.06602112676056338 0.0710093896713615
0 0.03102992957746479 0.4096244131455399 0.05677816901408451 0.2007042253521127
0 0.6963028169014085 0.6693075117370892 0.09242957746478873 0.07687793427230047
0 0.043133802816901406 0.6854460093896714 0.08098591549295775 0.07276995305164319
0 0.14106514084507044 0.5959507042253521 0.08934859154929578 0.06279342723004695
0 0.3140404929577465 0.6792840375586855 0.09022887323943662 0.08509389671361503
0 0.22161091549295775 0.6731220657276995 0.07174295774647887 0.07863849765258216
0 0.13798415492957747 0.6693075117370892 0.0761443661971831 0.07687793427230047
0 0.40911091549295775 0.6678403755868545 0.08582746478873239 0.09272300469483569
0 0.5024207746478874 0.6693075117370892 0.08670774647887323 0.09213615023474178
0 0.5983714788732394 0.6731220657276995 0.08934859154929578 0.0880281690140845
0 0.5961707746478874 0.5921361502347418 0.08934859154929578 0.07746478873239436
