0 0.11003521126760564 0.21948356807511737 0.17160649858658997 0.3913031199717869
0 0.4766725352112676 0.14730046948356806 0.5548078025813331 0.36669759362119514
0 0.6474471830985915 0.142018779342723 0.7237467221905376 0.3508556227820759
0 0.5686619718309859 0.1437793427230047 0.6348729480757785 0.3573099886486368
0 0.5867077464788732 0.5046948356807511 0.6590727518721484 0.7092108598382155
0 0.903169014084507 0.4964788732394366 0.9674721967367585 0.6716569959664087
0 0.2539612676056338 0.5258215962441315 0.32383188324489187 0.6734003394388238
0 0.3683978873239437 0.1255868544600939 0.4558237685355088 0.3438230124093544
0 0.04401408450704225 0.2318075117370892 0.0963714726740726 0.3936433054508585
0 0.34286971830985913 0.5334507042253521 0.4069793707225749 0.7074334209482246
0 0.41725352112676056 0.5410798122065728 0.4971755046121802 0.7050815259318036
0 0.26452464788732394 0.13615023474178403 0.3440737127430073 0.35320648460402476
0 0.18397887323943662 0.21244131455399062 0.2512394459184686 0.38485185368864205
0 0.7367957746478874 0.4982394366197183 0.804693311718905 0.6998249768564438
0 0.733274647887324 0.13438967136150234 0.813057537566951 0.34675211873746387
0 0.17297535211267606 0.528755868544601 0.2327583735245983 0.6751591808283189
0 0.5088028169014085 0.5134976525821596 0.57812112552073 0.7074451304855739
0 0.12279929577464789 0.5258215962441315 0.16323820453531046 0.6657712314576032
0 0.6571302816901409 0.49471830985915494 0.735626263080242 0.7062824423064207
0 0.8314260563380281 0.09565727699530517 0.9252502526160484 0.33855888657453326
0 0.005721830985915493 0.5334507042253521 0.06601860834903789 0.676916989023342
0 0.8102992957746479 0.48826291079812206 0.8900482837606626 0.6769435076814565
0 0.940580985915493 0.0897887323943662 0.999 0.33386749487535544
0 0.2557218309859155 0.8456572769953051 0.31634871398284076 0.9871797785933126
0 0.545774647887324 0.852112676056338 0.6212386555246975 0.999
0 0.46919014084507044 0.846830985915493 0.5424871522267407 0.9860053808768102
0 0.40184859154929575 0.8438967136150235 0.461090735655128 0.9901150840882541
0 0.18794014084507044 0.8345070422535211 0.24683629395209283 0.9731018151160484
0 0.8019366197183099 0.812206572769953 0.8706857673328704 0.9918942449690317
0 0.33274647887323944 0.8450704225352113 0.395100023556834 0.9901143952919395
0 0.886443661971831 0.8210093896713615 0.9516344878248363 0.9918890789966717
0 0.0801056338028169 0.8192488262910798 0.134207699985122 0.9572656990456038
0 0.7275528169014085 0.8092723004694836 0.7972149855559413 0.9918959669598184
0 0.020246478873239437 0.8116197183098591 0.07129390559908748 0.9537490494610857
0 0.1368838028169014 0.8163145539906104 0.18567918846707002 0.9590279844166721
0 0.6421654929577465 0.8515258215962441 0.7145060891316207 0.999
0 0.00044014084507042255 0.2136150234741784 0.040932904867585794 0.4053910709956137
