0 0.5996919014084507 0.1619718309859155 0.207306338028169 0.2640845070422535
0 0.6852992957746479 0.7279929577464789 0.3926056338028169 0.2658450704225352
0 0.7392165492957746 0.1643192488262911 0.055897887323943664 0.24061032863849766
0 0.4623679577464789 0.1596244131455399 0.05237676056338028 0.2476525821596244
0 0.4055897887323944 0.1619718309859155 0.050616197183098594 0.25821596244131456
0 0.030369718309859156 0.16607981220657278 0.05985915492957746 0.25938967136150237
0 0.0977112676056338 0.7197769953051644 0.19454225352112675 0.2764084507042254
0 0.29599471830985913 0.1643192488262911 0.16329225352112675 0.25938967136150237
0 0.1368838028169014 0.16519953051643194 0.15316901408450703 0.26115023474178406
0 0.858274647887324 0.16960093896713616 0.16637323943661972 0.2546948356807512
0 0.976012323943662 0.1613849765258216 0.061179577464788734 0.25938967136150237
0 0.6813380281690141 0.9295774647887324 0.3846830985915493 0.14084507042253522
0 0.323943661971831 0.8571009389671361 0.31161971830985913 0.2764084507042254
0 0.0900088028169014 0.9272300469483568 0.17913732394366197 0.13849765258215962
0 0.9394806338028169 0.7406103286384976 0.11575704225352113 0.2934272300469484
0 0.9368397887323944 0.943368544600939 0.12632042253521128 0.10974178403755869
