0 0.035431338028169015 0.2482394366197183 0.0682218309859155 0.23943661971830985
0 0.15713028169014084 0.25234741784037557 0.15845070422535212 0.24413145539906103
0 0.2834507042253521 0.25146713615023475 0.04753521126760563 0.232981220657277
0 0.3846830985915493 0.25322769953051644 0.14348591549295775 0.2517605633802817
0 0.488556338028169 0.2546948356807512 0.05457746478873239 0.2546948356807512
0 0.5961707746478874 0.2538145539906103 0.14920774647887325 0.2529342723004695
0 0.7570422535211268 0.25528169014084506 0.15404929577464788 0.25938967136150237
0 0.8747799295774648 0.2761150234741784 0.05765845070422535 0.2177230046948357
0 0.9557658450704225 0.2831572769953052 0.08318661971830986 0.21889671361502347
0 0.04709507042253521 0.6508215962441315 0.08714788732394366 0.2535211267605634
0 0.12940140845070422 0.664612676056338 0.03609154929577465 0.18251173708920188
0 0.21985035211267606 0.6654929577464789 0.13776408450704225 0.18427230046948356
0 0.36619718309859156 0.67018779342723 0.13908450704225353 0.18661971830985916
0 0.46985035211267606 0.6622652582159625 0.04973591549295775 0.23650234741784038
0 0.5728433098591549 0.6561032863849765 0.13776408450704225 0.2335680751173709
0 0.7273327464788732 0.6660798122065728 0.14920774647887325 0.25586854460093894
0 0.8650968309859155 0.6766431924882629 0.05149647887323944 0.2476525821596244
0 0.9496038732394366 0.6772300469483568 0.10079225352112677 0.24647887323943662
0 0.18683978873239437 0.9295774647887324 0.3543133802816901 0.1255868544600939
0 0.49141725352112675 0.9187206572769953 0.2363556338028169 0.14964788732394366
0 0.7396566901408451 0.92018779342723 0.258362676056338 0.15258215962441316
