0 0.6148767605633803 0.568075117370892 0.6788666915666534 0.735582115541449
0 0.7724471830985915 0.5669014084507042 0.8469311412046221 0.727953696356543
0 0.7764084507042254 0.840962441314554 0.8460491159988098 0.9631215009147215
0 0.866637323943662 0.823943661971831 0.9930164448398137 0.992474211465979
0 0.2962147887323944 0.323943661971831 0.3625456801105931 0.4557958077101104
0 0.897887323943662 0.051056338028169015 0.9802386059313629 0.20654280731336375
0 0.5088028169014085 0.31866197183098594 0.5851633790418568 0.4528646349930569
0 0.7662852112676056 0.28169014084507044 0.8403317406640548 0.44114924287509094
0 0.8613556338028169 0.26467136150234744 0.9217159526259671 0.4282484322995878
0 0.44014084507042256 0.33098591549295775 0.5103696563181909 0.4604865106129736
0 0.6685739436619719 0.2981220657276995 0.7290191135811347 0.43116307390508934
0 0.5950704225352113 0.31279342723004694 0.6608296344971236 0.45052066113425465
0 0.5017605633802817 0.06690140845070422 0.5688812673576672 0.21064148978377306
0 0.36971830985915494 0.33098591549295775 0.44261896201150563 0.4645944918336309
0 0.43441901408450706 0.0715962441314554 0.4949672451522515 0.22296267826048624
0 0.8318661971830986 0.10915492957746478 0.8851972419906765 0.19301105931362825
0 0.5748239436619719 0.05927230046948357 0.6414723486163459 0.201256295598316
0 0.05897887323943662 0.5921361502347418 0.09900573112973617 0.7279388872357778
0 0.6817781690140845 0.5645539906103286 0.7514604849608213 0.6962649331041019
0 0.014084507042253521 0.5892018779342723 0.0580923923824638 0.7343960082875972
0 0.6474471830985915 0.035211267605633804 0.6977784123313826 0.11500281028896384
0 0.3591549295774648 0.08274647887323944 0.4280989634993057 0.2305852426767176
0 0.4779929577464789 0.6613849765258216 0.5178353904235271 0.7261376848729308
0 0.7680457746478874 0.11384976525821597 0.830207726331581 0.19652943088893296
0 0.7125880281690141 0.11737089201877934 0.759369459494644 0.1982879278802707
0 0.5299295774647887 0.6226525821596244 0.592636474657806 0.741418631113756
0 0.9313380281690141 0.25880281690140844 0.9855055730509819 0.4329467119619123
0 0.2830105633802817 0.09507042253521127 0.3506676890125967 0.234099137075977
0 0.4339788732394366 0.5604460093896714 0.47031955155227134 0.6364081889616259
0 0.03169014084507042 0.32511737089201875 0.09769731948026186 0.4851378419184906
0 0.12764084507042253 0.3274647887323944 0.1949262144167824 0.475159938504265
0 0.8886443661971831 0.5422535211267606 0.9982884487824836 0.7414658136613106
0 0.2711267605633803 0.670774647887324 0.31017996181313234 0.746085226145606
0 0.22535211267605634 0.5927230046948356 0.2604641936123785 0.6698399512883246
0 0.2689260563380282 0.8051643192488263 0.37004008536252725 0.9496448566201591
0 0.38688380281690143 0.8996478873239436 0.5134740828332671 0.9660213333994578
0 0.6351232394366197 0.8832159624413145 0.684579611250248 0.9701389577685204
0 0.6980633802816901 0.8667840375586855 0.7479321904136085 0.9660406196962683
0 0.40580985915492956 0.8374413145539906 0.5081840625619917 0.8850719241111772
0 0.1954225352112676 0.8092723004694836 0.2639984936024598 0.9666612251757808
0 0.565580985915493 0.8163145539906104 0.6313531773829598 0.9021031017875641
0 0.023327464788732395 0.08685446009389672 0.11002494389754017 0.2587518459741233
0 0.1113556338028169 0.06690140845070422 0.19713408642878397 0.26169782781194206
0 0.20422535211267606 0.1273474178403756 0.263114337433049 0.24464357545901386
0 0.6487676056338029 0.12265258215962441 0.7008588170749851 0.19828482829685468
0 0.7033450704225352 0.034624413145539906 0.7598136685429479 0.10267921102514933
0 0.7680457746478874 0.02523474178403756 0.8244858953456655 0.0932950500341643
0 0.8296654929577465 0.017605633802816902 0.8834376472302122 0.0962337995106791
0 0.8956866197183099 0.00528169014084507 0.959993095677941 0.20128798022879058
0 0.4810739436619718 0.5580985915492958 0.5187143160459234 0.6411044022350063
0 0.43705985915492956 0.6525821596244131 0.47383932224509023 0.7402273578875443
0 0.3683978873239437 0.6490610328638498 0.39860545867635394 0.7384688608962067
0 0.3904049295774648 0.5563380281690141 0.4206028147317001 0.6305420551477882
0 0.3336267605633803 0.5721830985915493 0.38101512906665347 0.6440304089796999
0 0.320862676056338 0.670774647887324 0.36033412734328507 0.7431509538451365
0 0.27244718309859156 0.5780516431924883 0.31502092993701647 0.6628063077211311
0 0.22843309859154928 0.6754694835680751 0.2595825558544932 0.7413876352795962
0 0.18882042253521128 0.6737089201877934 0.2226281600252926 0.7431492318543498
0 0.14040492957746478 0.6660798122065728 0.177314962619024 0.738458873349644
0 0.15184859154929578 0.5892018779342723 0.1865528835424519 0.6551706561749212
0 0.18882042253521128 0.5874413145539906 0.21910703326472922 0.6581059616698626
0 0.11487676056338028 0.5874413145539906 0.14255507184834357 0.6628007973506138
0 0.09419014084507042 0.6754694835680751 0.1298000923675858 0.7355190906786572
0 0.002640845070422535 0.812793427230047 0.05809742920551478 0.9713539944675881
0 0.06382042253521127 0.8004694835680751 0.19583458608163062 0.9713612268288919
0 0.5607394366197183 0.9055164319248826 0.6221123506000793 0.9918394856620159
0 0.5237676056338029 0.8438967136150235 0.5640300318637175 0.9578380887830897
0 0.639524647887324 0.806924882629108 0.6832572514754017 0.8727658891533867
0 0.6985035211267606 0.8004694835680751 0.7620165037318984 0.8586851704908638
