0 0.00044014084507042255 0.9072769953051644 0.06602093303659988 0.9977069970684829
0 0.672975352112676 0.11208920187793427 0.7875559087358659 0.3174224828627477
0 0.795774647887324 0.1056338028169014 0.896216648482444 0.31273143556172717
0 0.17077464788732394 0.14847417840375587 0.27325229989089467 0.3203354024774626
0 0.4907570422535211 0.13497652582159625 0.5636044203159095 0.310366797813485
0 0.38028169014084506 0.13321596244131456 0.4791460027772267 0.3185837934492715
0 0.27816901408450706 0.1443661971830986 0.37047615800436423 0.3250326489453151
0 0.06602112676056338 0.14553990610328638 0.11044629351815116 0.3262056690691882
0 0.12147887323943662 0.6960093896713615 0.16808033500297562 0.7936056282924463
0 0.11487676056338028 0.1414319248826291 0.162801550721583 0.3262080798562895
0 0.7165492957746479 0.4125586854460094 0.7699310962606626 0.5291006111000903
0 0.565580985915493 0.11619718309859155 0.6648038816083118 0.3127252363948952
0 0.4392605633802817 0.43603286384976525 0.49936652263935727 0.5437581966761446
0 0.3173415492957746 0.4471830985915493 0.35989553628992266 0.5367093995900285
0 0.21875 0.6965962441314554 0.2591466769366197 0.7912578660539136
0 0.26672535211267606 0.7012910798122066 0.3088614765175561 0.7941893831691244
0 0.17693661971830985 0.693075117370892 0.2151509962061099 0.7894993690625758
0 0.5484154929577465 0.4307511737089202 0.595709324166832 0.5326110615177765
0 0.386443661971831 0.443075117370892 0.4272066709234279 0.5419935005179748
0 0.5704225352112676 0.715962441314554 0.6287102013489387 0.7994624633560361
0 0.07042253521126761 0.693075117370892 0.11924717317992461 0.7977153315038903
0 0.6452464788732394 0.7188967136150235 0.6933779725004959 0.8000475958253432
0 0.6056338028169014 0.43427230046948356 0.6471806189248165 0.5273273049879874
0 0.707306338028169 0.721830985915493 0.7514492489709382 0.8076749818157773
0 0.5057218309859155 0.7241784037558685 0.5587562844053758 0.8100210220635236
0 0.4467429577464789 0.7183098591549296 0.4927611166559215 0.8000479402235007
0 0.3886443661971831 0.7183098591549296 0.43380781497966675 0.8041559214441579
0 0.6923415492957746 0.6126760563380281 0.7316494975575283 0.6974104013753886
0 0.1289612676056338 0.5980046948356808 0.1698376050758778 0.6821607953668805
0 0.07658450704225352 0.6015258215962441 0.11924446104443563 0.702111780621129
0 0.0048415492957746475 0.6044600938967136 0.06733941833217616 0.7977673356256475
0 0.22139084507042253 0.4442488262910798 0.26266664135340206 0.53142943143997
0 0.8446302816901409 0.7065727699530516 0.887392328221087 0.7853834666842998
0 0.5008802816901409 0.4301643192488263 0.5512760210027773 0.5314376969957461
0 0.9084507042253521 0.70481220657277 0.9613079002182107 0.7871450632590535
0 0.9524647887323944 0.38438967136150237 0.999 0.5349856868125813
0 0.5704225352112676 0.6185446009389671 0.6234285112080936 0.6938858306332517
0 0.460387323943662 0.6156103286384976 0.5028783506496727 0.6956481160043202
0 0.6390845070422535 0.6185446009389671 0.6775356142134497 0.6974069573938151
0 0.6668133802816901 0.4336854460093897 0.702171296927693 0.5255670860058631
0 0.0048415492957746475 0.4113849765258216 0.04533237607865503 0.5437726613987525
0 0.514524647887324 0.6261737089201878 0.5591925507711764 0.7009236069783333
0 0.1624119718309859 0.45129107981220656 0.20459400881521525 0.5267304629813309
0 0.7684859154929577 0.7165492957746479 0.8266864058470542 0.7765747950142167
0 0.3380281690140845 0.7118544600938967 0.3796927692918072 0.7947700384623861
0 0.7742077464788732 0.4184272300469484 0.8222824789848244 0.5337920027992682
0 0.8433098591549296 0.40199530516431925 0.9120407967169213 0.5338016459476735
0 0.9036091549295775 0.0698356807511737 0.9925600311818091 0.30805760816857325
0 0.37455985915492956 0.8955399061032864 0.4258914789352311 0.9971270305715356
0 0.7345950704225352 0.909037558685446 0.7870886465359056 0.999
0 0.5545774647887324 0.903755868544601 0.5943861894961318 0.9930142277766757
0 0.670774647887324 0.9172535211267606 0.7228561731303312 0.999
0 0.6073943661971831 0.9055164319248826 0.6524615341698076 0.991252631201922
0 0.7935739436619719 0.9043427230046949 0.8434007156938107 0.999
0 0.3257042253521127 0.9072769953051644 0.36517354567546123 0.999
0 0.4903169014084507 0.8996478873239436 0.5349954591102956 0.9853875305825563
0 0.43221830985915494 0.8949530516431925 0.4738414532086888 0.9865639946880028
0 0.8820422535211268 0.9172535211267606 0.9379920588672883 0.999
0 0.9423415492957746 0.9096244131455399 0.9819796031913312 0.9971187650157596
0 0.24471830985915494 0.9160798122065728 0.29962820496925213 0.9965281221759351
0 0.18529929577464788 0.9213615023474179 0.22879168164798652 0.9982855859728007
0 0.06998239436619719 0.9096244131455399 0.11264525422783178 0.9812736945932244
0 0.39744718309859156 0.6150234741784038 0.4505292926130728 0.7109066763649188
0 0.7473591549295775 0.6026995305164319 0.9556569722029359 0.6968294016839692
0 0.12191901408450705 0.9131455399061033 0.17292169057478676 0.9947692807864401
