0 0.679137323943662 0.2505868544600939 0.7849123515299544 0.3472707823624061
0 0.1694542253521127 0.6338028169014085 0.23408034585151757 0.8065529326191894
0 0.30369718309859156 0.19072769953051644 0.38014802060603053 0.32735285933126146
0 0.6232394366197183 0.7341549295774648 0.7343207572902202 0.8064940405342855
0 0.6047535211267606 0.6343896713615024 0.7215648091896449 0.7120690201459146
0 0.48547535211267606 0.6285211267605634 0.5939764633133306 0.7015090838457978
0 0.2249119718309859 0.49765258215962443 0.3326474859278913 0.5842149926161035
0 0.0488556338028169 0.6402582159624414 0.09768976424568539 0.7971594728779563
0 0.2381161971830986 0.6355633802816901 0.28730716716673277 0.8065518994247174
0 0.40316901408450706 0.6367370892018779 0.4597697319480262 0.8112460463091538
0 0.47491197183098594 0.4964788732394366 0.5909001267729617 0.579520845731667
0 0.11619718309859155 0.5052816901408451 0.22001927940884747 0.5900790600409972
0 0.5941901408450704 0.4964788732394366 0.7066046698323746 0.5724785922105402
0 0.741637323943662 0.6678403755868545 0.8561876596285459 0.7185047885119795
0 0.7381161971830986 0.45481220657276994 0.8522279418146201 0.5642870820383963
0 0.8595950704225352 0.45011737089201875 0.9740934880852014 0.5672241095241244
0 0.3371478873239437 0.44072769953051644 0.4619994947679032 0.5161732818664727
0 0.4762323943661972 0.721830985915493 0.5931002498264233 0.8076749818157773
0 0.5563380281690141 0.11795774647887323 0.6590861188256298 0.2258697431065265
0 0.5470950704225352 0.24589201877934272 0.6626113137894267 0.3431655563270074
0 0.2249119718309859 0.40199530516431925 0.33132706339268 0.4839190168396923
0 0.29313380281690143 0.647887323943662 0.3427406981501686 0.8124132116643523
0 0.3371478873239437 0.5134976525821596 0.4562776637819877 0.5795108581851044
0 0.6742957746478874 0.1426056338028169 0.7805130740428486 0.24463462110692322
0 0.008802816901408451 0.25528169014084506 0.062496125520730014 0.35959197083911926
0 0.06866197183098592 0.2546948356807512 0.12761062413211666 0.35900546077718265
0 0.804137323943662 0.22359154929577466 0.9204207142060108 0.31559648383257294
0 0.5580985915492958 0.017018779342723004 0.6661275974509027 0.11207921433137165
0 0.6786971830985915 0.0539906103286385 0.7774301508877207 0.13905282241177896
0 0.19806338028169015 0.18896713615023475 0.2908459228079746 0.3144430944036677
0 0.13204225352112675 0.24882629107981222 0.1680756856278516 0.3572483413784743
0 0.8745598591549296 0.6602112676056338 0.990372112738048 0.723204101368776
0 0.7473591549295775 0.7282863849765259 0.8588259862874429 0.8023895032952015
0 0.5677816901408451 0.9571596244131455 0.6705247439744098 0.999
0 0.7552816901408451 0.9424882629107981 0.8808295415096211 0.9953389153386674
0 0.5633802816901409 0.8714788732394366 0.6705266812140448 0.9437373950274416
0 0.44938380281690143 0.8773474178403756 0.5499782641712954 0.9366916975247416
0 0.7588028169014085 0.8562206572769953 0.886989963548899 0.9320092601776544
0 0.06029929577464789 0.8884976525821596 0.11529036122545129 0.9936100365888603
0 0.4471830985915493 0.95481220657277 0.5446975426502678 0.999
0 0.10211267605633803 0.6402582159624414 0.16368745040666535 0.8030280174788953
0 0.8899647887323944 0.8509389671361502 0.999 0.9173409982587228
0 0.8723591549295775 0.7312206572769953 0.9947744898085696 0.7918244010227248
0 0.8921654929577465 0.9348591549295775 0.9969664764555644 0.9959302469748066
0 0.3930457746478873 0.062206572769953054 0.46461573689496133 0.18717006656527582
0 0.39524647887323944 0.20892018779342722 0.4610936415145804 0.3478820890916705
0 0.46566901408450706 0.17370892018779344 0.537647152722674 0.35083702528157995
0 0.9141725352112676 0.15669014084507044 0.999 0.24990804569199235
0 0.9326584507042254 0.25880281690140844 0.999 0.34550539740792174
0 0.009683098591549295 0.43309859154929575 0.0779006676502678 0.5085486510612973
0 0.007042253521126761 0.5146713615023474 0.09418704126165443 0.5765758970883202
0 0.10915492957746478 0.40082159624413144 0.21430054800634796 0.49154881361722763
0 0.3362676056338028 0.39436619718309857 0.4597991779904781 0.4481253719500099
0 0.008362676056338027 0.6431924882629108 0.04533082628694703 0.8047868588683903
0 0.34639084507042256 0.6443661971830986 0.39729472233931756 0.8124152780532964
0 0.7345950704225352 0.6232394366197183 0.8557506183668915 0.6627797890630166
0 0.8688380281690141 0.6197183098591549 0.9877337860791509 0.6580870197712094
0 0.6764964788732394 0.8620892018779343 0.7391388659864114 0.999
0 0.20862676056338028 0.9025821596244131 0.28776028751735766 0.999
0 0.12059859154929578 0.9131455399061033 0.1936088914649871 0.9947692807864401
