0 0.676056338028169 0.5786384976525821 0.07834507042253522 0.1431924882629108
0 0.14502640845070422 0.25029342723004694 0.05413732394366197 0.15082159624413147
0 0.5682218309859155 0.23210093896713616 0.0801056338028169 0.1789906103286385
0 0.15536971830985916 0.5897887323943662 0.06954225352112677 0.16549295774647887
0 0.2268926056338028 0.2511737089201878 0.05677816901408451 0.18192488262910797
0 0.47909330985915494 0.23210093896713616 0.08054577464788733 0.1789906103286385
0 0.39502640845070425 0.24061032863849766 0.07878521126760564 0.18661971830985916
0 0.8056778169014085 0.5883215962441315 0.07086267605633803 0.16842723004694835
0 0.3065580985915493 0.24530516431924881 0.0682218309859155 0.15492957746478872
0 0.8934859154929577 0.5938967136150235 0.07570422535211267 0.15258215962441316
0 0.6571302816901409 0.23591549295774647 0.0818661971830986 0.1807511737089202
0 0.23789612676056338 0.5871478873239436 0.07966549295774648 0.16607981220657278
0 0.5598591549295775 0.5704225352112676 0.0528169014084507 0.14906103286384975
0 0.06205985915492958 0.2567488262910798 0.06778169014084508 0.15786384976525822
0 0.4753521126760563 0.5633802816901409 0.05985915492957746 0.1255868544600939
0 0.3492517605633803 0.5698356807511737 0.061179577464788734 0.1443661971830986
0 0.7464788732394366 0.18955399061032863 0.09419014084507042 0.2711267605633803
0 0.858274647887324 0.19248826291079812 0.09330985915492958 0.26173708920187794
0 0.06712147887323944 0.5933098591549296 0.08318661971830986 0.16901408450704225
0 0.0664612676056338 0.0971244131455399 0.08450704225352113 0.0733568075117371
0 0.960387323943662 0.21449530516431925 0.0721830985915493 0.198943661971831
0 0.9705105633802817 0.5759976525821596 0.04665492957746479 0.16842723004694835
0 0.21919014084507044 0.9154929577464789 0.05017605633802817 0.15140845070422534
0 0.13776408450704225 0.9151995305164319 0.06602112676056338 0.13321596244131456
0 0.5409330985915493 0.9046361502347418 0.05985915492957746 0.13086854460093897
0 0.6197183098591549 0.903169014084507 0.06426056338028169 0.15845070422535212
0 0.8609154929577465 0.9078638497652582 0.05369718309859155 0.142018779342723
0 0.924955985915493 0.9069835680751174 0.06029929577464789 0.14964788732394366
0 0.695862676056338 0.9113849765258216 0.056338028169014086 0.15845070422535212
0 0.4579665492957746 0.8952464788732394 0.05941901408450704 0.14847417840375587
0 0.3017165492957746 0.9049295774647887 0.06910211267605634 0.15140845070422534
0 0.3805017605633803 0.9058098591549296 0.061179577464788734 0.12852112676056338
0 0.06183978873239437 0.9107981220657277 0.0682218309859155 0.16784037558685447
0 0.7702464788732394 0.9107981220657277 0.06602112676056338 0.13615023474178403
0 0.9821742957746479 0.9078638497652582 0.035651408450704226 0.14553990610328638
0 0.1542693661971831 0.04636150234741784 0.08142605633802817 0.07276995305164319
0 0.15492957746478872 0.12411971830985916 0.06602112676056338 0.06514084507042253
0 0.23591549295774647 0.043720657276995305 0.07306338028169014 0.0710093896713615
0 0.22777288732394366 0.11091549295774648 0.06382042253521127 0.0539906103286385
0 0.305237676056338 0.10093896713615023 0.08230633802816902 0.06807511737089202
0 0.3182218309859155 0.035211267605633804 0.0801056338028169 0.06924882629107981
0 0.3963468309859155 0.10856807511737089 0.0743838028169014 0.05868544600938967
0 0.5625 0.09565727699530517 0.0801056338028169 0.06338028169014084
0 0.6544894366197183 0.10005868544600939 0.0880281690140845 0.06631455399061033
0 0.6522887323943662 0.03227699530516432 0.07394366197183098 0.05985915492957746
0 0.5638204225352113 0.02992957746478873 0.0801056338028169 0.05516431924882629
