0 0.6197183098591549 0.007042253521126761 0.7668927296171395 0.19072356675262844
0 0.7808098591549296 0.0035211267605633804 0.926592953407062 0.19189934206176024
0 0.4194542253521127 0.002347417840375587 0.5605548176825035 0.18720519517732373
0 0.22975352112676056 0.008215962441314555 0.3625749324290815 0.19365715025678326
0 0.05369718309859155 0.0005868544600938967 0.18219467553560803 0.19366162743282858
0 0.49119718309859156 0.33568075117370894 0.620822536451101 0.5532067601225507
0 0.6294014084507042 0.3421361502347418 0.7519236789575481 0.5561372440432895
0 0.7737676056338029 0.37734741784037557 0.8280045036947035 0.5625719792148824
0 0.835387323943662 0.3744131455399061 0.967942171072208 0.5731370814873592
0 0.44014084507042256 0.33098591549295775 0.4852816281491768 0.5579043509885605
0 0.3397887323943662 0.3884976525821596 0.43338917749454475 0.5549363276686724
0 0.2482394366197183 0.3884976525821596 0.33131679602261455 0.5484809286076396
0 0.19806338028169015 0.3914319248826291 0.2419902890051577 0.5473054976966651
0 0.061619718309859156 0.31279342723004694 0.193634850476096 0.5408962479887147
0 0.002640845070422535 0.31396713615023475 0.0545763024449514 0.5455903948731512
0 0.8019366197183099 0.6725352112676056 0.9952456264878001 0.9978447563314158
0 0.5052816901408451 0.6555164319248826 0.7726649288335647 0.8710941804976966
0 0.4876760563380282 0.863849765258216 0.7863170439892879 0.9930376468513743
0 0.1936619718309859 0.6508215962441315 0.49683377554056735 0.9532565600961008
0 0.014084507042253521 0.8732394366197183 0.15404309660781593 0.9959664087813265
0 0.9370598591549296 0.0005868544600938967 0.993425589850724 0.1907273551323591
0 0.37191901408450706 0.0035211267605633804 0.4100475708564769 0.19835474112279308
0 0.1949823943661972 0.0035211267605633804 0.22350572957994444 0.1954204688223236
0 0.026848591549295774 0.00528169014084507 0.048843816641043446 0.19835370792832108
0 0.5721830985915493 0.0035211267605633804 0.6137446377206903 0.18603079746082127
