0 0.5497359154929577 0.721244131455399 0.20950704225352113 0.1960093896713615
0 0.27420774647887325 0.47476525821596244 0.3230633802816901 0.2805164319248826
0 0.7669454225352113 0.721830985915493 0.21346830985915494 0.20657276995305165
0 0.5486355633802817 0.5026408450704225 0.22139084507042253 0.24119718309859156
0 0.7907130281690141 0.5093896713615024 0.22579225352112675 0.22065727699530516
0 0.8241637323943662 0.0801056338028169 0.15184859154929578 0.159037558685446
0 0.27420774647887325 0.7071596244131455 0.3160211267605634 0.1960093896713615
0 0.5677816901408451 0.07717136150234742 0.051056338028169015 0.15316901408450703
0 0.2266725352112676 0.07863849765258216 0.05193661971830986 0.15610328638497653
0 0.6672535211267606 0.07834507042253522 0.14348591549295775 0.15082159624413147
0 0.46016725352112675 0.07775821596244131 0.15272887323943662 0.15434272300469484
0 0.9394806338028169 0.08098591549295775 0.06029929577464789 0.1607981220657277
0 0.934419014084507 0.7232981220657277 0.1311619718309859 0.1942488262910798
0 0.7566021126760564 0.8840962441314554 0.2130281690140845 0.12030516431924883
0 0.2944542253521127 0.8606220657276995 0.2966549295774648 0.12030516431924883
0 0.5481954225352113 0.8779342723004695 0.1993838028169014 0.11737089201877934
0 0.9304577464788732 0.8852699530516432 0.13908450704225353 0.12969483568075119
0 0.11773767605633803 0.08333333333333333 0.16065140845070422 0.15258215962441316
0 0.3182218309859155 0.0801056338028169 0.12852112676056338 0.14964788732394366
0 0.055897887323943664 0.5117370892018779 0.11091549295774648 0.2347417840375587
0 0.06514084507042253 0.721830985915493 0.125 0.1795774647887324
0 0.0721830985915493 0.8585680751173709 0.13908450704225353 0.10328638497652583
0 0.9496038732394366 0.49413145539906106 0.10079225352112677 0.23943661971830985
