0 0.5074823943661971 0.5938967136150235 0.16461267605633803 0.25938967136150237
0 0.2125880281690141 0.6097417840375586 0.05457746478873239 0.23708920187793428
0 0.09419014084507042 0.6047535211267606 0.04841549295774648 0.24354460093896713
0 0.20026408450704225 0.23562206572769953 0.05193661971830986 0.24706572769953053
0 0.25946302816901406 0.22711267605633803 0.053257042253521125 0.2640845070422535
0 0.6126760563380281 0.21449530516431925 0.056338028169014086 0.26115023474178406
0 0.5565580985915493 0.22065727699530516 0.05677816901408451 0.2605633802816901
0 0.15184859154929578 0.6065140845070423 0.04753521126760563 0.22711267605633803
0 0.32680457746478875 0.2268192488262911 0.050616197183098594 0.2576291079812207
0 0.13842429577464788 0.23092723004694835 0.05237676056338028 0.2623239436619718
0 0.625 0.5889084507042254 0.05457746478873239 0.2658450704225352
0 0.07900528169014084 0.22652582159624413 0.055897887323943664 0.2711267605633803
0 0.3283450704225352 0.6073943661971831 0.1602112676056338 0.2347417840375587
0 0.6839788732394366 0.5877347417840375 0.05897887323943662 0.2658450704225352
0 0.8538732394366197 0.6197183098591549 0.13468309859154928 0.21009389671361503
0 0.4414612676056338 0.2153755868544601 0.051056338028169015 0.27816901408450706
0 0.3800616197183099 0.21919014084507044 0.055897887323943664 0.272887323943662
0 0.6648327464788732 0.23151408450704225 0.04709507042253521 0.22711267605633803
0 0.7345950704225352 0.2414906103286385 0.04401408450704225 0.20715962441314553
0 0.867737676056338 0.24237089201877934 0.13424295774647887 0.20892018779342722
0 0.49889964788732394 0.2221244131455399 0.05413732394366197 0.2517605633802817
0 0.04445422535211268 0.6123826291079812 0.04841549295774648 0.23415492957746478
0 0.030149647887323945 0.2323943661971831 0.053257042253521125 0.25586854460093894
0 0.9639084507042254 0.6214788732394366 0.0721830985915493 0.21948356807511737
0 0.96875 0.23210093896713616 0.06514084507042253 0.2130281690140845
0 0.7803697183098591 0.24002347417840375 0.0448943661971831 0.21009389671361503
0 0.5908890845070423 0.9163732394366197 0.3657570422535211 0.15199530516431925
0 0.7588028169014085 0.6232394366197183 0.05545774647887324 0.21009389671361503
0 0.8811619718309859 0.9178403755868545 0.23767605633802816 0.16314553990610328
0 0.31117957746478875 0.9295774647887324 0.18221830985915494 0.13732394366197184
0 0.11773767605633803 0.926349765258216 0.1914612676056338 0.13438967136150234
