0 0.0840669014084507 0.7453051643192489 0.13552637900466177 0.9056659007251647
0 0.8160211267605634 0.7435446009389671 0.8697992864758977 0.8505026146708105
0 0.5250880281690141 0.2822769953051643 0.5811949436495735 0.42413011913421056
0 0.8309859154929577 0.22241784037558684 0.8821166435231105 0.3513952946946153
0 0.1522887323943662 0.7488262910798122 0.22220409826919263 0.9132929423174414
0 0.06602112676056338 0.07570422535211267 0.1249709414054751 0.19537810784897175
0 0.27420774647887325 0.5428403755868545 0.3387877606749653 0.6598926993101016
0 0.5017605633802817 0.505868544600939 0.5609587321463996 0.6663697954550465
0 0.6738556338028169 0.5093896713615024 0.7263759438231502 0.6604991844651634
0 0.13732394366197184 0.06103286384976526 0.18699941727831781 0.184236483061121
0 0.02992957746478873 0.301056338028169 0.08405372817893275 0.4141425725715797
0 0.20246478873239437 0.052230046948356805 0.2551925771176354 0.16663601523066413
0 0.4357394366197183 0.5211267605633803 0.4962870865155723 0.670468822323613
0 0.1034330985915493 0.2764084507042254 0.14872208050238048 0.4047673659326853
0 0.7249119718309859 0.2623239436619718 0.7778499507166237 0.39949394134761623
0 0.7847711267605634 0.24061032863849766 0.8262390972153343 0.35725316295267695
0 0.35827464788732394 0.5416666666666666 0.41181413967962704 0.6587196791862284
0 0.7821302816901409 0.5434272300469484 0.8535289919534814 0.6505026835504419
0 0.545774647887324 0.029342723004694836 0.6036330217218806 0.1619546110780489
0 0.610475352112676 0.7482394366197183 0.6687453893696688 0.8921665261522185
0 0.230193661971831 0.26936619718309857 0.27190572462061097 0.383644738147193
0 0.5818661971830986 0.5410798122065728 0.6344269955118033 0.6598937325045736
0 0.21346830985915494 0.5469483568075117 0.26531097345516763 0.6416978002600895
0 0.2847711267605634 0.041666666666666664 0.34230423806040466 0.15725254303599373
0 0.4709507042253521 0.2811032863849765 0.5134370815562389 0.3994829206065816
0 0.03477112676056338 0.7417840375586855 0.08053047045477088 0.8645881549075359
0 0.40184859154929575 0.29460093896713613 0.44744636945794486 0.39536701822830567
0 0.07262323943661972 0.5598591549295775 0.12716873977137474 0.6575352939231633
0 0.46875 0.057511737089201875 0.5226810079225352 0.16193807996649695
0 0.36883802816901406 0.03169014084507042 0.41136934945943265 0.14200018184222707
0 0.5977112676056338 0.27992957746478875 0.6423425566603848 0.4170892432057131
0 0.0030809859154929575 0.06690140845070422 0.05765709463648086 0.18305933015935993
0 0.8252640845070423 0.022300469483568074 0.8785980351740725 0.1513953635742467
0 0.6232394366197183 0.028755868544600938 0.672701038980361 0.15197842965460998
0 0.41725352112676056 0.046948356807511735 0.4588832510910534 0.15666258899248386
0 0.7799295774647887 0.7312206572769953 0.8209595380380876 0.8293830864687342
0 0.6888204225352113 0.006455399061032864 0.7510172445323349 0.1525783712446825
0 0.6861795774647887 0.2576291079812207 0.7215289702563975 0.37074082798827396
0 0.6461267605633803 0.26115023474178406 0.6823740639258083 0.3642833625382971
0 0.9304577464788732 0.036384976525821594 0.9767031435975004 0.15021338909828297
0 0.9454225352112676 0.23650234741784038 0.9784571203630231 0.336128813176398
0 0.28125 0.2505868544600939 0.3185381822183099 0.3290782940994953
0 0.17033450704225353 0.2634976525821596 0.20282995840359055 0.38188761874848465
0 0.8873239436619719 0.21713615023474178 0.9388700158698671 0.34905097643765565
0 0.8727992957746479 0.5070422535211268 0.9353552820000992 0.6434817827150697
0 0.9432218309859155 0.522887323943662 0.999 0.6575569910070753
0 0.7350352112676056 0.5052816901408451 0.7796060584457449 0.642309106989354
0 0.528169014084507 0.7552816901408451 0.5785527425114064 0.8769041774118891
0 0.24031690140845072 0.7599765258215962 0.3163554943215632 0.9285446147148934
0 0.679137323943662 0.7335680751173709 0.7246130557553064 0.8575507229606119
0 0.4203345070422535 0.7852112676056338 0.5002551344599285 0.9103373173312173
0 0.9159330985915493 0.7546948356807511 0.9718679871925212 0.9091815171152108
0 0.7588028169014085 0.011150234741784037 0.8139265832672089 0.1613784329608323
0 0.1522887323943662 0.5146713615023474 0.2019576193959532 0.6505195590601511
