0 0.9559859154929577 0.7197769953051644 0.07570422535211267 0.12617370892018778
0 0.8008362676056338 0.7171361502347418 0.06998239436619719 0.13615023474178403
0 0.7931338028169014 0.4800469483568075 0.0801056338028169 0.1619718309859155
0 0.23415492957746478 0.7124413145539906 0.10915492957746478 0.19131455399061034
0 0.6465669014084507 0.6951291079812206 0.03961267605633803 0.06631455399061033
0 0.1780369718309859 0.5090962441314554 0.09639084507042253 0.08626760563380281
0 0.5292693661971831 0.7001173708920188 0.03653169014084507 0.06807511737089202
0 0.6139964788732394 0.761150234741784 0.03609154929577465 0.06690140845070422
0 0.4819542253521127 0.7318075117370892 0.03433098591549296 0.13145539906103287
0 0.7282130281690141 0.0818661971830986 0.05413732394366197 0.125
0 0.2533010563380282 0.3045774647887324 0.10079225352112677 0.06690140845070422
0 0.10167253521126761 0.10416666666666667 0.037852112676056336 0.061619718309859156
0 0.4390404929577465 0.7370892018779343 0.04005281690140845 0.142018779342723
0 0.0741637323943662 0.5090962441314554 0.09286971830985916 0.09213615023474178
0 0.0741637323943662 0.2992957746478873 0.10871478873239436 0.0880281690140845
0 0.6938820422535211 0.6939553990610329 0.04181338028169014 0.06514084507042253
0 0.793794014084507 0.08626760563380281 0.053257042253521125 0.12793427230046947
0 0.8774207746478874 0.710093896713615 0.06294014084507042 0.1467136150234742
0 0.8571742957746479 0.08568075117370892 0.053257042253521125 0.1267605633802817
0 0.04929577464788732 0.7394366197183099 0.05457746478873239 0.07863849765258216
0 0.929137323943662 0.49589201877934275 0.05369718309859155 0.13028169014084506
0 0.8725792253521126 0.4961854460093897 0.055897887323943664 0.12969483568075119
0 0.9727112676056338 0.295481220657277 0.04753521126760563 0.1238262910798122
0 0.9808538732394366 0.4964788732394366 0.0409330985915493 0.13262910798122066
0 0.8089788732394366 0.289906103286385 0.06778169014084508 0.11854460093896714
0 0.7370158450704225 0.6810446009389671 0.04181338028169014 0.06631455399061033
0 0.926056338028169 0.29401408450704225 0.04753521126760563 0.12323943661971831
0 0.9786531690140845 0.08626760563380281 0.050616197183098594 0.12441314553990611
0 0.7482394366197183 0.9128521126760564 0.07834507042253522 0.12617370892018778
0 0.6690140845070423 0.9313380281690141 0.0448943661971831 0.1255868544600939
0 0.43639964788732394 0.9392605633802817 0.10783450704225352 0.10387323943661972
0 0.5277288732394366 0.772593896713615 0.03169014084507042 0.0710093896713615
0 0.5616197183098591 0.926056338028169 0.11707746478873239 0.11150234741784038
0 0.8474911971830986 0.9304577464788732 0.1034330985915493 0.11091549295774648
0 0.9753521126760564 0.8820422535211268 0.0528169014084507 0.04460093896713615
0 0.9216549295774648 0.9190140845070423 0.03873239436619718 0.08450704225352113
0 0.01584507042253521 0.09477699530516431 0.02640845070422535 0.07453051643192488
0 0.047755281690140844 0.0971244131455399 0.03477112676056338 0.0721830985915493
0 0.14326584507042253 0.10152582159624413 0.0409330985915493 0.06338028169014084
0 0.21566901408450703 0.06924882629107981 0.0880281690140845 0.13732394366197184
0 0.3221830985915493 0.0886150234741784 0.11795774647887323 0.09624413145539906
0 0.488556338028169 0.06924882629107981 0.08450704225352113 0.13145539906103287
0 0.5741637323943662 0.07071596244131455 0.07262323943661972 0.13438967136150234
0 0.6518485915492958 0.0801056338028169 0.06602112676056338 0.13086854460093897
0 0.9106514084507042 0.08392018779342723 0.04401408450704225 0.13615023474178403
0 0.08890845070422536 0.22359154929577466 0.09595070422535211 0.0539906103286385
0 0.1542693661971831 0.29958920187793425 0.050616197183098594 0.11913145539906103
0 0.3477112676056338 0.31572769953051644 0.06954225352112677 0.062206572769953054
0 0.4225352112676056 0.2755281690140845 0.06602112676056338 0.15786384976525822
0 0.503080985915493 0.2676056338028169 0.06954225352112677 0.176056338028169
0 0.582306338028169 0.2746478873239437 0.07746478873239436 0.16549295774647887
0 0.6586707746478874 0.278462441314554 0.07262323943661972 0.16960093896713616
0 0.722931338028169 0.30252347417840375 0.05765845070422535 0.10974178403755869
0 0.8734595070422535 0.2934272300469484 0.053257042253521125 0.12793427230046947
0 0.3142605633802817 0.46625586854460094 0.08098591549295775 0.125
0 0.4786531690140845 0.4818075117370892 0.07174295774647887 0.17136150234741784
0 0.5536971830985915 0.4818075117370892 0.06954225352112677 0.1619718309859155
0 0.6459066901408451 0.4823943661971831 0.07262323943661972 0.1607981220657277
0 0.3648767605633803 0.7203638497652582 0.11355633802816902 0.2130281690140845
0 0.5671214788732394 0.7678990610328639 0.042693661971830985 0.0710093896713615
0 0.5682218309859155 0.698650234741784 0.03345070422535211 0.06514084507042253
0 0.6067341549295775 0.693368544600939 0.03125 0.07570422535211267
0 0.6553697183098591 0.7629107981220657 0.040492957746478875 0.07863849765258216
0 0.6965228873239436 0.7634976525821596 0.03477112676056338 0.062206572769953054
0 0.7339348591549296 0.7629107981220657 0.035651408450704226 0.06338028169014084
0 0.9738116197183099 0.9504107981220657 0.05237676056338028 0.0710093896713615
