0 0.5105633802816901 0.34624413145539906 0.5803210548502281 0.5391160539134652
0 0.7350352112676056 0.14730046948356806 0.8161377485865899 0.28688538704842514
0 0.8296654929577465 0.13732394366197184 0.9208496190611982 0.2880649507372876
0 0.7161091549295775 0.5815727699530516 0.7677305857592739 0.7631563540082436
0 0.28080985915492956 0.1637323943661972 0.34010527735072404 0.2862888894399259
0 0.1368838028169014 0.13380281690140844 0.18391862508678833 0.2933487072670766
0 0.4850352112676056 0.5980046948356808 0.5468815866147589 0.7942499972448147
0 0.6571302816901409 0.5762910798122066 0.7087776715309463 0.7631594535916596
0 0.6087147887323944 0.1784037558685446 0.6788694037021424 0.2763037536643964
0 0.19674295774647887 0.6349765258215962 0.25651551806437217 0.7848386287994005
0 0.36047535211267606 0.3532863849765258 0.43690119922882364 0.54556732019661
0 0.2007042253521127 0.1402582159624413 0.26399616891489786 0.29569233672772155
0 0.48547535211267606 0.1977699530516432 0.5429201252851616 0.2780529519054861
0 0.2746478873239437 0.36032863849765256 0.3383474261059314 0.5473237507990037
0 0.0801056338028169 0.6443661971830986 0.1245246013935727 0.7543166865040006
0 0.1522887323943662 0.36678403755868544 0.214281563057925 0.5578833427009632
0 0.772887323943662 0.36384976525821594 0.824483764382067 0.5267817783067733
0 0.40933098591549294 0.6015258215962441 0.47385152685479076 0.7954216397760586
0 0.4441021126760563 0.35093896713615025 0.5130087578729419 0.5438081344089577
0 0.5849471830985915 0.3474178403755869 0.655552400007439 0.5350073838964933
0 0.5585387323943662 0.596244131455399 0.6093492347128546 0.7831007956975027
0 0.06073943661971831 0.15258215962441316 0.11529016750148781 0.2950982499063237
0 0.835387323943662 0.3568075117370892 0.8926780865651657 0.5267859110846613
0 0.1426056338028169 0.647887323943662 0.19007807850624875 0.7648780003967467
0 0.22183098591549297 0.3673708920187793 0.2723495462209879 0.5520144537018669
0 0.33758802816901406 0.6073943661971831 0.3994993010439397 0.8001130314752364
0 0.429137323943662 0.19483568075117372 0.47956464026234874 0.2798152372765545
0 0.7125880281690141 0.36208920187793425 0.7633307271002777 0.528543374881527
0 0.5462147887323944 0.198943661971831 0.5943898702514382 0.27746540864907754
0 0.65625 0.357981220657277 0.7039365096830986 0.5314800579690978
0 0.27244718309859156 0.6073943661971831 0.3313061412046221 0.7971787591747669
0 0.9027288732394366 0.3444835680751174 0.9494266158128347 0.5256194345257775
0 0.03125 0.3996478873239437 0.0906552596830986 0.4944837747140118
0 0.9498239436619719 0.20305164319248825 0.9987016619966276 0.2880263781436664
0 0.9247359154929577 0.5874413145539906 0.9811070704597302 0.7484815485243227
0 0.829225352112676 0.5833333333333334 0.8957617846161476 0.7525919405320814
0 0.28213028169014087 0.8732394366197183 0.34978779477038285 0.9883373008001057
0 0.08758802816901408 0.8755868544600939 0.15048961794534815 0.9859885053671008
0 0.7904929577464789 0.8309859154929577 0.8478034802122595 0.9842541162467765
0 0.36399647887323944 0.8603286384976526 0.4254559874652847 0.9889317320196611
0 0.4308978873239437 0.8597417840375586 0.4857258371974807 0.9877583674976305
0 0.6637323943661971 0.8386150234741784 0.721538850178536 0.9719256954087593
0 0.49955985915492956 0.8550469483568075 0.5596392782310058 0.9906953949833587
0 0.20202464788732394 0.8820422535211268 0.2727984046444158 0.9848110080671825
0 0.5726232394366197 0.8556338028169014 0.6498359932925015 0.9889344872049196
0 0.010123239436619719 0.8761737089201878 0.055453290827712755 0.9942041234102582
0 0.16065140845070422 0.8773474178403756 0.20635534709135092 0.9748372374308448
0 0.909330985915493 0.8086854460093896 0.9643884986857767 0.9748775320152527
0 0.8512323943661971 0.8268779342723005 0.8926711125024797 0.960195494170028
0 0.7279929577464789 0.8374413145539906 0.7730070453531046 0.988358309087703
0 0.34419014084507044 0.11326291079812206 0.40565836701547314 0.2816236720007053
0 0.007042253521126761 0.17370892018779344 0.0466518299940488 0.29215157927219026
0 0.929137323943662 0.13028169014084506 0.9692213304031939 0.20121462342127883
0 0.8076584507042254 0.08274647887323944 0.8733240939917676 0.14255707366263307
0 0.7169894366197183 0.051643192488262914 0.8060224518324737 0.14433589014525336
0 0.9568661971830986 0.35093896713615025 0.9947372948075779 0.5267893550662347
0 0.05457746478873239 0.07922535211267606 0.11837386555246975 0.14431970343185876
0 0.11971830985915492 0.0715962441314554 0.18436632116643523 0.13023967356565055
0 0.27024647887323944 0.034624413145539906 0.32998668728922836 0.0903552673631775
0 0.27684859154929575 0.10269953051643192 0.34406828847202936 0.15486930778725563
