0 0.10079225352112677 0.284037558685446 0.14696267946587976 0.4699037338270625
0 0.20378521126760563 0.2904929577464789 0.25211101003025194 0.46696567314686244
0 0.5074823943661971 0.03990610328638498 0.5622766362700853 0.20244136965769577
0 0.14920774647887325 0.2963615023474178 0.19447658109750052 0.4851547174281999
0 0.49295774647887325 0.3086854460093897 0.5658041559214442 0.4886686118274593
0 0.4128521126760563 0.2805164319248826 0.472089413682801 0.4704926546761004
0 0.5748239436619719 0.029342723004694836 0.6309089683346558 0.20890296788556065
0 0.5713028169014085 0.5803990610328639 0.6326710815066455 0.7484856813022107
0 0.09595070422535211 0.556924882629108 0.16192959916187263 0.7003773915008045
0 0.2640845070422535 0.2881455399061033 0.3242675684388018 0.45112198031695655
0 0.45774647887323944 0.8245305164319249 0.49187599186669306 0.9895395947673522
0 0.18882042253521128 0.5522300469483568 0.2441950614337433 0.7021407100663448
0 0.488556338028169 0.5768779342723005 0.558323698794882 0.7490746021512487
0 0.585387323943662 0.3245305164319249 0.6458691076919262 0.49452785767815033
0 0.27816901408450706 0.04812206572769953 0.33658531293394167 0.18717833212105184
0 0.02068661971830986 0.539906103286385 0.07965638793146201 0.7097770504088695
0 0.0977112676056338 0.03051643192488263 0.14388304961813134 0.18484124622539622
0 0.0528169014084507 0.29284037558685444 0.09328661227930966 0.45522720635235514
0 0.14612676056338028 0.02699530516431925 0.19887934561594922 0.19188556613546698
0 0.0048415492957746475 0.27523474178403756 0.04049082678288038 0.4505427026163239
0 0.6412852112676056 0.045774647887323945 0.6858973216499703 0.19715623553527742
0 0.027288732394366196 0.04225352112676056 0.09065700319877008 0.18483435826224953
0 0.2574823943661972 0.585093896713615 0.31854864331233884 0.7226613298728206
0 0.21654929577464788 0.04225352112676056 0.25958778640150765 0.18072637704159225
0 0.4251760563380282 0.04988262910798122 0.47912624293294986 0.1936326979876127
0 0.34815140845070425 0.289906103286385 0.3920122573026185 0.46637916308492583
0 0.4198943661971831 0.556924882629108 0.47824828593037094 0.7209172976040908
0 0.34242957746478875 0.6009389671361502 0.40829998698174963 0.7308679935638872
0 0.8661971830985915 0.6678403755868545 0.916872272366594 0.7484343659767683
0 0.35255281690140844 0.05985915492957746 0.4012532778094624 0.18893200753818687
0 0.8587147887323944 0.3245305164319249 0.9529671149697481 0.5215231628424696
0 0.19674295774647887 0.8022300469483568 0.24463171524747077 0.9502334330710397
0 0.5691021126760564 0.8392018779342723 0.6238692332250545 0.9912915481937005
0 0.3961267605633803 0.8104460093896714 0.4443679019539774 0.9813318978818136
0 0.24955985915492956 0.8427230046948356 0.2978655106253719 0.9642941766404374
0 0.0682218309859155 0.7746478873239436 0.11220588827861536 0.9332308404417113
0 0.35563380281690143 0.8080985915492958 0.3876075555445348 0.9508168435495603
0 0.625 0.8538732394366197 0.6709397007042254 0.999
0 0.49955985915492956 0.8327464788732394 0.5512766021746677 0.9959901722541823
0 0.8331866197183099 0.880868544600939 0.9349325763117438 0.9331685043752342
0 0.16725352112676056 0.8022300469483568 0.2015108919361238 0.9326277992682228
0 0.1192781690140845 0.8016431924882629 0.1579580641861734 0.9285201624457229
0 0.8274647887323944 0.9354460093896714 0.9283329820472128 0.985953376755053
0 0.30633802816901406 0.8116197183098591 0.3392137596707003 0.9566833217615552
0 0.8419894366197183 0.8339201877934272 0.9402103919733188 0.8815528637395579
0 0.7253521126760564 0.909037558685446 0.8055786302320967 0.9695369497895039
0 0.889524647887324 0.004694835680751174 0.97055918809512 0.22828362979126715
0 0.8507922535211268 0.017018779342723004 0.8733051090433446 0.22240785282902423
0 0.7882922535211268 0.715962441314554 0.847804448832077 0.7683591769710595
0 0.8014964788732394 0.6525821596244131 0.8284324399300733 0.7097109259626617
0 0.948943661971831 0.5974178403755869 0.9824168381769489 0.6669029238025965
0 0.9471830985915493 0.6830985915492958 0.9630514158897043 0.7278855055213913
0 0.9775528169014085 0.7124413145539906 0.9916472038658003 0.7730560790407547
0 0.957306338028169 0.840962441314554 0.9951772419286848 0.8915252567832661
0 0.9515845070422535 0.9019953051643192 0.999 0.9431326318631665
0 0.9480633802816901 0.9577464788732394 0.9987024368924816 0.9953299609865767
