0 0.27420774647887325 0.18896713615023475 0.37443916912566955 0.35787032445061606
0 0.4529049295774648 0.4636150234741784 0.5270893904359254 0.6317701789768344
0 0.4744718309859155 0.1467136150234742 0.5754953909194604 0.369045355859728
0 0.2438380281690141 0.44190140845070425 0.32515676143126365 0.6253275226476228
0 0.554137323943662 0.4460093896713615 0.5948265240651657 0.638822764442681
0 0.6294014084507042 0.46830985915492956 0.6731384676899425 0.6464387852939232
0 0.2966549295774648 0.7001173708920188 0.35110182441479865 0.8869130766602746
0 0.14392605633802816 0.6866197183098591 0.19227820155971037 0.8522965846723534
0 0.5743838028169014 0.7294600938967136 0.6225464860022812 0.8904169835129714
0 0.6888204225352113 0.7276995305164319 0.7360524557999405 0.9133053406511054
0 0.5990316901408451 0.4454225352112676 0.6348595811222971 0.6435179445215896
0 0.628080985915493 0.7370892018779343 0.6832622882984527 0.9068444312195552
0 0.3626760563380282 0.7030516431924883 0.4140129066653442 0.9062775518525865
0 0.24515845070422534 0.6965962441314554 0.2895047718086689 0.8757649083074347
0 0.20202464788732394 0.6883802816901409 0.24462939055990873 0.865793204060041
0 0.18221830985915494 0.477112676056338 0.22351134757488594 0.6329359667394036
0 0.18441901408450703 0.198943661971831 0.25916178740577267 0.36666728658334985
0 0.0721830985915493 0.4565727699530516 0.12012667997421146 0.6171029502523749
0 0.10827464788732394 0.20950704225352113 0.1742481185528665 0.36900850525689344
0 0.07878521126760564 0.6883802816901409 0.1337681403119421 0.8646194951398533
0 0.579225352112676 0.1426056338028169 0.6507133691231899 0.36376607650598425
0 0.34110915492957744 0.47300469483568075 0.42106465266068244 0.626482978465472
0 0.37544014084507044 0.19483568075117372 0.4690248943042055 0.35375889924838544
0 0.6808978873239436 0.47417840375586856 0.718890449873537 0.6423273600916927
0 0.1368838028169014 0.4583333333333333 0.17159468142481651 0.6129939358372457
0 0.6575704225352113 0.13321596244131456 0.7404676186520531 0.3567293333553748
0 0.032130281690140844 0.20305164319248825 0.09329571730559413 0.36901229363662413
0 0.8956866197183099 0.5669014084507042 0.9714367576497719 0.6410992362626462
0 0.4225352112676056 0.7124413145539906 0.4712048700654632 0.8886664076792523
0 0.49119718309859156 0.7053990610328639 0.5459985927891291 0.8863231226167647
0 0.9185739436619719 0.20774647887323944 0.999 0.4036339515969054
0 0.9084507042253521 0.4841549295774648 0.9815543790914502 0.5519459184685578
0 0.917693661971831 0.7012910798122066 0.9969552404656814 0.9062785850470586
0 0.8820422535211268 0.7065727699530516 0.9120237490081334 0.915078302365051
0 0.00044014084507042255 0.45598591549295775 0.05941882036054355 0.7221502430073399
0 0.00044014084507042255 0.1813380281690141 0.022006848529557626 0.360222219467037
