0 0.38776408450704225 0.7142018779342723 0.45405468130083315 0.8505198345786771
0 0.301056338028169 0.21009389671361503 0.36034284492164254 0.2880222453657784
0 0.34330985915492956 0.7300469483568075 0.39641579671692123 0.8276232118847671
0 0.4788732394366197 0.5534037558685446 0.5358807776234874 0.6416940118803588
0 0.46919014084507044 0.7253521126760564 0.5178392649027971 0.8235179858493685
0 0.24339788732394366 0.20950704225352113 0.29170625092987507 0.28450146300337237
0 0.2112676056338028 0.545774647887324 0.2705936322158302 0.6258534186338689
0 0.8067781690140845 0.2177230046948357 0.8451554673551875 0.28860462264982695
0 0.6003521126760564 0.75 0.6502639295278715 0.8569542253521126
0 0.14392605633802816 0.5375586854460094 0.19623946916534418 0.6387690383301374
0 0.3573943661971831 0.5381455399061033 0.4043321327613569 0.6370081305516984
0 0.7984154929577465 0.3204225352112676 0.8517612607865503 0.4088495172915427
0 0.4278169014084507 0.44014084507042256 0.4830863481948026 0.5208684619453812
0 0.49471830985915494 0.45422535211267606 0.5508385922931959 0.5320104311313892
0 0.20862676056338028 0.448943661971831 0.2789574706159492 0.5290792584143358
0 0.10387323943661972 0.29460093896713613 0.17028878818686768 0.3812825111860521
0 0.12852112676056338 0.198943661971831 0.17291878471533426 0.27687855418898366
0 0.19410211267605634 0.20187793427230047 0.22966808885885737 0.2792242500385726
0 0.36047535211267606 0.30633802816901406 0.40477091753868283 0.38420989552337503
0 0.5246478873239436 0.7083333333333334 0.5693113345566356 0.7889035602503913
0 0.8609154929577465 0.22007042253521128 0.9001492449414799 0.2780398647755075
0 0.7235915492957746 0.21654929577464788 0.7562836304800634 0.2803893490048271
0 0.6773767605633803 0.534037558685446 0.7268145348765126 0.612362654014856
0 0.5536971830985915 0.09741784037558686 0.5943865769440587 0.15780667967114106
0 0.48063380281690143 0.09683098591549295 0.5297180308966475 0.1566333151491106
0 0.6263204225352113 0.08039906103286384 0.681502499814025 0.15370868599704646
0 0.7632042253521126 0.22300469483568075 0.7954387305346161 0.28977523198659877
0 0.2574823943661972 0.09976525821596244 0.2983021644390994 0.1519367574775728
0 0.6606514084507042 0.7406103286384976 0.6968923189223368 0.8434620831404703
0 0.1742957746478873 0.09565727699530517 0.21603244024003174 0.15017860488439244
0 0.8578345070422535 0.3198356807511737 0.8953090517134497 0.40063389924838544
0 0.9529049295774648 0.3215962441314554 0.9872566439570521 0.40121972051400734
0 0.4951584507042254 0.31866197183098594 0.7339369901185281 0.40885055048601465
0 0.3617957746478873 0.43720657276995306 0.4135731532682007 0.5232176017765434
0 0.909330985915493 0.32805164319248825 0.9494237099533823 0.4041502044347462
0 0.778169014084507 0.08157276995305164 0.8253617213846459 0.16075025072185856
0 0.9106514084507042 0.7282863849765259 0.9608667907533228 0.8645960760651545
0 0.7860915492957746 0.6050469483568075 0.999 0.6803960992087108
0 0.7992957746478874 0.4859154929577465 0.999 0.5865692984196258
0 0.8657570422535211 0.09096244131455399 0.999 0.19067431781612995
0 0.7134683098591549 0.08568075117370892 0.7611296354269986 0.15722671317419384
0 0.7200704225352113 0.7634976525821596 0.778732363370363 0.8727913746170293
0 0.269806338028169 0.7529342723004695 0.32690589509769885 0.8534313766007626
0 0.33098591549295775 0.9289906103286385 0.39157967169212454 0.999
0 0.9154929577464789 0.9383802816901409 0.9643857865502875 0.999
0 0.3956866197183099 0.926056338028169 0.4448082365230113 0.9906537228063215
0 0.8507922535211268 0.9330985915492958 0.9032346865081334 0.999
0 0.7059859154929577 0.920774647887324 0.756731520283674 0.9959385125305825
0 0.15316901408450703 0.9096244131455399 0.20899948546915295 0.9889028025744451
0 0.46786971830985913 0.9172535211267606 0.5103574517084903 0.9795086540368975
0 0.17869718309859156 0.7529342723004695 0.22791430581729813 0.8393468695585091
0 0.019806338028169015 0.738849765258216 0.05588916974558619 0.8757401116401067
0 0.7816901408450704 0.7681924882629108 0.8398848194802618 0.8710280560514889
0 0.8459507042253521 0.7752347417840375 0.8997156907111684 0.8675027965130375
0 0.41241197183098594 0.30809859154929575 0.4681283398011307 0.3906642613899359
0 0.42077464788732394 0.21889671361502347 0.47296620834159886 0.29799360521501467
0 0.366637323943662 0.20892018779342722 0.4087294730088276 0.2833280984813419
0 0.30809859154929575 0.2992957746478873 0.3537376326621702 0.372476939099385
0 0.22359154929577466 0.3028169014084507 0.27851074315611984 0.3906673609733518
0 0.17781690140845072 0.28931924882629106 0.21735131298353502 0.3666142492671208
0 0.2904929577464789 0.43720657276995306 0.3418615788038088 0.5079593858141022
0 0.29797535211267606 0.5123239436619719 0.34185828549642927 0.6012251620048932
0 0.3538732394366197 0.10622065727699531 0.4078548093136282 0.14899869679737265
0 0.5035211267605634 0.2112676056338028 0.7211692248561794 0.30680089929246845
0 0.940580985915493 0.01936619718309859 0.9722972794956358 0.08508253157442307
0 0.8930457746478874 0.011737089201877934 0.9199414411203135 0.08391329983028058
0 0.8433098591549296 0.009389671361502348 0.8697872755901607 0.07687242390178316
0 0.7847711267605634 0.008215962441314555 0.8222778296097005 0.07804682161828562
0 0.6654929577464789 0.002347417840375587 0.7092141316207102 0.05574979611629086
0 0.610475352112676 0.008215962441314555 0.647178487961218 0.07804682161828562
0 0.5484154929577465 0.009389671361502348 0.5921881974062686 0.05339824549802728
0 0.5409330985915493 0.05868544600938967 0.5864696597277326 0.0903411470387269
0 0.47755281690140844 0.005868544600938967 0.5314799503446737 0.05105289404659569
0 0.48151408450704225 0.051056338028169015 0.5288373617585796 0.08917191529458442
0 0.4251760563380282 0.10387323943661972 0.4646015950456259 0.14371838424915692
0 0.2522007042253521 0.04401408450704225 0.30402632011257685 0.08272064901143954
0 0.176056338028169 0.036384976525821594 0.23011617238643126 0.08507254402786044
0 0.10255281690140845 0.036384976525821594 0.15224359471087084 0.07568287266635808
0 0.11267605633802817 0.09741784037558686 0.1491581531442174 0.12670339328616456
0 0.23943661971830985 0.002347417840375587 0.2987502479666733 0.03168876325244109
0 0.36311619718309857 0.04636150234741784 0.4060901777301131 0.08271927141881019
0 0.5748239436619719 0.5745305164319249 0.6405920669262051 0.6328787966452865
0 0.42077464788732394 0.5692488262910798 0.4619626872148383 0.646379548810862
0 0.15845070422535212 0.43603286384976525 0.19887392134497123 0.5132417647512619
0 0.7830105633802817 0.9471830985915493 0.8200779002802023 0.9959230146135026
0 0.7425176056338029 0.31396713615023475 0.7743210749975203 0.40063734322995875
0 0.4234154929577465 0.009389671361502348 0.45183828543443766 0.08156725958253433
