0 0.383362676056338 0.2863849765258216 0.14788732394366197 0.2511737089201878
0 0.8549735915492958 0.2790492957746479 0.10695422535211267 0.24354460093896713
0 0.09419014084507042 0.9072769953051644 0.15140845070422534 0.1807511737089202
0 0.6362235915492958 0.2705399061032864 0.09551056338028169 0.2652582159624413
0 0.45356514084507044 0.6270539906103286 0.10871478873239436 0.2717136150234742
0 0.3230633802816901 0.6443661971830986 0.10651408450704225 0.24530516431924881
0 0.7389964788732394 0.2743544600938967 0.09330985915492958 0.2576291079812207
0 0.5798855633802817 0.6329225352112676 0.10871478873239436 0.2811032863849765
0 0.5250880281690141 0.2767018779342723 0.10827464788732394 0.2658450704225352
0 0.8065580985915493 0.6352699530516432 0.11575704225352113 0.2764084507042254
0 0.08516725352112677 0.6913145539906104 0.12279929577464789 0.057511737089201875
0 0.2163292253521127 0.6270539906103286 0.09727112676056338 0.267018779342723
0 0.078125 0.38380281690140844 0.11487676056338028 0.11971830985915492
0 0.07702464788732394 0.5243544600938967 0.11707746478873239 0.058098591549295774
0 0.08626760563380281 0.6120892018779343 0.12411971830985916 0.07394366197183098
0 0.6725352112676056 0.6150234741784038 0.06514084507042253 0.2511737089201878
0 0.25 0.9143192488262911 0.10651408450704225 0.17136150234741784
0 0.3692781690140845 0.9154929577464789 0.13028169014084506 0.1643192488262911
0 0.5176056338028169 0.9245892018779343 0.14348591549295775 0.15082159624413147
0 0.6998239436619719 0.948943661971831 0.13468309859154928 0.10211267605633803
0 0.2381161971830986 0.2913732394366197 0.14348591549295775 0.232981220657277
0 0.09419014084507042 0.2772887323943662 0.11179577464788733 0.06866197183098592
0 0.8111795774647887 0.9504107981220657 0.08714788732394366 0.09917840375586855
