0 0.34837147887323944 0.7232981220657277 0.0840669014084507 0.1273474178403756
0 0.46566901408450706 0.9451291079812206 0.06778169014084508 0.1273474178403756
0 0.25264084507042256 0.7400234741784038 0.06778169014084508 0.13380281690140844
0 0.3204225352112676 0.4953051643192488 0.06866197183098592 0.07276995305164319
0 0.32504401408450706 0.14084507042253522 0.0682218309859155 0.0715962441314554
0 0.6978433098591549 0.3987676056338028 0.05237676056338028 0.07805164319248827
0 0.851012323943662 0.5319835680751174 0.17473591549295775 0.11443661971830986
0 0.8637764084507042 0.40316901408450706 0.14040492957746478 0.11384976525821597
0 0.6230193661971831 0.20041079812206572 0.058538732394366196 0.0733568075117371
0 0.23525528169014084 0.5017605633802817 0.058538732394366196 0.06690140845070422
0 0.24097711267605634 0.5704225352112676 0.06029929577464789 0.06572769953051644
0 0.16681338028169015 0.5020539906103286 0.056338028169014086 0.06396713615023474
0 0.6243397887323944 0.4084507042253521 0.05237676056338028 0.07042253521126761
0 0.39502640845070425 0.5757042253521126 0.06029929577464789 0.05985915492957746
0 0.8675176056338029 0.20011737089201878 0.05193661971830986 0.06572769953051644
0 0.16329225352112675 0.7409037558685446 0.05457746478873239 0.0886150234741784
0 0.06514084507042253 0.7588028169014085 0.056338028169014086 0.10915492957746478
0 0.46963028169014087 0.20833333333333334 0.0625 0.06807511737089202
0 0.5286091549295775 0.7080399061032864 0.0448943661971831 0.0733568075117371
0 0.09198943661971831 0.22711267605633803 0.0448943661971831 0.05985915492957746
0 0.8606954225352113 0.12089201877934272 0.05237676056338028 0.06924882629107981
0 0.5435739436619719 0.20598591549295775 0.05897887323943662 0.07629107981220658
0 0.7090669014084507 0.5601525821596244 0.06073943661971831 0.06396713615023474
0 0.6927816901408451 0.19923708920187794 0.05897887323943662 0.058098591549295774
0 0.39018485915492956 0.4216549295774648 0.06029929577464789 0.06044600938967136
0 0.6366637323943662 0.5671948356807511 0.05413732394366197 0.058098591549295774
0 0.5334507042253521 0.33832159624413144 0.0528169014084507 0.06044600938967136
0 0.09485035211267606 0.5064553990610329 0.05149647887323944 0.07042253521126761
0 0.48063380281690143 0.4856220657276995 0.06338028169014084 0.06044600938967136
0 0.09661091549295775 0.5803990610328639 0.055897887323943664 0.056338028169014086
0 0.045774647887323945 0.23386150234741784 0.045774647887323945 0.058098591549295774
0 0.21764964788732394 0.21625586854460094 0.061179577464788734 0.052230046948356805
0 0.6927816901408451 0.12177230046948356 0.06778169014084508 0.06631455399061033
0 0.7053257042253521 0.4794600938967136 0.05237676056338028 0.05516431924882629
0 0.5508362676056338 0.4137323943661972 0.05677816901408451 0.05985915492957746
0 0.5596390845070423 0.5707159624413145 0.04973591549295775 0.06044600938967136
0 0.32196302816901406 0.5745305164319249 0.058538732394366196 0.05516431924882629
0 0.5336707746478874 0.11678403755868545 0.061179577464788734 0.06924882629107981
0 0.4621478873239437 0.1255868544600939 0.05897887323943662 0.06572769953051644
0 0.16857394366197184 0.5715962441314554 0.04841549295774648 0.05985915492957746
0 0.4810739436619718 0.5701291079812206 0.05721830985915493 0.04870892018779343
0 0.14546654929577466 0.22300469483568075 0.04621478873239437 0.06338028169014084
0 0.3248239436619718 0.4298708920187793 0.05721830985915493 0.05575117370892019
0 0.45994718309859156 0.3418427230046948 0.04841549295774648 0.06514084507042253
0 0.9663292253521126 0.40199530516431925 0.050616197183098594 0.12441314553990611
0 0.9667693661971831 0.19278169014084506 0.07350352112676056 0.06279342723004695
0 0.7880721830985915 0.19043427230046947 0.06205985915492958 0.05575117370892019
0 0.16175176056338028 0.9501173708920188 0.06998239436619719 0.0880281690140845
0 0.3578345070422535 0.9477699530516432 0.0801056338028169 0.08215962441314555
0 0.07174295774647887 0.9559859154929577 0.08450704225352113 0.09507042253521127
0 0.2548415492957746 0.9536384976525821 0.0801056338028169 0.10446009389671361
0 0.6302816901408451 0.9495305164319249 0.06954225352112677 0.09624413145539906
0 0.5477552816901409 0.9448356807511737 0.07086267605633803 0.08450704225352113
0 0.726012323943662 0.9445422535211268 0.07966549295774648 0.08626760563380281
0 0.9397007042253521 0.9436619718309859 0.12059859154929578 0.11267605633802817
0 0.8362676056338029 0.9386737089201878 0.0625 0.09448356807511737
0 0.021566901408450703 0.11091549295774648 0.03345070422535211 0.08215962441314555
0 0.06976232394366197 0.10944835680751173 0.03917253521126761 0.0721830985915493
0 0.160431338028169 0.08714788732394366 0.05677816901408451 0.061619718309859156
0 0.2249119718309859 0.09272300469483569 0.051056338028169015 0.06338028169014084
0 0.22425176056338028 0.15580985915492956 0.04973591549295775 0.05457746478873239
0 0.16637323943661972 0.15669014084507044 0.05457746478873239 0.0528169014084507
0 0.3871038732394366 0.15815727699530516 0.04621478873239437 0.06748826291079812
0 0.3320862676056338 0.21449530516431925 0.061179577464788734 0.06631455399061033
0 0.6164172535211268 0.1164906103286385 0.06294014084507042 0.08039906103286384
0 0.784330985915493 0.1159037558685446 0.05545774647887324 0.06631455399061033
0 0.9570862676056338 0.13028169014084506 0.07174295774647887 0.0528169014084507
0 0.8006161971830986 0.03990610328638498 0.051056338028169015 0.05985915492957746
0 0.8672975352112676 0.03609154929577465 0.0682218309859155 0.05575117370892019
0 0.9731514084507042 0.5319835680751174 0.051056338028169015 0.12030516431924883
0 0.6388644366197183 0.4914906103286385 0.06382042253521127 0.08039906103286384
0 0.5567781690140845 0.4909037558685446 0.05457746478873239 0.0698356807511737
0 0.4786531690140845 0.42370892018779344 0.0488556338028169 0.06807511737089202
0 0.3912852112676056 0.3597417840375587 0.04753521126760563 0.06338028169014084
0 0.3298855633802817 0.35827464788732394 0.05677816901408451 0.06631455399061033
0 0.39348591549295775 0.505575117370892 0.05457746478873239 0.06514084507042253
0 0.0878080985915493 0.43984741784037557 0.05677816901408451 0.06631455399061033
0 0.032130281690140844 0.4439553990610329 0.05193661971830986 0.0710093896713615
0 0.0332306338028169 0.5079225352112676 0.04973591549295775 0.056924882629107984
0 0.0332306338028169 0.5768779342723005 0.042693661971830985 0.05868544600938967
0 0.4368397887323944 0.721244131455399 0.05765845070422535 0.09741784037558686
