0 0.5158450704225352 0.33039906103286387 0.07130281690140845 0.18427230046948356
0 0.4269366197183099 0.3447769953051643 0.08098591549295775 0.20833333333333334
0 0.6076144366197183 0.3477112676056338 0.07966549295774648 0.19072769953051644
0 0.7528609154929577 0.35827464788732394 0.0761443661971831 0.15082159624413147
0 0.8441901408450704 0.3477112676056338 0.0721830985915493 0.17077464788732394
0 0.18860035211267606 0.3785211267605634 0.07262323943661972 0.10211267605633803
0 0.17319542253521128 0.619424882629108 0.07526408450704225 0.11561032863849766
0 0.5985915492957746 0.6062206572769953 0.07130281690140845 0.11502347417840375
0 0.2715669014084507 0.3609154929577465 0.06426056338028169 0.14553990610328638
0 0.2711267605633803 0.608274647887324 0.06866197183098592 0.10504694835680752
0 0.6786971830985915 0.6091549295774648 0.06778169014084508 0.13262910798122066
0 0.33670774647887325 0.36032863849765256 0.061619718309859156 0.13615023474178403
0 0.6773767605633803 0.7922535211267606 0.06073943661971831 0.07863849765258216
0 0.42627640845070425 0.6026995305164319 0.06998239436619719 0.13262910798122066
0 0.1993838028169014 0.2564553990610329 0.06073943661971831 0.10446009389671361
0 0.6758362676056338 0.36238262910798125 0.047975352112676055 0.15669014084507044
0 0.351012323943662 0.608274647887324 0.04533450704225352 0.14964788732394366
0 0.5103433098591549 0.6185446009389671 0.0682218309859155 0.10328638497652583
0 0.2605633802816901 0.7948943661971831 0.06602112676056338 0.06514084507042253
0 0.7581426056338029 0.7981220657276995 0.058538732394366196 0.07746478873239436
0 0.8367077464788732 0.7963615023474179 0.0721830985915493 0.06572769953051644
0 0.7579225352112676 0.608274647887324 0.045774647887323945 0.13673708920187794
0 0.34419014084507044 0.7978286384976526 0.061619718309859156 0.06396713615023474
0 0.13358274647887325 0.2634976525821596 0.03653169014084507 0.09741784037558686
0 0.6811179577464789 0.8796948356807511 0.06998239436619719 0.07863849765258216
0 0.2574823943661972 0.8732394366197183 0.0721830985915493 0.07042253521126761
0 0.5107834507042254 0.8779342723004695 0.06734154929577464 0.08333333333333333
0 0.17033450704225353 0.8697183098591549 0.07130281690140845 0.07629107981220658
0 0.5928697183098591 0.8729460093896714 0.06954225352112677 0.07453051643192488
0 0.34242957746478875 0.8661971830985915 0.06338028169014084 0.05516431924882629
0 0.04929577464788732 0.8914319248826291 0.0528169014084507 0.11267605633802817
0 0.586487676056338 0.7869718309859155 0.06382042253521127 0.08333333333333333
0 0.7616637323943662 0.874706572769953 0.0682218309859155 0.0698356807511737
0 0.4242957746478873 0.8814553990610329 0.07570422535211267 0.06103286384976526
0 0.9410211267605634 0.9025821596244131 0.12323943661971831 0.18192488262910797
0 0.8400088028169014 0.8741197183098591 0.061179577464788734 0.07922535211267606
0 0.04907570422535211 0.2699530516431925 0.028609154929577465 0.13497652582159625
0 0.014964788732394365 0.26261737089201875 0.022887323943661973 0.11208920187793427
0 0.01056338028169014 0.37734741784037557 0.01936619718309859 0.0903755868544601
0 0.015404929577464789 0.6000586854460094 0.023767605633802816 0.1637323943661972
0 0.4179137323943662 0.14465962441314553 0.07526408450704225 0.16725352112676056
0 0.5074823943661971 0.15580985915492956 0.07042253521126761 0.15551643192488263
0 0.8129401408450704 0.6109154929577465 0.043133802816901406 0.11971830985915492
0 0.42891725352112675 0.7987089201877934 0.07350352112676056 0.07746478873239436
0 0.5118838028169014 0.795481220657277 0.06690140845070422 0.0710093896713615
0 0.1850792253521127 0.7761150234741784 0.06205985915492958 0.04870892018779343
