0 0.21148767605633803 0.26173708920187794 0.08230633802816902 0.13615023474178403
0 0.9577464788732394 0.29460093896713613 0.07658450704225352 0.12206572769953052
0 0.21830985915492956 0.5 0.08890845070422536 0.17018779342723006
0 0.3224031690140845 0.25821596244131456 0.08230633802816902 0.13732394366197184
0 0.33076584507042256 0.5155516431924883 0.09286971830985916 0.19190140845070422
0 0.4936179577464789 0.26672535211267606 0.07174295774647887 0.10269953051643192
0 0.2911531690140845 0.7579225352112676 0.09639084507042253 0.16842723004694835
0 0.7693661971830986 0.28257042253521125 0.07042253521126761 0.10269953051643192
0 0.7414172535211268 0.5572183098591549 0.055897887323943664 0.11091549295774648
0 0.3888644366197183 0.7567488262910798 0.0761443661971831 0.14730046948356806
0 0.4982394366197183 0.49911971830985913 0.09242957746478873 0.18251173708920188
0 0.7997359154929577 0.5560446009389671 0.045774647887323945 0.10974178403755869
0 0.11883802816901408 0.4994131455399061 0.08450704225352113 0.1795774647887324
0 0.722931338028169 0.8036971830985915 0.06294014084507042 0.09448356807511737
0 0.10915492957746478 0.2737676056338028 0.11883802816901408 0.11678403755868545
0 0.48393485915492956 0.789906103286385 0.06998239436619719 0.15258215962441316
0 0.9214348591549296 0.5560446009389671 0.05677816901408451 0.10622065727699531
0 0.5882482394366197 0.2658450704225352 0.08230633802816902 0.11150234741784038
0 0.4137323943661972 0.2778755868544601 0.06866197183098592 0.10387323943661972
0 0.6679137323943662 0.5501760563380281 0.05237676056338028 0.09683098591549295
0 0.8727992957746479 0.2734741784037559 0.09066901408450705 0.11502347417840375
0 0.680237676056338 0.2640845070422535 0.06998239436619719 0.11737089201877934
0 0.39436619718309857 0.06044600938967136 0.08450704225352113 0.07629107981220658
0 0.5928697183098591 0.5551643192488263 0.058098591549295774 0.09976525821596244
0 0.8648767605633803 0.5528169014084507 0.04665492957746479 0.09389671361502347
0 0.9795334507042254 0.5536971830985915 0.04445422535211268 0.11678403755868545
0 0.49471830985915494 0.045774647887323945 0.09507042253521127 0.0903755868544601
0 0.198943661971831 0.04929577464788732 0.05457746478873239 0.0903755868544601
0 0.13754401408450703 0.7200704225352113 0.06734154929577464 0.09859154929577464
0 0.0488556338028169 0.7494131455399061 0.06954225352112677 0.17370892018779344
0 0.03895246478873239 0.4953051643192488 0.05765845070422535 0.1795774647887324
0 0.936399647887324 0.8233568075117371 0.04005281690140845 0.08333333333333333
0 0.29423415492957744 0.053110328638497656 0.08054577464788733 0.07805164319248827
0 0.8994278169014085 0.05575117370892019 0.058538732394366196 0.10093896713615023
0 0.4139524647887324 0.511150234741784 0.04973591549295775 0.17253521126760563
0 0.12433978873239436 0.047828638497652586 0.053257042253521125 0.0886150234741784
0 0.8525528169014085 0.7262323943661971 0.051056338028169015 0.07687793427230047
0 0.44696302816901406 0.9595070422535211 0.1368838028169014 0.06455399061032864
0 0.2695862676056338 0.9592136150234741 0.10167253521126761 0.06279342723004695
0 0.5644806338028169 0.8031103286384976 0.06205985915492958 0.11913145539906103
0 0.6470070422535211 0.8160211267605634 0.06866197183098592 0.0897887323943662
0 0.15955105633802816 0.8110328638497653 0.12720070422535212 0.06924882629107981
0 0.13204225352112675 0.9621478873239436 0.061619718309859156 0.08157276995305164
0 0.06183978873239437 0.9644953051643192 0.06470070422535211 0.07922535211267606
0 0.8375880281690141 0.8215962441314554 0.05017605633802817 0.07629107981220658
0 0.8974471830985915 0.8254107981220657 0.03697183098591549 0.06866197183098592
0 0.03829225352112676 0.052230046948356805 0.07570422535211267 0.09272300469483569
0 0.5944102112676056 0.05017605633802817 0.09639084507042253 0.09917840375586855
0 0.6795774647887324 0.04929577464788732 0.06602112676056338 0.08450704225352113
0 0.772887323943662 0.053110328638497656 0.10827464788732394 0.09683098591549295
0 0.9689700704225352 0.05897887323943662 0.05677816901408451 0.10152582159624413
0 0.018045774647887324 0.26115023474178406 0.035211267605633804 0.1467136150234742
0 0.9375 0.4284037558685446 0.11443661971830986 0.03755868544600939
0 0.922975352112676 0.47300469483568075 0.1311619718309859 0.029342723004694836
0 0.7528609154929577 0.43984741784037557 0.16153169014084506 0.08039906103286384
0 0.6023327464788732 0.4328051643192488 0.053257042253521125 0.07570422535211267
0 0.6459066901408451 0.7174295774647887 0.06470070422535211 0.02640845070422535
0 0.6553697183098591 0.7567488262910798 0.06778169014084508 0.01936619718309859
0 0.7920334507042254 0.7194835680751174 0.053257042253521125 0.05516431924882629
0 0.7766285211267606 0.8083920187793427 0.02948943661971831 0.06748826291079812
0 0.6509683098591549 0.9865023474178404 0.07306338028169014 0.02699530516431925
0 0.7365757042253521 0.9865023474178404 0.08142605633802817 0.02699530516431925
0 0.8265845070422535 0.9759389671361502 0.0801056338028169 0.035211267605633804
0 0.9036091549295775 0.9621478873239436 0.07042253521126761 0.04636150234741784
0 0.5662411971830986 0.9747652582159625 0.0761443661971831 0.035211267605633804
