0 0.49911971830985913 0.5211267605633803 0.5768049649127157 0.6141307941545989
0 0.5048415492957746 0.35563380281690143 0.5917672352335845 0.42819505058520135
0 0.49911971830985913 0.1449530516431925 0.58120637336342 0.2088351214485662
0 0.445862676056338 0.5328638497652582 0.4936417857939893 0.604147380369856
0 0.4234154929577465 0.34683098591549294 0.4901305389555644 0.40883401937446273
0 0.1544894366197183 0.3315727699530516 0.23320665077613567 0.3988664479049571
0 0.09066901408450705 0.49413145539906106 0.1474072759621107 0.5853907679252353
0 0.04137323943661972 0.1572769953051643 0.12674235332771275 0.2117621613877317
0 0.41241197183098594 0.176056338028169 0.4773712975476096 0.22114081200819943
0 0.32702464788732394 0.1238262910798122 0.3911412743627256 0.221171463444202
0 0.18221830985915494 0.6807511737089202 0.21822965743404088 0.7449056624567436
0 0.320862676056338 0.340962441314554 0.4043482118503273 0.42409567931847736
0 0.7068661971830986 0.13438967136150234 0.7893015553709581 0.23466291685952964
0 0.6095950704225352 0.7318075117370892 0.6573021148457647 0.7753921317419383
0 0.04621478873239437 0.08392018779342723 0.12233881391341003 0.1290587322841588
0 0.5475352112676056 0.7259389671361502 0.5943892890795477 0.7701138855826665
0 0.4137323943661972 0.7247652582159625 0.4659270544038881 0.7701145743789812
0 0.2460387323943662 0.49119718309859156 0.30755015900862925 0.573655400714144
0 0.477112676056338 0.7288732394366197 0.5323604257587781 0.7683516002115983
0 0.6122359154929577 0.1396713615023474 0.6863502482766316 0.21705418347329675
0 0.6883802816901409 0.6825117370892019 0.7435350438901012 0.7378623757411448
0 0.7002640845070423 0.31338028169014087 0.7769805175684388 0.4200038848112147
0 0.8116197183098591 0.1613849765258216 0.8979702378000397 0.23758134684476184
0 0.3287852112676056 0.8597417840375586 0.41622852763588575 0.9061855975445788
0 0.7482394366197183 0.8597417840375586 0.8143713734874033 0.9232043768873018
0 0.6830985915492958 0.7224178403755869 0.7320937066058322 0.7753976421124557
0 0.2381161971830986 0.09272300469483569 0.29787054744842295 0.20769206396438095
0 0.40625 0.11208920187793427 0.4910183758802817 0.14664783497542375
0 0.5044014084507042 0.0880281690140845 0.5820843303659987 0.1220140679759307
0 0.6254401408450704 0.38497652582159625 0.684583873177445 0.4358069386585554
0 0.8067781690140845 0.07805164319248827 0.8808068758058917 0.13551757532676498
0 0.32526408450704225 0.08157276995305164 0.37925824644167827 0.10969391269368953
0 0.2566021126760563 0.3039906103286385 0.29786241104195593 0.3906666721770372
0 0.10607394366197183 0.3163145539906103 0.13287584773606428 0.37833549615376133
0 0.16857394366197184 0.5269953051643192 0.19710890231352907 0.594761152989927
0 0.19982394366197184 0.4988262910798122 0.22526416199662766 0.5824537404395072
0 0.3182218309859155 0.6672535211267606 0.3739796558842492 0.7425661657739867
0 0.11443661971830986 0.6954225352112676 0.1650024486708986 0.7255308553197117
0 0.2548415492957746 0.8656103286384976 0.30314487607865503 0.9396328577883577
0 0.4392605633802817 0.8814553990610329 0.5288559592590756 0.9173230895545417
0 0.534330985915493 0.8802816901408451 0.6296063684040866 0.9173237783508563
0 0.641725352112676 0.8826291079812206 0.6938196631372744 0.9478388326831095
0 0.6985035211267606 0.8679577464788732 0.7430904473938703 0.9296549543741321
0 0.5985915492957746 0.5352112676056338 0.6542259720293592 0.6094276929180718
0 0.6830985915492958 0.5123239436619719 0.7202099037889308 0.6082674155260199
0 0.7372359154929577 0.5563380281690141 0.7870874841921246 0.5982650598426238
0 0.795774647887324 0.5193661971830986 0.8081884794683595 0.6070895738279443
0 0.7847711267605634 0.3532863849765258 0.8368024774970244 0.4287832826379246
0 0.37588028169014087 0.49589201877934275 0.4390951231154533 0.6012348051532985
0 0.3182218309859155 0.5269953051643192 0.3493317685603055 0.5642447210650444
