0 0.14700704225352113 0.7769953051643192 0.21912543704126167 0.8898022328021337
0 0.8463908450704225 0.840962441314554 0.9199619758604444 0.977792862417069
0 0.3965669014084507 0.5974178403755869 0.45801207442719694 0.7285226421124557
0 0.37411971830985913 0.27992957746478875 0.43865575716623684 0.37776999437942205
0 0.8617957746478874 0.2634976525821596 0.925236885662567 0.3672162572461372
0 0.3173415492957746 0.5950704225352113 0.3792617334730212 0.7279371652449911
0 0.7037852112676056 0.26173708920187794 0.7633346015795477 0.37660696180211156
0 0.6117957746478874 0.1431924882629108 0.6837095969301726 0.2593056382111133
0 0.4467429577464789 0.159037558685446 0.5081660462333862 0.261056902841147
0 0.47755281690140844 0.6003521126760564 0.5323602320348145 0.7103284318587582
0 0.6183978873239436 0.27816901408450706 0.6828264093805793 0.3777710275738941
0 0.7816901408450704 0.267018779342723 0.8473672138464591 0.38188555235954064
0 0.7737676056338029 0.6167840375586855 0.8354868980609006 0.7238164412925124
0 0.3930457746478873 0.46830985915492956 0.4575734833738346 0.5830585036037823
0 0.5523767605633803 0.6126760563380281 0.609792087693414 0.7249925609998017
0 0.22975352112676056 0.29870892018779344 0.28511014369668713 0.3924303351407349
0 0.19278169014084506 0.18192488262910797 0.2538764165096211 0.2657383069937623
0 0.1131161971830986 0.17488262910798122 0.174245987589268 0.26691614869183805
0 0.6830985915492958 0.4794600938967136 0.7514599037889308 0.6018313027617977
0 0.028169014084507043 0.17253521126760563 0.09725872842689942 0.27572034318587585
0 0.043133802816901406 0.6103286384976526 0.10781552209383059 0.713843703850647
0 0.17825704225352113 0.6132629107981221 0.2327560488370363 0.7202973809208931
0 0.704225352112676 0.6126760563380281 0.7584928585598095 0.7161897440983932
0 0.15536971830985916 0.2934272300469484 0.21295978445496924 0.38832545350349357
0 0.3221830985915493 0.159037558685446 0.3704567856080143 0.2645780296017104
0 0.8534330985915493 0.6115023474178404 0.9146771861361832 0.7109087427538627
0 0.2147887323943662 0.477112676056338 0.27015194157905176 0.5765979385703894
0 0.38204225352112675 0.15551643192488263 0.4254480447827812 0.25577727908924597
0 0.5404929577464789 0.46830985915492956 0.5904311210573299 0.5783636679230312
0 0.2517605633802817 0.6056338028169014 0.3031462321463995 0.7208887125570322
0 0.5290492957746479 0.14553990610328638 0.5891157353451696 0.2639990962992352
0 0.11399647887323944 0.4847417840375587 0.17336531845120018 0.5906779684365977
0 0.12235915492957747 0.6073943661971831 0.16984051093533029 0.7120848624611519
0 0.31117957746478875 0.2834507042253521 0.36297923434090457 0.3795284913707597
0 0.6131161971830986 0.47124413145539906 0.6683040861808174 0.5830567816129957
0 0.4507042253521127 0.2676056338028169 0.5257699365205316 0.38658004364213444
0 0.7706866197183099 0.47769953051643194 0.8412100851145605 0.6094614439374904
0 0.6329225352112676 0.6150234741784038 0.6845805798700655 0.7185357843461395
0 0.08626760563380281 0.29988262910798125 0.13596555122991472 0.3930165008045141
0 0.695862676056338 0.15082159624413147 0.7501338632587781 0.24756407183319004
0 0.02464788732394366 0.2963615023474178 0.07569337681015671 0.40182138409486656
0 0.5462147887323944 0.2822769953051643 0.6023124054627058 0.37366063556613544
0 0.2909330985915493 0.4618544600938967 0.3379001174742115 0.5672172215609778
0 0.47579225352112675 0.47476525821596244 0.5231180491841896 0.5848152786043334
0 0.9383802816901409 0.25880281690140844 0.9965059945943265 0.3683927213515837
0 0.26100352112676056 0.1807511737089202 0.30930413577415194 0.25928359672904405
0 0.7473591549295775 0.7904929577464789 0.8178928876958936 0.9120947811280831
0 0.8512323943661971 0.13849765258215962 0.9353647744743108 0.242289614053649
0 0.7742077464788732 0.13673708920187794 0.8363669860270779 0.25109346414952943
0 0.922975352112676 0.6073943661971831 0.9863895354964293 0.7214745338226543
0 0.9410211267605634 0.1414319248826291 0.999 0.2422878920628623
0 0.9273767605633803 0.48884976525821594 0.9789052038905972 0.6065206280720316
0 0.4621478873239437 0.7857981220657277 0.5226839137819878 0.8575200715246093
0 0.34419014084507044 0.7922535211267606 0.39069357828307877 0.8974223864312637
0 0.5338908450704225 0.7764084507042254 0.593074871987205 0.8604598541955961
0 0.6113556338028169 0.8761737089201878 0.6595020441752629 0.9736642173069718
0 0.2935739436619718 0.789906103286385 0.3453813494966277 0.8768838579206066
0 0.7601232394366197 0.8849765258215962 0.8200879739263043 0.9848092860763957
0 0.39524647887323944 0.8251173708920188 0.4540513879934536 0.9273326775992418
0 0.6813380281690141 0.9049295774647887 0.7470592702340806 0.999
0 0.029049295774647887 0.7775821596244131 0.08801538323249355 0.8569380386387181
0 0.12191901408450705 0.00528169014084507 0.19228788775788536 0.09800159525226478
0 0.0801056338028169 0.0035211267605633804 0.1205633337879389 0.1085660087284269
0 0.0035211267605633804 0.02992957746478873 0.03961112626463004 0.10855051081134695
0 0.20158450704225353 0.0005868544600938967 0.27455916174866096 0.09507007813705394
0 0.2852112676056338 0.002347417840375587 0.3519871429279905 0.08861364588154907
0 0.35827464788732394 0.0005868544600938967 0.426338787566951 0.08685411569573938
0 0.43794014084507044 0.0005868544600938967 0.5130114700084308 0.08098557109480041
0 0.5294894366197183 0.002347417840375587 0.5895556824662765 0.08098453790032842
0 0.6003521126760564 0.0005868544600938967 0.6788730844574489 0.07629073541404924
0 0.6857394366197183 0.007042253521126761 0.7540995865155723 0.0762869470343186
0 0.7680457746478874 0.002347417840375587 0.8429718108386233 0.07452913883929556
0 0.8503521126760564 0.0035211267605633804 0.9274426267109701 0.06572563314157244
0 0.9432218309859155 0.002347417840375587 0.9947433002504464 0.06220519517732373
0 0.8688380281690141 0.45774647887323944 0.9146704057974607 0.5889332473715533
0 0.04753521126760563 0.4841549295774648 0.1020917538682801 0.6012416931164452
0 0.002640845070422535 0.48884976525821594 0.04401292216326126 0.6147365905133461
0 0.00044014084507042255 0.6232394366197183 0.033890651346459036 0.7185309627719367
0 0.029049295774647887 0.8667840375586855 0.09065622830291609 0.9871673802596486
0 0.15669014084507044 0.8873239436619719 0.2213218793394168 0.9959581432255504
0 0.4647887323943662 0.8620892018779343 0.5165207796072209 0.9408086330974894
0 0.5110035211267606 0.9043427230046949 0.5847222695769689 0.9930138833785184
0 0.6025528169014085 0.7822769953051644 0.655544651048899 0.8540010111529899
0 0.6637323943661971 0.7869718309859155 0.7109754698968459 0.8651484907095153
