0 0.6921214788732394 0.8568075117370892 0.08054577464788733 0.1807511737089202
0 0.5950704225352113 0.8436032863849765 0.06338028169014084 0.18838028169014084
0 0.49383802816901406 0.8447769953051644 0.0721830985915493 0.18368544600938966
0 0.3378080985915493 0.5956572769953051 0.11047535211267606 0.07276995305164319
0 0.4621478873239437 0.5921361502347418 0.12764084507042253 0.07042253521126761
0 0.6199383802816901 0.3019366197183099 0.19410211267605634 0.13204225352112675
0 0.6111355633802817 0.17370892018779344 0.14920774647887325 0.09272300469483569
0 0.823943661971831 0.19307511737089203 0.20334507042253522 0.12206572769953052
0 0.6155369718309859 0.47769953051643194 0.15889084507042253 0.06807511737089202
0 0.8290052816901409 0.3301056338028169 0.20026408450704225 0.13204225352112675
0 0.022007042253521125 0.8125 0.03961267605633803 0.12147887323943662
0 0.8402288732394366 0.03990610328638498 0.22887323943661972 0.07629107981220658
0 0.12037852112676056 0.8286384976525821 0.06558098591549295 0.13262910798122066
0 0.4311179577464789 0.30985915492957744 0.1386443661971831 0.1255868544600939
0 0.7827904929577465 0.6097417840375586 0.1324823943661972 0.1784037558685446
0 0.33098591549295775 0.522593896713615 0.1073943661971831 0.05457746478873239
0 0.6150968309859155 0.5856807511737089 0.1694542253521127 0.1267605633802817
0 0.2007042253521127 0.5011737089201878 0.11355633802816902 0.11032863849765258
0 0.07328345070422536 0.1681338028169014 0.10607394366197183 0.058098591549295774
0 0.2834507042253521 0.18221830985915494 0.13996478873239437 0.08744131455399061
0 0.15514964788732394 0.26965962441314556 0.08582746478873239 0.09565727699530517
0 0.20818661971830985 0.6126760563380281 0.1153169014084507 0.06338028169014084
0 0.6058538732394366 0.03697183098591549 0.22227112676056338 0.07276995305164319
0 0.37367957746478875 0.031396713615023476 0.21654929577464788 0.061619718309859156
0 0.2735475352112676 0.3154342723004695 0.14128521126760563 0.11795774647887323
0 0.2904929577464789 0.8400821596244131 0.06602112676056338 0.13673708920187794
0 0.2055457746478873 0.8321596244131455 0.06690140845070422 0.1255868544600939
0 0.4003080985915493 0.8265845070422535 0.05237676056338028 0.15551643192488263
0 0.7845510563380281 0.8594483568075117 0.0664612676056338 0.17312206572769953
0 0.9346390845070423 0.9530516431924883 0.1210387323943662 0.08685446009389672
0 0.050616197183098594 0.2802230046948357 0.09419014084507042 0.11443661971830986
0 0.20796654929577466 0.035211267605633804 0.0682218309859155 0.06338028169014084
0 0.09220950704225352 0.031396713615023476 0.144806338028169 0.061619718309859156
0 0.1758362676056338 0.153462441314554 0.0682218309859155 0.052230046948356805
0 0.09463028169014084 0.5495892018779343 0.08714788732394366 0.09448356807511737
0 0.33252640845070425 0.4595070422535211 0.12279929577464789 0.05868544600938967
0 0.9209947183098591 0.6346830985915493 0.13424295774647887 0.14964788732394366
0 0.05919894366197183 0.8245305164319249 0.04621478873239437 0.1255868544600939
