0 0.3345070422535211 0.693075117370892 0.4171062909145011 0.7900862235226697
0 0.3419894366197183 0.11326291079812206 0.4386698990155723 0.20826686448896822
0 0.7535211267605634 0.6842723004694836 0.8429782037294188 0.7402087603870484
0 0.2262323943661972 0.10974178403755869 0.3225236653193811 0.20357409519716105
0 0.46258802816901406 0.2857981220657277 0.560975973579151 0.3619214799753136
0 0.5730633802816901 0.28931924882629106 0.6916491798502281 0.37659077508871697
0 0.08934859154929578 0.12030516431924883 0.19714377262695892 0.2018073326500474
0 0.3402288732394366 0.5446009389671361 0.44615306827762347 0.6100090370076484
0 0.3543133802816901 0.2717136150234742 0.4369039113643126 0.35254007416958716
0 0.24691901408450703 0.2775821596244131 0.33307794057478673 0.357231465868765
0 0.4339788732394366 0.6889671361502347 0.5068512416931164 0.7660276014459212
0 0.11487676056338028 0.284037558685446 0.20197408593285063 0.3695516211510062
0 0.7112676056338029 0.11913145539906103 0.841236237849633 0.21471881956842778
0 0.5664612676056338 0.11737089201877934 0.7057365927519341 0.21706727060327538
0 0.34463028169014087 0.44835680751173707 0.4443905676577068 0.507365987789019
0 0.5294894366197183 0.6919014084507042 0.6071613162690934 0.7666127339152284
0 0.8565140845070423 0.17018779342723006 0.9353624497867487 0.214102002468646
0 0.22887323943661972 0.7065727699530516 0.305797150862924 0.7906651568251449
0 0.6408450704225352 0.693075117370892 0.7338728674866098 0.7554618103771298
0 0.7605633802816901 0.29401408450704225 0.8376934140051577 0.3930199447860874
0 0.02948943661971831 0.29284037558685444 0.09901871063529062 0.36602532841808283
0 0.8529929577464789 0.10856807511737089 0.927441464367189 0.1554527182657762
0 0.46742957746478875 0.5264084507042254 0.5517308848690736 0.5935877884678966
0 0.4621478873239437 0.43309859154929575 0.5600958856129736 0.4985721252397011
0 0.8252640845070423 0.5868544600938967 0.9807107112304106 0.6258293107628556
0 0.4564260563380282 0.11619718309859155 0.5636195307850626 0.21237312371883887
0 0.13732394366197184 0.6983568075117371 0.21516843136282485 0.7953648140800987
0 0.7059859154929577 0.29460093896713613 0.7532103935231105 0.38949847362736667
0 0.835387323943662 0.482981220657277 0.9727837203679827 0.5237775931803654
0 0.15140845070422534 0.48532863849765256 0.22836645754810553 0.581287952676938
0 0.852112676056338 0.34330985915492956 0.9771777673080737 0.38829617966012037
0 0.8538732394366197 0.27875586854460094 0.9657333304403888 0.3255406362273799
0 0.7482394366197183 0.7494131455399061 0.7910439086986709 0.8293724101258569
0 0.7975352112676056 0.7523474178403756 0.8482405214739139 0.8276101247547885
0 0.3331866197183099 0.8873239436619719 0.4267899706779409 0.9402069695166302
0 0.33758802816901406 0.9401408450704225 0.42634789259323547 0.9947534384712029
0 0.15669014084507044 0.9172535211267606 0.20679723145209283 0.9912457432387755
0 0.4326584507042254 0.9536384976525821 0.5389821045551478 0.999
0 0.08142605633802817 0.9166666666666666 0.14256979486956953 0.983030125195618
0 0.5576584507042254 0.8973004694835681 0.6339975094847253 0.9842151992549979
0 0.23415492957746478 0.9336854460093896 0.3115166571612775 0.9871281188697129
0 0.667693661971831 0.8838028169014085 0.7514666841276533 0.9848099748727105
0 0.23723591549295775 0.869131455399061 0.3088744560231105 0.9243725754369724
0 0.8675176056338029 0.95481220657277 0.9454808461242808 0.9929842651369878
0 0.8727992957746479 0.7617370892018779 0.9489996481972822 0.8223229242434261
0 0.7676056338028169 0.9119718309859155 0.8552959482245587 0.9971173874231303
0 0.8657570422535211 0.9014084507042254 0.9366788041187265 0.9372644316603849
0 0.027288732394366196 0.49471830985915494 0.13819221446637572 0.602409202869801
0 0.23547535211267606 0.505868544600939 0.3282414281020631 0.6106186217461262
0 0.22931338028169015 0.4301643192488263 0.3361666754488197 0.5020949739910512
0 0.5933098591549296 0.517018779342723 0.7066050572803015 0.5900721720778506
0 0.7389964788732394 0.5293427230046949 0.8165761459159888 0.6205813716414292
0 0.06866197183098592 0.6895539906103286 0.11528668047014481 0.8223652852167779
0 0.15669014084507044 0.8456572769953051 0.22264230187462805 0.9126492621613878
0 0.08054577464788733 0.8556338028169014 0.14829201330341202 0.9026668815711167
0 0.00044014084507042255 0.002347417840375587 0.10607374993800833 0.05574979611629086
0 0.11355633802816902 0.0035211267605633804 0.21605917414699466 0.051054271639225025
0 0.22711267605633803 0.005868544600938967 0.33176623561793295 0.03872895038462386
0 0.3402288732394366 0.007042253521126761 0.4426319415170601 0.0375545526681214
0 0.46742957746478875 0.007042253521126761 0.5821006031789328 0.03403342590755802
0 0.5893485915492958 0.009389671361502348 0.6727159557255505 0.04283486521633714
0 0.7244718309859155 0.007042253521126761 0.8029381726096012 0.0375545526681214
0 0.866637323943662 0.01056338028169014 0.9199530645581235 0.03755248627917741
0 0.9251760563380281 0.005868544600938967 0.9705434964540766 0.03872895038462386
0 0.44850352112676056 0.892018779342723 0.5306124544361238 0.9372699420309021
0 0.8287852112676056 0.5316901408450704 0.9798288797485618 0.5777396184619454
0 0.8261443661971831 0.44014084507042256 0.9697068026557231 0.47626752297824504
