0 0.7279929577464789 0.8004694835680751 0.7615633833812736 0.9355631047631643
0 0.16549295774647887 0.18016431924882628 0.24200462457845667 0.3044717345544315
0 0.5536971830985915 0.24706572769953053 0.630037985394763 0.31734327128656126
0 0.647887323943662 0.4518779342723005 0.7118627256496727 0.5208615739822345
0 0.7403169014084507 0.4465962441314554 0.7950086633356477 0.5085407299036787
0 0.1795774647887324 0.4119718309859155 0.228794200059512 0.48684743437148714
0 0.33846830985915494 0.6091549295774648 0.4470341248636183 0.665722326919262
0 0.6839788732394366 0.6208920187793427 0.7364947276086093 0.6897764718199652
0 0.4735915492957746 0.20481220657276994 0.5350028206209085 0.3085652510524807
0 0.06734154929577464 0.18838028169014084 0.1359738813603452 0.31385658434173114
0 0.43794014084507044 0.015258215962441314 0.523574850290121 0.09447461372302673
0 0.5809859154929577 0.6261737089201878 0.6705189322555049 0.6774494285745775
0 0.24911971830985916 0.19248826291079812 0.30710866209581433 0.28685886839031055
0 0.0017605633802816902 0.7494131455399061 0.04005204200555445 0.8739733490929931
0 0.8036971830985915 0.6220657276995305 0.856600485394763 0.6844940928828055
0 0.5779049295774648 0.44366197183098594 0.6353090207176155 0.5149978509554982
0 0.1500880281690141 0.02640845070422535 0.23232830632562987 0.09681548799841301
0 0.7975352112676056 0.24530516431924881 0.8500010848541956 0.3173443044810333
0 0.8169014084507042 0.45539906103286387 0.873320025788534 0.5114698362317882
0 0.75 0.6126760563380281 0.793243838028169 0.6868470210936984
0 0.8587147887323944 0.02523474178403756 0.9252382417303114 0.10092415801538496
0 0.4335387323943662 0.7752347417840375 0.48440425231848844 0.9126905899402675
0 0.14920774647887325 0.7734741784037559 0.20283925715383852 0.881588336749763
0 0.49911971830985913 0.778755868544601 0.5442345423775045 0.9138622324715114
0 0.32350352112676056 0.7916666666666666 0.36957592274598294 0.8950753129890453
0 0.2130281690140845 0.784037558685446 0.25606820943265224 0.882168992043025
0 0.04973591549295775 0.7723004694835681 0.09504853172733585 0.862809682823073
0 0.27024647887323944 0.7910798122065728 0.31238105348641143 0.888033403866076
0 0.3767605633802817 0.7863849765258216 0.4232496652449911 0.9074023562344332
0 0.7825704225352113 0.7922535211267606 0.8240393616097996 0.8868590061495736
0 0.6654929577464789 0.8116197183098591 0.7030521597897242 0.9173640729352641
0 0.3842429577464789 0.1772300469483568 0.45933792123338624 0.3015391842447486
0 0.32350352112676056 0.20011737089201878 0.3730970495065463 0.3003520437964249
0 0.08230633802816902 0.011737089201877934 0.12188278770333268 0.07452362846877825
0 0.2574823943661972 0.0011737089201877935 0.3216296292278318 0.08685377129758205
0 0.3261443661971831 0.007042253521126761 0.4140289857543146 0.10973765125967071
0 0.5374119718309859 0.013497652582159625 0.6331261390969054 0.10503902719918888
0 0.6443661971830986 0.005868544600938967 0.7259487824836343 0.07041909122969428
0 0.6738556338028169 0.07922535211267606 0.7404604508654037 0.11321641704688223
0 0.7566021126760564 0.002347417840375587 0.8420965659715334 0.09859017170314531
0 0.6434859154929577 0.2306338028169014 0.7065829727484626 0.31031066091383985
0 0.4977992957746479 0.4336854460093897 0.5719639967888316 0.509135161123234
0 0.41813380281690143 0.4325117370892019 0.4782490608262249 0.5103095588397364
0 0.3336267605633803 0.38497652582159625 0.4030221713201746 0.4921449668275695
0 0.4564260563380282 0.6197183098591549 0.5561371364188653 0.6733452357336508
0 0.7288732394366197 0.20892018779342722 0.7936932776234874 0.32499476514800857
0 0.6025528169014085 0.8039906103286385 0.6498228200629835 0.915021132270934
0 0.559419014084507 0.7711267605633803 0.598345326138167 0.9015427659855848
0 0.2658450704225352 0.6109154929577465 0.315023835796469 0.6974114345698605
0 0.11619718309859155 0.42018779342723006 0.16324111039476297 0.4715843968348432
0 0.2794894366197183 0.4278169014084507 0.3225002247197976 0.4639508116775772
