0 0.7040052816901409 0.11883802816901408 0.06998239436619719 0.18720657276995306
0 0.7099471830985915 0.6223591549295775 0.0721830985915493 0.17781690140845072
0 0.6199383802816901 0.6164906103286385 0.05941901408450704 0.15434272300469484
0 0.6214788732394366 0.10357981220657277 0.07306338028169014 0.20129107981220656
0 0.7830105633802817 0.3685446009389671 0.07658450704225352 0.18779342723004694
0 0.5444542253521126 0.11003521126760564 0.07482394366197183 0.2106807511737089
0 0.5448943661971831 0.6100352112676056 0.061619718309859156 0.1449530516431925
0 0.3182218309859155 0.3767605633802817 0.06514084507042253 0.1983568075117371
0 0.3109595070422535 0.12940140845070422 0.0761443661971831 0.1965962441314554
0 0.7764084507042254 0.12059859154929578 0.05721830985915493 0.18016431924882628
0 0.39370598591549294 0.3682511737089202 0.07966549295774648 0.2130281690140845
0 0.22733274647887325 0.11707746478873239 0.0761443661971831 0.20246478873239437
0 0.7040052816901409 0.3626760563380282 0.0682218309859155 0.1807511737089202
0 0.7865316901408451 0.6126760563380281 0.06690140845070422 0.1643192488262911
0 0.125 0.6340962441314554 0.06073943661971831 0.1766431924882629
0 0.47909330985915494 0.6126760563380281 0.061179577464788734 0.12206572769953052
0 0.4639084507042254 0.11561032863849766 0.06866197183098592 0.1936619718309859
0 0.20818661971830985 0.6317488262910798 0.05897887323943662 0.1637323943661972
0 0.11619718309859155 0.14759389671361503 0.051056338028169015 0.1637323943661972
0 0.04973591549295775 0.6343896713615024 0.07306338028169014 0.17136150234741784
0 0.23987676056338028 0.3873239436619718 0.0721830985915493 0.1936619718309859
0 0.025308098591549297 0.13262910798122066 0.042693661971830985 0.2112676056338028
0 0.3886443661971831 0.13086854460093897 0.06602112676056338 0.18427230046948356
0 0.3413292253521127 0.6267605633802817 0.07526408450704225 0.19014084507042253
0 0.9713908450704225 0.11707746478873239 0.05721830985915493 0.1965962441314554
0 0.9808538732394366 0.5982981220657277 0.05413732394366197 0.1426056338028169
0 0.4044894366197183 0.6126760563380281 0.040492957746478875 0.16314553990610328
0 0.05699823943661972 0.8644366197183099 0.05941901408450704 0.09976525821596244
0 0.9154929577464789 0.36384976525821594 0.061619718309859156 0.18779342723004694
0 0.9399207746478874 0.8450704225352113 0.05237676056338028 0.15492957746478872
0 0.8514524647887324 0.11502347417840375 0.06470070422535211 0.19483568075117372
0 0.8573943661971831 0.602406103286385 0.06602112676056338 0.15434272300469484
0 0.971830985915493 0.3673708920187793 0.051056338028169015 0.1807511737089202
0 0.9121919014084507 0.12294600938967136 0.047975352112676055 0.16960093896713616
0 0.921875 0.5956572769953051 0.0682218309859155 0.14553990610328638
0 0.686399647887324 0.9066901408450704 0.06205985915492958 0.1607981220657277
0 0.5404929577464789 0.9028755868544601 0.045774647887323945 0.16607981220657278
0 0.191681338028169 0.9178403755868545 0.1192781690140845 0.15023474178403756
0 0.6126760563380281 0.9157863849765259 0.058098591549295774 0.16490610328638497
0 0.4669894366197183 0.903462441314554 0.06514084507042253 0.1449530516431925
0 0.3683978873239437 0.8330399061032864 0.09154929577464789 0.07687793427230047
0 0.8690580985915493 0.8553403755868545 0.06205985915492958 0.1437793427230047
0 0.16285211267605634 0.1449530516431925 0.040492957746478875 0.17136150234741784
0 0.1681338028169014 0.38380281690140844 0.06514084507042253 0.19131455399061034
0 0.2746478873239437 0.6276408450704225 0.06514084507042253 0.1789906103286385
0 0.0900088028169014 0.937206572769953 0.0682218309859155 0.0880281690140845
0 0.980193661971831 0.8383215962441315 0.032570422535211266 0.14964788732394366
