0 0.23415492957746478 0.5258215962441315 0.10915492957746478 0.09507042253521127
0 0.8265845070422535 0.15757042253521128 0.1795774647887324 0.056924882629107984
0 0.815580985915493 0.5874413145539906 0.1619718309859155 0.06807511737089202
0 0.6373239436619719 0.2772887323943662 0.17165492957746478 0.06396713615023474
0 0.8246038732394366 0.09624413145539906 0.167693661971831 0.05868544600938967
0 0.6456866197183099 0.33832159624413144 0.18045774647887325 0.04988262910798122
0 0.6360035211267606 0.1528755868544601 0.18309859154929578 0.0534037558685446
0 0.8050176056338029 0.7009976525821596 0.15580985915492956 0.06631455399061033
0 0.8184419014084507 0.33274647887323944 0.14920774647887325 0.06807511737089202
0 0.6377640845070423 0.4865023474178404 0.15757042253521128 0.0539906103286385
0 0.4610475352112676 0.5809859154929577 0.1580105633802817 0.056338028169014086
0 0.46566901408450706 0.32511737089201875 0.1602112676056338 0.051643192488262914
0 0.6386443661971831 0.09213615023474178 0.17341549295774647 0.051643192488262914
0 0.6318221830985915 0.6003521126760564 0.16153169014084506 0.04812206572769953
0 0.3851232394366197 0.6913145539906104 0.11267605633802817 0.07394366197183098
0 0.4632482394366197 0.26085680751173707 0.15536971830985916 0.05457746478873239
0 0.08098591549295775 0.6960093896713615 0.09066901408450705 0.08215962441314555
0 0.6329225352112676 0.5422535211267606 0.1619718309859155 0.056338028169014086
0 0.8043573943661971 0.5120305164319249 0.14744718309859156 0.058098591549295774
0 0.8017165492957746 0.795774647887324 0.1483274647887324 0.09976525821596244
0 0.47161091549295775 0.15199530516431925 0.1483274647887324 0.04929577464788732
0 0.7902728873239436 0.4413145539906103 0.1386443661971831 0.06103286384976526
0 0.29973591549295775 0.3057511737089202 0.12852112676056338 0.10328638497652583
0 0.2748679577464789 0.7121478873239436 0.08318661971830986 0.09917840375586855
0 0.18772007042253522 0.7130281690140845 0.09727112676056338 0.09507042253521127
0 0.2951144366197183 0.12646713615023475 0.12632042253521128 0.09448356807511737
0 0.4685299295774648 0.420481220657277 0.1430457746478873 0.04401408450704225
0 0.4590669014084507 0.47124413145539906 0.15140845070422534 0.04812206572769953
0 0.9414612676056338 0.4154929577464789 0.10299295774647887 0.25704225352112675
0 0.4727112676056338 0.09536384976525822 0.136443661971831 0.04870892018779343
0 0.08142605633802817 0.5316901408450704 0.08714788732394366 0.08215962441314555
0 0.3783010563380282 0.7828638497652582 0.11223591549295775 0.09389671361502347
0 0.08142605633802817 0.4498239436619718 0.09242957746478873 0.07453051643192488
0 0.16131161971830985 0.13204225352112675 0.12015845070422536 0.09859154929577464
0 0.5044014084507042 0.7074530516431925 0.10827464788732394 0.04988262910798122
0 0.4654489436619718 0.5214201877934272 0.14656690140845072 0.058098591549295774
0 0.6423855633802817 0.7637910798122066 0.15184859154929578 0.1073943661971831
0 0.08648767605633803 0.9606807511737089 0.09639084507042253 0.06572769953051644
0 0.7764084507042254 0.9483568075117371 0.11355633802816902 0.09976525821596244
0 0.4113116197183099 0.9175469483568075 0.09991197183098592 0.06866197183098592
0 0.512544014084507 0.9735915492957746 0.09727112676056338 0.0528169014084507
0 0.6456866197183099 0.9454225352112676 0.1382042253521127 0.10915492957746478
0 0.5039612676056338 0.7816901408450704 0.10651408450704225 0.0903755868544601
0 0.522887323943662 0.9160798122065728 0.0897887323943662 0.056338028169014086
0 0.3091989436619718 0.9231220657276995 0.08054577464788733 0.06103286384976526
0 0.9427816901408451 0.818075117370892 0.051056338028169015 0.1255868544600939
0 0.04841549295774648 0.1317488262910798 0.09595070422535211 0.09565727699530517
0 0.4867957746478873 0.053110328638497656 0.13204225352112675 0.03697183098591549
0 0.6355633802816901 0.047828638497652586 0.15669014084507044 0.02640845070422535
0 0.9546654929577465 0.07629107981220658 0.07658450704225352 0.13849765258215962
0 0.17209507042253522 0.31279342723004694 0.11003521126760564 0.08333333333333333
0 0.06910211267605634 0.29870892018779344 0.07746478873239436 0.08333333333333333
0 0.33670774647887325 0.556631455399061 0.06602112676056338 0.10152582159624413
0 0.981294014084507 0.8283450704225352 0.037411971830985914 0.12969483568075119
0 0.961487676056338 0.6229460093896714 0.030369718309859156 0.15786384976525822
0 0.9889964788732394 0.6338028169014085 0.022007042253521125 0.15492957746478872
0 0.2108274647887324 0.926349765258216 0.06954225352112677 0.08157276995305164
0 0.3058978873239437 0.9750586854460094 0.09242957746478873 0.04988262910798122
0 0.41065140845070425 0.9759389671361502 0.0977112676056338 0.04812206572769953
0 0.8868838028169014 0.954225352112676 0.1056338028169014 0.08215962441314555
0 0.11201584507042253 0.9069835680751174 0.10079225352112677 0.04636150234741784
