0 0.5136443661971831 0.3873239436619718 0.5785591354022019 0.4651482840706209
0 0.6007922535211268 0.2887323943661972 0.6797531724236262 0.36837515704555973
0 0.4212147887323944 0.40082159624413144 0.4901315075753819 0.46807463521347176
0 0.1487676056338028 0.10974178403755869 0.21912466214540766 0.2106163487182878
0 0.4163732394366197 0.2975352112676056 0.4936547652995438 0.3701305544534815
0 0.5044014084507042 0.057511737089201875 0.5759223585350128 0.19128080297119177
0 0.3164612676056338 0.0534037558685446 0.3937867688082722 0.19069635929819923
0 0.06690140845070422 0.107981220657277 0.122769849732196 0.20768310961229033
0 0.3191021126760563 0.3873239436619718 0.41315180364758974 0.4651482840706209
0 0.24515845070422534 0.06279342723004695 0.2930258985692323 0.1918645578478697
0 0.5074823943661971 0.5809859154929577 0.5878048052841698 0.65458862328903
0 0.14216549295774647 0.38028169014084506 0.21956770884993057 0.46221814454803944
0 0.5066021126760564 0.29988262910798125 0.5706396997743504 0.37247659470122774
0 0.7011443661971831 0.7323943661971831 0.7571737920923428 0.8158847450902599
0 0.2367957746478873 0.31514084507042256 0.30799436805693314 0.38303102063082717
0 0.15492957746478872 0.31279342723004694 0.2261642035310454 0.37775070808261146
0 0.6043133802816901 0.03697183098591549 0.6687481015051577 0.19892196488791905
0 0.42297535211267606 0.10035211267605634 0.4826483383133307 0.1859739717648615
0 0.6993838028169014 0.5786384976525821 0.7677379472698869 0.6586979821023166
0 0.04665492957746479 0.3955399061032864 0.1355428455415592 0.4569275000551037
0 0.6976232394366197 0.38967136150234744 0.7668584404756001 0.4581046529568648
0 0.1932218309859155 0.7382629107981221 0.2556367861659393 0.8211629912495316
0 0.4234154929577465 0.6050469483568075 0.48572913050486016 0.6528139395842976
0 0.6025528169014085 0.38086854460093894 0.6727101440066455 0.456936110009037
0 0.4225352112676056 0.5346244131455399 0.48616965879785756 0.5883012767528488
0 0.3248239436619718 0.3163145539906103 0.400385200729022 0.37598807831338577
0 0.4251760563380282 0.755868544600939 0.49321074997520337 0.8164578236240605
0 0.6976232394366197 0.301056338028169 0.7756612573770085 0.3630862345434107
0 0.6888204225352113 0.04107981220657277 0.7549785121379686 0.19129044611959709
0 0.230193661971831 0.3914319248826291 0.3013951612403293 0.4639721643633318
0 0.08714788732394366 0.5815727699530516 0.16897572716226938 0.6416774807688069
0 0.2649647887323944 0.5305164319248826 0.31238337817397344 0.6188201194648327
0 0.7948943661971831 0.2981220657276995 0.9116219655078357 0.37247762789569966
0 0.7874119718309859 0.375 0.8720125827588772 0.4663292253521127
0 0.5220070422535211 0.772887323943662 0.5913195391539376 0.8475511224624743
0 0.6157570422535211 0.7881455399061033 0.6727043322877405 0.8604529662324495
0 0.34066901408450706 0.7822769953051644 0.4153430153987304 0.8328742505896096
0 0.5268485915492958 0.9278169014084507 0.586915999739635 0.9982817975930701
0 0.26276408450704225 0.8943661971830986 0.3154653327092839 0.9730666865040006
0 0.8358274647887324 0.9213615023474179 0.927889160446836 0.9965250225925191
0 0.46566901408450706 0.9330985915492958 0.5107985611733783 0.999
0 0.772887323943662 0.7370892018779343 0.8134802432553064 0.8264453701866913
0 0.3512323943661972 0.5463615023474179 0.40433484489684585 0.6023788958319557
0 0.09507042253521127 0.5352112676056338 0.14652505703233484 0.5642398994908417
0 0.5079225352112676 0.528169014084507 0.5913257383207697 0.5618966144283541
0 0.6113556338028169 0.5745305164319249 0.6718259878372347 0.6569398295091362
0 0.7847711267605634 0.5757042253521126 0.8579292380604048 0.6129250562057792
0 0.2794894366197183 0.7224178403755869 0.3282220557057131 0.7888952946946153
0 0.14216549295774647 0.7347417840375586 0.15838813138514182 0.7742167008309638
0 0.11179577464788733 0.903169014084507 0.1702853011555247 0.9894934454142696
0 0.18794014084507044 0.9325117370892019 0.21602643479716327 0.9759785729242434
0 0.23283450704225353 0.9043427230046949 0.25209822424866096 0.9713002683550442
0 0.3886443661971831 0.9254694835680751 0.4500930262472724 0.9918277761246665
0 0.6078345070422535 0.9524647887323944 0.6551021855162666 0.9906382248892416
0 0.6756161971830986 0.92018779342723 0.7193329154061695 0.9906571667878948
