0 0.3657570422535211 0.3685446009389671 0.11443661971830986 0.1068075117370892
0 0.25528169014084506 0.8356807511737089 0.0994718309859155 0.07511737089201878
0 0.6327024647887324 0.9014084507042254 0.10871478873239436 0.07276995305164319
0 0.367737676056338 0.5249413145539906 0.10783450704225352 0.10974178403755869
0 0.3633362676056338 0.670774647887324 0.09463028169014084 0.09624413145539906
0 0.492737676056338 0.198943661971831 0.05413732394366197 0.0880281690140845
0 0.12367957746478873 0.5316901408450704 0.11443661971830986 0.1056338028169014
0 0.6100352112676056 0.6963028169014085 0.12411971830985916 0.09683098591549295
0 0.4821742957746479 0.6804577464788732 0.1131161971830986 0.0886150234741784
0 0.14524647887323944 0.3720657276995305 0.1056338028169014 0.1068075117370892
0 0.2671654929577465 0.6740023474178404 0.08890845070422536 0.0897887323943662
0 0.6170774647887324 0.5328638497652582 0.12411971830985916 0.09741784037558686
0 0.6771566901408451 0.17781690140845072 0.05677816901408451 0.10915492957746478
0 0.491637323943662 0.8418427230046949 0.12235915492957747 0.07453051643192488
0 0.49889964788732394 0.3767605633802817 0.1192781690140845 0.09976525821596244
0 0.13380281690140844 0.6963028169014085 0.1056338028169014 0.10387323943661972
0 0.9025088028169014 0.3738262910798122 0.04621478873239437 0.08215962441314555
0 0.9592869718309859 0.37646713615023475 0.04445422535211268 0.07453051643192488
0 0.5556778169014085 0.19806338028169015 0.05237676056338028 0.08744131455399061
0 0.25682218309859156 0.3682511737089202 0.09815140845070422 0.1073943661971831
0 0.8862235915492958 0.7112676056338029 0.1483274647887324 0.045774647887323945
0 0.2539612676056338 0.5243544600938967 0.10651408450704225 0.1073943661971831
0 0.6245598591549296 0.3711854460093897 0.12764084507042253 0.10504694835680752
0 0.7464788732394366 0.5328638497652582 0.1267605633802817 0.09976525821596244
0 0.4876760563380282 0.5381455399061033 0.11883802816901408 0.09859154929577464
0 0.8609154929577465 0.1742957746478873 0.05369718309859155 0.11854460093896714
0 0.7515404929577465 0.36619718309859156 0.11223591549295775 0.0903755868544601
0 0.0448943661971831 0.3785211267605634 0.08890845070422536 0.1056338028169014
0 0.040272887323943664 0.6924882629107981 0.07966549295774648 0.09859154929577464
0 0.7330545774647887 0.18544600938967137 0.05149647887323944 0.09976525821596244
0 0.8501320422535211 0.375 0.04709507042253521 0.07629107981220658
0 0.1624119718309859 0.8447769953051644 0.08362676056338028 0.09330985915492958
0 0.10893485915492958 0.21684272300469484 0.032130281690140844 0.09330985915492958
0 0.23085387323943662 0.2092136150234742 0.03917253521126761 0.07922535211267606
0 0.9115316901408451 0.17253521126760563 0.056338028169014086 0.1255868544600939
0 0.7935739436619719 0.17928403755868544 0.05545774647887324 0.10622065727699531
0 0.7442781690140845 0.7077464788732394 0.12852112676056338 0.09976525821596244
0 0.8796214788732394 0.6528755868544601 0.1386443661971831 0.041666666666666664
0 0.3714788732394366 0.8441901408450704 0.11883802816901408 0.08626760563380281
0 0.36971830985915494 0.9360328638497653 0.12059859154929578 0.09976525821596244
0 0.4878961267605634 0.926349765258216 0.12279929577464789 0.07570422535211267
0 0.8820422535211268 0.9595070422535211 0.15933098591549297 0.04929577464788732
0 0.8851232394366197 0.8512323943661971 0.1602112676056338 0.05927230046948357
0 0.01584507042253521 0.22476525821596244 0.030809859154929578 0.08685446009389672
0 0.04379401408450704 0.2244718309859155 0.02420774647887324 0.08039906103286384
0 0.07086267605633803 0.2136150234741784 0.032570422535211266 0.08333333333333333
0 0.1443661971830986 0.21390845070422534 0.03609154929577465 0.08626760563380281
0 0.1837588028169014 0.215962441314554 0.03125 0.0880281690140845
0 0.27662852112676056 0.20980046948356806 0.03829225352112676 0.08157276995305164
0 0.29555457746478875 0.12822769953051644 0.03917253521126761 0.06631455399061033
0 0.25264084507042256 0.12881455399061034 0.032570422535211266 0.07453051643192488
0 0.15933098591549297 0.1396713615023474 0.040492957746478875 0.062206572769953054
0 0.3430897887323944 0.2112676056338028 0.0488556338028169 0.07276995305164319
0 0.9742517605633803 0.17576291079812206 0.04621478873239437 0.13438967136150234
0 0.6153169014084507 0.1960093896713615 0.051056338028169015 0.08450704225352113
0 0.40735035211267606 0.22593896713615025 0.035651408450704226 0.04342723004694836
0 0.4465228873239437 0.2244718309859155 0.03125 0.04636150234741784
0 0.4918573943661972 0.13262910798122066 0.04533450704225352 0.03873239436619718
0 0.5475352112676056 0.12881455399061034 0.05193661971830986 0.03697183098591549
0 0.6018926056338029 0.12881455399061034 0.04973591549295775 0.04636150234741784
0 0.8595950704225352 0.4762323943661972 0.0880281690140845 0.040492957746478875
0 0.8661971830985915 0.5240610328638498 0.09154929577464789 0.04342723004694836
0 0.05391725352112676 0.8964201877934272 0.10079225352112677 0.12030516431924883
0 0.25858274647887325 0.9257629107981221 0.09286971830985916 0.0897887323943662
0 0.7253521126760564 0.8562206572769953 0.0994718309859155 0.07746478873239436
0 0.7669454225352113 0.9398474178403756 0.06734154929577464 0.10504694835680752
0 0.8851232394366197 0.9058098591549296 0.1619718309859155 0.03697183098591549
0 0.613556338028169 0.8330399061032864 0.10299295774647887 0.052230046948356805
0 0.964568661971831 0.522593896713615 0.06558098591549295 0.12617370892018778
0 0.03147007042253521 0.5264084507042254 0.06029929577464789 0.10328638497652583
