0 0.09330985915492958 0.2761150234741784 0.13028169014084506 0.06866197183098592
0 0.2847711267605634 0.15082159624413147 0.1311619718309859 0.025821596244131457
0 0.27002640845070425 0.1942488262910798 0.12720070422535212 0.036384976525821594
0 0.2616637323943662 0.24442488262910797 0.12015845070422536 0.041666666666666664
0 0.2731073943661972 0.29019953051643194 0.12279929577464789 0.040492957746478875
0 0.4588468309859155 0.24295774647887325 0.11839788732394366 0.029342723004694836
0 0.46588908450704225 0.29019953051643194 0.07526408450704225 0.04518779342723005
0 0.3382482394366197 0.09448356807511737 0.07702464788732394 0.035211267605633804
0 0.625 0.10622065727699531 0.15316901408450703 0.03873239436619718
0 0.6192781690140845 0.15023474178403756 0.14964788732394366 0.03873239436619718
0 0.6027728873239436 0.1977699530516432 0.16593309859154928 0.036384976525821594
0 0.6091549295774648 0.24178403755868544 0.1602112676056338 0.03873239436619718
0 0.6164172535211268 0.29019953051643194 0.167693661971831 0.040492957746478875
0 0.7959947183098591 0.14289906103286384 0.14128521126760563 0.0733568075117371
0 0.7898327464788732 0.23151408450704225 0.15713028169014084 0.07453051643192488
0 0.7940140845070423 0.2963615023474178 0.15933098591549297 0.03755868544600939
0 0.9410211267605634 0.16285211267605634 0.10915492957746478 0.22593896713615025
0 0.9454225352112676 0.48708920187793425 0.10651408450704225 0.2335680751173709
0 0.9786531690140845 0.8133802816901409 0.030369718309859156 0.215962441314554
0 0.8967869718309859 0.7852112676056338 0.09551056338028169 0.17253521126760563
0 0.04401408450704225 0.10064553990610328 0.08450704225352113 0.0698356807511737
0 0.12654049295774647 0.11091549295774648 0.06029929577464789 0.03403755868544601
0 0.13006161971830985 0.1487676056338028 0.06029929577464789 0.01936619718309859
0 0.12081866197183098 0.17752347417840375 0.03653169014084507 0.020539906103286387
0 0.014084507042253521 0.21742957746478872 0.01584507042253521 0.13673708920187794
0 0.0644806338028169 0.448943661971831 0.10519366197183098 0.1772300469483568
0 0.28014964788732394 0.38673708920187794 0.07966549295774648 0.057511737089201875
0 0.2662852112676056 0.4345657276995305 0.10387323943661972 0.04284037558685446
0 0.26672535211267606 0.5076291079812206 0.0897887323943662 0.08450704225352113
0 0.41307218309859156 0.40023474178403756 0.14568661971830985 0.03990610328638498
0 0.41659330985915494 0.4471830985915493 0.14744718309859156 0.03403755868544601
0 0.4110915492957746 0.488556338028169 0.15140845070422534 0.04401408450704225
0 0.4097711267605634 0.5296361502347418 0.15933098591549297 0.04518779342723005
0 0.6183978873239436 0.4448356807511737 0.1619718309859155 0.03403755868544601
0 0.6023327464788732 0.49735915492957744 0.17209507042253522 0.03697183098591549
0 0.601012323943662 0.5469483568075117 0.17297535211267606 0.03755868544600939
0 0.7660651408450704 0.3902582159624413 0.1624119718309859 0.0528169014084507
0 0.7931338028169014 0.4480633802816901 0.15757042253521128 0.040492957746478875
0 0.7830105633802817 0.4935446009389671 0.15404929577464788 0.03403755868544601
0 0.7867517605633803 0.5407863849765259 0.16505281690140844 0.04284037558685446
0 0.4161531690140845 0.647887323943662 0.14656690140845072 0.02464788732394366
0 0.4273767605633803 0.6983568075117371 0.1522887323943662 0.05516431924882629
0 0.42231514084507044 0.750293427230047 0.1641725352112676 0.04636150234741784
0 0.41725352112676056 0.8042840375586855 0.1505281690140845 0.04636150234741784
0 0.5818661971830986 0.6637323943661971 0.15492957746478872 0.03169014084507042
0 0.6115757042253521 0.7194835680751174 0.17033450704225353 0.028169014084507043
0 0.5963908450704225 0.7588028169014085 0.1619718309859155 0.029342723004694836
0 0.5933098591549296 0.812793427230047 0.1742957746478873 0.06103286384976526
0 0.7605633802816901 0.7661384976525821 0.13556338028169015 0.04401408450704225
0 0.7570422535211268 0.8104460093896714 0.1329225352112676 0.036384976525821594
0 0.7546214788732394 0.6830985915492958 0.10079225352112677 0.0903755868544601
0 0.4606073943661972 0.9375 0.14392605633802816 0.0534037558685446
0 0.4414612676056338 0.9841549295774648 0.1602112676056338 0.03169014084507042
0 0.6265404929577465 0.9471830985915493 0.05765845070422535 0.08098591549295775
0 0.7350352112676056 0.9413145539906104 0.1329225352112676 0.03403755868544601
0 0.7462588028169014 0.9768192488262911 0.12455985915492958 0.01936619718309859
0 0.10211267605633803 0.755575117370892 0.06338028169014084 0.04636150234741784
