0 0.7306338028169014 0.22652582159624413 0.8077770097698869 0.41301260221737307
0 0.559419014084507 0.6995305164319249 0.603627016279012 0.8552232802133616
0 0.7548415492957746 0.48884976525821594 0.8121677634025987 0.6511215670391677
0 0.6056338028169014 0.7265258215962441 0.6480609006149572 0.8663576726399084
0 0.8890845070422535 0.5064553990610329 0.9318269874528863 0.6933647562212083
0 0.3573943661971831 0.08098591549295775 0.5196490341698076 0.3197881538054619
0 0.6540492957746479 0.7365023474178404 0.6960149430916485 0.8728072169322665
0 0.5052816901408451 0.715962441314554 0.5499536612279309 0.8381948577222332
0 0.8080985915492958 0.005868544600938967 0.8645210833663955 0.13908106306068022
0 0.2539612676056338 0.4636150234741784 0.380169911413906 0.600080038131764
0 0.3732394366197183 0.687793427230047 0.4967547361634596 0.794197304326743
0 0.5554577464788732 0.1414319248826291 0.6956181964144019 0.3250343709361017
0 0.4141725352112676 0.5534037558685446 0.5174233395531641 0.6146987067160395
0 0.10519366197183098 0.4471830985915493 0.20637975631075184 0.5930474277590425
0 0.41725352112676056 0.41607981220657275 0.5165417017952788 0.4868450235843858
0 0.007922535211267605 0.10269953051643192 0.17869369606724855 0.2886721246886641
0 0.7130281690140845 0.4935446009389671 0.7549678573199762 0.6364474503515616
0 0.5545774647887324 0.43133802816901406 0.65512562611585 0.5907093086689149
0 0.4234154929577465 0.4894366197183099 0.5152185671245785 0.5431400019837334
0 0.25264084507042256 0.1607981220657277 0.3449592249801626 0.30213568185324785
0 0.823943661971831 0.22887323943661972 0.8988450952192026 0.4177060603054949
0 0.9392605633802817 0.5082159624413145 0.9859422268647094 0.6781055070642951
0 0.9124119718309859 0.2323943661971831 0.98287305811099 0.4141828671559876
0 0.8301056338028169 0.4865023474178404 0.8741944957597699 0.6757708319557407
0 0.9454225352112676 0.022887323943661973 0.999 0.15315558255637107
0 0.8816021126760564 0.00528169014084507 0.9375521117461814 0.15375276896118495
0 0.7464788732394366 0.0035211267605633804 0.7950059512001586 0.13614816835284005
0 0.761443661971831 0.7546948356807511 0.8073233082473716 0.9033129725142719
0 0.702024647887324 0.7535211267605634 0.7536522778838524 0.8980319711697415
0 0.9220950704225352 0.8016431924882629 0.9639427398457647 0.9238253267649718
0 0.8692781690140845 0.7764084507042254 0.9186314796791311 0.9167978823646102
0 0.8142605633802817 0.7681924882629108 0.8667190754562587 0.9132815771782494
0 0.9643485915492958 0.8215962441314554 0.999 0.9285084529083736
0 0.10079225352112677 0.6854460093896714 0.21254366538137273 0.8100437523419075
0 0.2227112676056338 0.6919014084507042 0.31416253905475106 0.7625047526945711
0 0.2262323943661972 0.7676056338028169 0.2741081723616346 0.832882860543543
0 0.2777288732394366 0.7711267605633803 0.32162071792551084 0.8463784467367585
