0 0.23987676056338028 0.5240610328638498 0.05721830985915493 0.1643192488262911
0 0.19784330985915494 0.7112676056338029 0.10607394366197183 0.07394366197183098
0 0.3085387323943662 0.5313967136150235 0.05897887323943662 0.17077464788732394
0 0.13204225352112675 0.4850352112676056 0.12147887323943662 0.08509389671361503
0 0.32196302816901406 0.21038732394366197 0.05501760563380282 0.159037558685446
0 0.586487676056338 0.5419600938967136 0.07086267605633803 0.18720657276995306
0 0.7077464788732394 0.3051643192488263 0.1329225352112676 0.07276995305164319
0 0.18639964788732394 0.8051643192488263 0.09903169014084508 0.07276995305164319
0 0.704225352112676 0.44923708920187794 0.12764084507042253 0.061619718309859156
0 0.516725352112676 0.5431338028169014 0.05193661971830986 0.19307511737089203
0 0.2636443661971831 0.21801643192488263 0.051056338028169015 0.14612676056338028
0 0.5202464788732394 0.20246478873239437 0.05193661971830986 0.1619718309859155
0 0.5930897887323944 0.7863849765258216 0.05677816901408451 0.1431924882629108
0 0.44938380281690143 0.20980046948356806 0.058098591549295774 0.1637323943661972
0 0.17495598591549297 0.2367957746478873 0.10079225352112677 0.11443661971830986
0 0.39150528169014087 0.5246478873239436 0.05149647887323944 0.16549295774647887
0 0.4786531690140845 0.7634976525821596 0.04973591549295775 0.11384976525821597
0 0.13710387323943662 0.57981220657277 0.1289612676056338 0.09154929577464789
0 0.7075264084507042 0.6185446009389671 0.1483274647887324 0.06690140845070422
0 0.38446302816901406 0.20598591549295775 0.042693661971830985 0.16314553990610328
0 0.06712147887323944 0.25528169014084506 0.10079225352112677 0.11032863849765258
0 0.7334947183098591 0.03022300469483568 0.13952464788732394 0.05457746478873239
0 0.5367517605633803 0.744424882629108 0.03917253521126761 0.11326291079812206
0 0.6991637323943662 0.2062793427230047 0.12720070422535212 0.13673708920187794
0 0.08626760563380281 0.7541079812206573 0.07394366197183098 0.062206572769953054
0 0.5790052816901409 0.20980046948356806 0.04709507042253521 0.1273474178403756
0 0.4515845070422535 0.5184859154929577 0.045774647887323945 0.159037558685446
0 0.7015845070422535 0.5293427230046949 0.136443661971831 0.08333333333333333
0 0.8809419014084507 0.8389084507042254 0.11399647887323944 0.0721830985915493
0 0.7009242957746479 0.7743544600938967 0.12544014084507044 0.10387323943661972
0 0.8831426056338029 0.7491197183098591 0.08934859154929578 0.06866197183098592
0 0.47403169014084506 0.0267018779342723 0.07130281690140845 0.04870892018779343
0 0.11641725352112677 0.029049295774647887 0.1580105633802817 0.051056338028169015
0 0.9086707746478874 0.6147300469483568 0.0840669014084507 0.09565727699530517
0 0.028829225352112676 0.5730633802816901 0.05413732394366197 0.07570422535211267
0 0.02464788732394366 0.4856220657276995 0.040492957746478875 0.07453051643192488
0 0.09022887323943662 0.6795774647887324 0.08538732394366197 0.046948356807511735
0 0.35893485915492956 0.7309272300469484 0.030369718309859156 0.09096244131455399
0 0.9401408450704225 0.5199530516431925 0.1056338028169014 0.05516431924882629
0 0.9702904929577465 0.3503521126760563 0.05941901408450704 0.08215962441314555
0 0.33186619718309857 0.03051643192488263 0.06426056338028169 0.03403755868544601
