0 0.6073943661971831 0.8664906103286385 0.09154929577464789 0.1449530516431925
0 0.21522887323943662 0.8661971830985915 0.0801056338028169 0.15375586854460094
0 0.45224471830985913 0.852406103286385 0.07262323943661972 0.15786384976525822
0 0.7444982394366197 0.3779342723004695 0.1483274647887324 0.08450704225352113
0 0.4777728873239437 0.5765845070422535 0.07966549295774648 0.14964788732394366
0 0.2735475352112676 0.573650234741784 0.0761443661971831 0.17312206572769953
0 0.40492957746478875 0.3732394366197183 0.13732394366197184 0.05516431924882629
0 0.3866637323943662 0.6044600938967136 0.09110915492957747 0.142018779342723
0 0.573943661971831 0.30076291079812206 0.12764084507042253 0.04284037558685446
0 0.5660211267605634 0.36561032863849763 0.12588028169014084 0.04460093896713615
0 0.0644806338028169 0.5425469483568075 0.05149647887323944 0.14964788732394366
0 0.7519806338028169 0.07981220657276995 0.12808098591549297 0.05868544600938967
0 0.12191901408450705 0.5237676056338029 0.051056338028169015 0.11091549295774648
0 0.5647007042253521 0.17987089201877934 0.11443661971830986 0.03814553990610329
0 0.14414612676056338 0.6607981220657277 0.13424295774647887 0.05985915492957746
0 0.1894806338028169 0.5311032863849765 0.06470070422535211 0.0892018779342723
0 0.5 0.06719483568075117 0.0994718309859155 0.06748826291079812
0 0.19454225352112675 0.3248239436619718 0.09242957746478873 0.08039906103286384
0 0.37808098591549294 0.04636150234741784 0.09154929577464789 0.08333333333333333
0 0.7191901408450704 0.23386150234741784 0.11179577464788733 0.051056338028169015
0 0.694762323943662 0.3670774647887324 0.047975352112676055 0.07570422535211267
0 0.26672535211267606 0.04988262910798122 0.10123239436619719 0.08450704225352113
0 0.563600352112676 0.22857981220657278 0.11399647887323944 0.03931924882629108
0 0.370818661971831 0.8829225352112676 0.06734154929577464 0.16842723004694835
0 0.9124119718309859 0.7775821596244131 0.10475352112676056 0.0539906103286385
0 0.7139084507042254 0.886443661971831 0.08890845070422536 0.0897887323943662
0 0.12566021126760563 0.8324530516431925 0.08054577464788733 0.13556338028169015
0 0.8796214788732394 0.8485915492957746 0.1289612676056338 0.06455399061032864
0 0.7464788732394366 0.5921361502347418 0.06426056338028169 0.19248826291079812
0 0.5913292253521126 0.6164906103286385 0.12632042253521128 0.21185446009389672
0 0.29797535211267606 0.835387323943662 0.045774647887323945 0.09213615023474178
0 0.011663732394366197 0.8189553990610329 0.02244718309859155 0.10152582159624413
0 0.014084507042253521 0.5487089201877934 0.02640845070422535 0.1467136150234742
0 0.4029489436619718 0.25264084507042256 0.06910211267605634 0.159037558685446
0 0.7348151408450704 0.29577464788732394 0.14392605633802816 0.06338028169014084
0 0.6263204225352113 0.054870892018779344 0.08450704225352113 0.10504694835680752
0 0.9617077464788732 0.2852112676056338 0.07658450704225352 0.23826291079812206
0 0.9623679577464789 0.06103286384976526 0.050616197183098594 0.11267605633802817
0 0.9766725352112676 0.57981220657277 0.04665492957746479 0.1619718309859155
0 0.913512323943662 0.5695422535211268 0.03389084507042254 0.14964788732394366
