0 0.06954225352112677 0.08656103286384977 0.1267605633802817 0.08509389671361503
0 0.061619718309859156 0.17458920187793428 0.12235915492957747 0.06866197183098592
0 0.2621038732394366 0.08157276995305164 0.17209507042253522 0.06572769953051644
0 0.23327464788732394 0.17458920187793428 0.20246478873239437 0.07570422535211267
0 0.07328345070422536 0.4668427230046948 0.12632042253521128 0.1813380281690141
0 0.183318661971831 0.4865023474178404 0.09198943661971831 0.1443661971830986
0 0.3125 0.5237676056338029 0.1742957746478873 0.12617370892018778
0 0.4735915492957746 0.43133802816901406 0.1382042253521127 0.09976525821596244
0 0.47315140845070425 0.545481220657277 0.13204225352112675 0.10152582159624413
0 0.3422095070422535 0.3626760563380282 0.12015845070422536 0.14906103286384975
0 0.19476232394366197 0.33832159624413144 0.10871478873239436 0.07570422535211267
0 0.6870598591549296 0.3940727699530516 0.12940140845070422 0.11326291079812206
0 0.8466109154929577 0.4061032863849765 0.18794014084507044 0.0892018779342723
0 0.8805017605633803 0.5531103286384976 0.18617957746478872 0.15786384976525822
0 0.6822183098591549 0.5308098591549296 0.1742957746478873 0.13086854460093897
0 0.24845950704225353 0.6795774647887324 0.16329225352112675 0.06807511737089202
0 0.3417693661971831 0.8480046948356808 0.16505281690140844 0.11619718309859155
0 0.4977992957746479 0.8201291079812206 0.06073943661971831 0.22241784037558684
0 0.6976232394366197 0.7071596244131455 0.13380281690140844 0.09154929577464789
0 0.6868397887323944 0.8342136150234741 0.12279929577464789 0.1238262910798122
0 0.8162411971830986 0.7948943661971831 0.1210387323943662 0.0733568075117371
0 0.8325264084507042 0.7033450704225352 0.11399647887323944 0.06279342723004695
0 0.9388204225352113 0.7969483568075117 0.07658450704225352 0.08333333333333333
0 0.4397007042253521 0.1402582159624413 0.10915492957746478 0.09272300469483569
0 0.698943661971831 0.04636150234741784 0.15669014084507044 0.0903755868544601
0 0.7004841549295775 0.14583333333333334 0.1192781690140845 0.09683098591549295
0 0.8705985915492958 0.043133802816901406 0.1619718309859155 0.07687793427230047
0 0.8705985915492958 0.15815727699530516 0.1619718309859155 0.13556338028169015
0 0.0448943661971831 0.6954225352112676 0.0880281690140845 0.12206572769953052
0 0.24933978873239437 0.7582159624413145 0.11575704225352113 0.062206572769953054
0 0.5941901408450704 0.8192488262910798 0.03873239436619718 0.22769953051643194
0 0.9430017605633803 0.7112676056338029 0.06910211267605634 0.06338028169014084
0 0.4883362676056338 0.3227699530516432 0.09815140845070422 0.06103286384976526
0 0.4084507042253521 0.7095070422535211 0.12940140845070422 0.13028169014084506
