0 0.45026408450704225 0.6261737089201878 0.49231942601914297 0.7062052971191783
0 0.1800176056338028 0.6026995305164319 0.2226320345045626 0.7026979462849082
0 0.28433098591549294 0.892018779342723 0.31985724868577664 0.949593885692874
0 0.6078345070422535 0.22593896713615025 0.6612641573472525 0.3150082517798497
0 0.2948943661971831 0.6132629107981221 0.3273349936768499 0.6974100569772311
0 0.12367957746478873 0.6073943661971831 0.1733610565240032 0.6762867403954241
0 0.3380281690140845 0.6132629107981221 0.38145333267208886 0.7015180381978885
0 0.727112676056338 0.852112676056338 0.7699264468855386 0.9208614362229717
0 0.5506161971830986 0.8368544600938967 0.5921872287864511 0.9079595924529965
0 0.7984154929577465 0.5393192488262911 0.853521824166832 0.651678803257731
0 0.8221830985915493 0.3562206572769953 0.8799198137770284 0.4675139550133351
0 0.31954225352112675 0.12206572769953052 0.37794034231799245 0.23173587692036413
0 0.3274647887323944 0.24354460093896713 0.37969741866693113 0.34668806068020014
0 0.28213028169014087 0.7740610328638498 0.32998145674221385 0.8733720299102912
0 0.6967429577464789 0.23943661971830985 0.7378095321488792 0.3461036170072076
0 0.4454225352112676 0.7928403755868545 0.48924057106724855 0.8956614786528246
0 0.608274647887324 0.340962441314554 0.6608238227782186 0.4551989657034539
0 0.2777288732394366 0.4988262910798122 0.3304235348269193 0.605341064383169
0 0.6764964788732394 0.3597417840375587 0.7140508378173973 0.4604696351032644
0 0.8019366197183099 0.24178403755868544 0.8605625278962508 0.33201773237232474
0 0.6883802816901409 0.5686619718309859 0.749697015721087 0.6739620528334325
0 0.7191901408450704 0.08274647887323944 0.7778524691281492 0.16955237882695234
0 0.39348591549295775 0.5011737089201878 0.4395275150019837 0.5953631609689436
0 0.3358274647887324 0.5046948356807511 0.3823345829820472 0.6076850382419714
0 0.261443661971831 0.1238262910798122 0.3106243645853997 0.22762686250523487
0 0.5924295774647887 0.57981220657277 0.6370631912071018 0.6757160726487249
0 0.878080985915493 0.37734741784037557 0.9291909854815513 0.46691470221957726
0 0.460387323943662 0.24589201877934272 0.5046389140299544 0.3478603920077586
0 0.22843309859154928 0.4953051643192488 0.27234664036153544 0.5977140227908925
0 0.45686619718309857 0.5117370892018779 0.5006791962160286 0.5965306707222994
0 0.23767605633802816 0.5944835680751174 0.28466651582027375 0.6827497162159184
0 0.4621478873239437 0.11971830985915492 0.5037578574439595 0.24934288831581036
0 0.3926056338028169 0.6150234741784038 0.4399680432949811 0.6968221693226653
0 0.6584507042253521 0.07453051643192488 0.7052559635984924 0.16016752903965262
0 0.17341549295774647 0.49295774647887325 0.21515254599781788 0.5924337102426768
0 0.2737676056338028 0.25 0.3136999262299147 0.3361208920187793
0 0.8595950704225352 0.7494131455399061 0.9010301078035112 0.8235038655249179
0 0.3930457746478873 0.2576291079812207 0.4395277087259472 0.34139810498357914
0 0.9234154929577465 0.5334507042253521 0.9450161023358461 0.6399451580374265
0 0.735475352112676 0.7576291079812206 0.7857678365527673 0.8422783866737199
0 0.3965669014084507 0.12793427230046947 0.4373254547088871 0.23877468645991756
0 0.9375 0.36913145539906106 0.9921049735915493 0.4704406505543433
0 0.8727992957746479 0.54518779342723 0.9186299298874231 0.6493279414357822
0 0.9185739436619719 0.1056338028169014 0.9727471065388811 0.19770796138332342
0 0.9511443661971831 0.5387323943661971 0.9973806582895258 0.6282049692521325
0 0.792693661971831 0.0892018779342723 0.8350384270853998 0.17072229936740946
0 0.8754401408450704 0.25 0.9265513027549097 0.3302523474178404
0 0.8393485915492958 0.0897887323943662 0.8882749345987899 0.16837453712887654
0 0.23151408450704225 0.8779342723004695 0.26486288992759377 0.9443204611078049
0 0.6637323943661971 0.8004694835680751 0.718457864263043 0.8997649826974365
0 0.33186619718309857 0.7846244131455399 0.3766144955118032 0.8868634833256188
0 0.8455105633802817 0.8380281690140845 0.8926736309140052 0.9167617205580904
0 0.3930457746478873 0.79518779342723 0.43424601858510214 0.8856835752385991
0 0.5999119718309859 0.8051643192488263 0.6458627148011307 0.9044570631929291
0 0.17649647887323944 0.8550469483568075 0.2089892180990875 0.9331836578941568
0 0.12015845070422536 0.49589201877934275 0.1566372542030351 0.5912582793317023
0 0.2319542253521127 0.7934272300469484 0.2657429778937711 0.8598630121889396
0 0.17341549295774647 0.7881455399061033 0.20987085585697282 0.8493027314906655
0 0.8006161971830986 0.7529342723004695 0.8284328273780004 0.8270229258965373
0 0.7940140845070423 0.835093896713615 0.8310765783078754 0.9091343345676562
0 0.5602992957746479 0.7482394366197183 0.5873414175634795 0.8293730989221715
0 0.7662852112676056 0.5586854460093896 0.7892754026358857 0.6534280014988209
0 0.7491197183098591 0.3345070422535211 0.7751984508282087 0.43231543013952256
0 0.7566021126760564 0.24178403755868544 0.7861986786475897 0.31030411734885055
0 0.9379401408450704 0.01056338028169014 0.9824216812760365 0.09506422336837929
0 0.8499119718309859 0.008215962441314555 0.8807878908574688 0.0792205305384734
0 0.7847711267605634 0.007042253521126761 0.8284398014406864 0.08508976393572704
0 0.7262323943661971 0.011737089201877934 0.7580430315165642 0.06219968480680641
0 0.39436619718309857 0.892018779342723 0.43072431065264827 0.9478333223125922
0 0.3371478873239437 0.8961267605633803 0.36912977645804407 0.9466572026053032
0 0.45026408450704225 0.9066901408450704 0.48395674996280497 0.9566275292600674
0 0.9194542253521126 0.7529342723004695 0.9441375641613767 0.7953327850514669
0 0.9533450704225352 0.2564553990610329 0.9925381403739337 0.3543095919019595
0 0.6223591549295775 0.5123239436619719 0.6691802996677246 0.5460608427560669
0 0.6527288732394366 0.5610328638497653 0.6691669327142432 0.6352341356432807
0 0.7922535211267606 0.3333333333333333 0.8081900292600674 0.4387715179968701
0 0.6483274647887324 0.0011737089201877935 0.6990984474186669 0.05575048491260552
0 0.6087147887323944 0.13556338028169015 0.6489398262373537 0.16834767407260465
