0 0.5118838028169014 0.1784037558685446 0.5895634314248165 0.3555291057770725
0 0.323943661971831 0.17077464788732394 0.400385588176949 0.3690312355352774
0 0.2636443661971831 0.482981220657277 0.3233874804726245 0.5965475462320087
0 0.6716549295774648 0.1965962441314554 0.7505846589218409 0.3490630303731623
0 0.4080105633802817 0.1602112676056338 0.5011408404210475 0.3625820356410765
0 0.5149647887323944 0.48063380281690143 0.5741571457796072 0.6041780318058586
0 0.335387323943662 0.47417840375586856 0.41050379079051774 0.6018344023452138
0 0.6029929577464789 0.1965962441314554 0.661266288310851 0.344955049152505
0 0.11751760563380281 0.25938967136150237 0.174244050349633 0.3566552877515484
0 0.1307218309859155 0.14730046948356806 0.1812804921518548 0.24404501146157068
0 0.5889084507042254 0.4612676056338028 0.6656738959283872 0.5936260166633605
0 0.5950704225352113 0.6789906103286385 0.6634704795675461 0.7613386205338447
0 0.10827464788732394 0.5123239436619719 0.17512840024300735 0.5935960540236725
0 0.18838028169014084 0.5152582159624414 0.254758635439397 0.5988760221737309
0 0.17781690140845072 0.6948356807511737 0.25564356650466175 0.7501790870418127
0 0.2671654929577465 0.6960093896713615 0.32602677575133904 0.7560469428464369
0 0.6897007042253521 0.6848591549295775 0.7518971387745488 0.7695511389935858
0 0.4234154929577465 0.6889671361502347 0.4984932150119024 0.7601590568449822
0 0.43661971830985913 0.5093896713615024 0.49364585399722277 0.6035743018360554
0 0.19762323943661972 0.22652582159624413 0.24683203202489584 0.36430368202957963
0 0.3419894366197183 0.7018779342723005 0.409180462395854 0.7707148603672112
0 0.516725352112676 0.6848591549295775 0.5684345398978378 0.7648563033128347
0 0.6822183098591549 0.4653755868544601 0.7320940940537592 0.5989052960171042
0 0.25440140845070425 0.21889671361502347 0.3145887317744495 0.3461156709427142
0 0.07658450704225352 0.25938967136150237 0.11748389766415394 0.36487125019286293
0 0.7799295774647887 0.1807511737089202 0.8517693971930173 0.3432037845224713
0 0.7759683098591549 0.6960093896713615 0.8702570562016465 0.7636760508276577
0 0.5999119718309859 0.7681924882629108 0.6775528556462012 0.8499012954881087
0 0.43309859154929575 0.7816901408450704 0.49408754463400123 0.8487196654103022
0 0.5127640845070423 0.7734741784037559 0.5794398045402698 0.8463770691441292
0 0.09419014084507042 0.7576291079812206 0.1548881205365999 0.8264333162511847
0 0.6910211267605634 0.7711267605633803 0.7576183885885738 0.8475521556569463
0 0.3573943661971831 0.9213615023474179 0.406532836986709 0.9712902808084815
0 0.3362676056338028 0.7805164319248826 0.40918298080737947 0.8493072086667107
0 0.1742957746478873 0.7640845070422535 0.2406803275639754 0.8311243635522052
0 0.5110035211267606 0.9559859154929577 0.5767997343657013 0.999
0 0.28125 0.9213615023474179 0.32954170334507044 0.974224553108951
0 0.4308978873239437 0.9190140845070423 0.4901272456481849 0.964836259340078
0 0.26188380281690143 0.7828638497652582 0.3282298046642531 0.8405030141726729
0 0.6936619718309859 0.9524647887323944 0.7545362403292997 0.999
0 0.7733274647887324 0.7664319248826291 0.8407687819257091 0.8504891831426745
0 0.08538732394366197 0.15023474178403756 0.11439903726939099 0.25401981529238027
0 0.3336267605633803 0.005868544600938967 0.40610315723566753 0.1549261334832154
0 0.10519366197183098 0.9389671361502347 0.1843727140572307 0.9918198549670479
0 0.772887323943662 0.9653755868544601 0.8302055953679826 0.999
0 0.948943661971831 0.32629107981220656 0.9951809226839912 0.4945268244836783
0 0.9524647887323944 0.03403755868544601 0.9881371193711566 0.17955748969560714
0 0.4308978873239437 0.011737089201877934 0.4857258371974807 0.14553301814013975
