0 0.7051056338028169 0.22124413145539906 0.7910628936470938 0.37193588959421636
0 0.6888204225352113 0.7136150234741784 0.7184468219971236 0.8892525733430315
0 0.2662852112676056 0.7717136150234741 0.3506750505232097 0.8604626093808548
0 0.8934859154929577 0.2717136150234742 0.970997585424519 0.4012489943573806
0 0.6861795774647887 0.5856807511737089 0.7932719280028764 0.6311116897000155
0 0.457306338028169 0.4495305164319249 0.5600980165765721 0.49504135533073246
0 0.4551056338028169 0.5252347417840375 0.5596588443513192 0.6094335476867464
0 0.1426056338028169 0.4213615023474178 0.2345323038583614 0.4792128160197492
0 0.5048415492957746 0.22124413145539906 0.5803235732617535 0.3772175797350614
0 0.25308098591549294 0.44014084507042256 0.334395650974509 0.4938731567810619
0 0.7860915492957746 0.7811032863849765 0.8341610512547113 0.8997763478366286
0 0.13732394366197184 0.49295774647887325 0.23321420601071216 0.5448984989750711
0 0.16637323943661972 0.15551643192488263 0.2688528286798254 0.3713876077277436
0 0.24295774647887325 0.5492957746478874 0.33440010662566955 0.6094194273622959
0 0.34991197183098594 0.5539906103286385 0.4325044401532434 0.60530869095638
0 0.5985915492957746 0.22124413145539906 0.689437239634993 0.3607856548524323
0 0.8402288732394366 0.7863849765258216 0.8887146879959333 0.8909704313518041
0 0.6941021126760564 0.5164319248826291 0.7915078775912517 0.566011483612158
0 0.5717429577464789 0.5305164319248826 0.667001873698175 0.6241018096056778
0 0.3485915492957746 0.49471830985915494 0.4364662889307677 0.5402026300998479
0 0.9110915492957746 0.029342723004694836 0.9639475829448523 0.11324569089025546
0 0.8116197183098591 0.5346244131455399 0.9094138997718707 0.5806721687716282
0 0.012764084507042254 0.5369718309859155 0.09814579045576274 0.5918210259207829
0 0.8182218309859155 0.4677230046948357 0.9041293037715732 0.5108757494103904
0 0.8309859154929577 0.014671361502347418 0.8957610097202936 0.11149373746390707
0 0.5779049295774648 0.7095070422535211 0.6225449362105733 0.8182455944587714
0 0.0625 0.8186619718309859 0.14962037852112675 0.8692378744296766
0 0.3516725352112676 0.4471830985915493 0.4399860596235866 0.4944558784632679
0 0.011003521126760563 0.477112676056338 0.09858670619668716 0.5208467648614693
0 0.4841549295774648 0.6836854460093896 0.563607326175362 0.7419696681654875
0 0.6324823943661971 0.7112676056338029 0.6762180975376909 0.8194182701844872
0 0.1698943661971831 0.761150234741784 0.2521259267754414 0.8504922827260906
0 0.061179577464788734 0.7605633802816901 0.14962095969301728 0.8076522515373934
0 0.8274647887323944 0.25880281690140844 0.8768365031739734 0.3859983551544006
0 0.3675176056338028 0.7482394366197183 0.4571445785186471 0.8305468078423592
0 0.6945422535211268 0.4583333333333333 0.7893069796419361 0.5020784428794992
0 0.09639084507042253 0.1607981220657277 0.15136602515621903 0.2686849776278957
0 0.8089788732394366 0.5903755868544601 0.9023728085945248 0.6358037701955079
0 0.7315140845070423 0.7834507042253521 0.7809280307726642 0.8962538434834358
0 0.5184859154929577 0.8157276995305164 0.5627119340160682 0.8839109579228107
0 0.9507042253521126 0.7963615023474179 0.9951801477881372 0.8974199756441623
0 0.2640845070422535 0.7077464788732394 0.36211968111485815 0.7595611816438537
0 0.6214788732394366 0.8333333333333334 0.6634588561297361 0.8979851330203443
0 0.30721830985915494 0.1467136150234742 0.4765373158847451 0.36024253895831954
0 0.002640845070422535 0.198943661971831 0.06337911934635984 0.25985977484626066
0 0.012764084507042254 0.2746478873239437 0.08230072003322754 0.3396275540567348
0 0.09330985915492958 0.27875586854460094 0.15664907136480857 0.35077537801141745
0 0.1602112676056338 0.0005868544600938967 0.26929568166038487 0.06924848189292247
0 0.28125 0.0011737089201877935 0.3841191681338028 0.07452982763561021
0 0.3904049295774648 0.002347417840375587 0.49322605416831977 0.07218172099891997
0 0.5171654929577465 0.0035211267605633804 0.5873604025119025 0.0915472293857039
0 0.5985915492957746 0.0035211267605633804 0.6793140001983733 0.0891998115453283
0 0.6932218309859155 0.004694835680751174 0.76157868757439 0.09858879411051599
0 0.7676056338028169 0.005868544600938967 0.819204398928784 0.08391674381185392
0 0.0008802816901408451 0.7857981220657277 0.050175668890101166 0.8539989447640459
