0 0.5195862676056338 0.1517018779342723 0.09198943661971831 0.09917840375586855
0 0.37125880281690143 0.4495305164319249 0.07790492957746478 0.10915492957746478
0 0.8069982394366197 0.40316901408450706 0.09110915492957747 0.06572769953051644
0 0.38534330985915494 0.2602699530516432 0.11047535211267606 0.07570422535211267
0 0.38688380281690143 0.17194835680751175 0.11179577464788733 0.07629107981220658
0 0.46588908450704225 0.4357394366197183 0.09375 0.08274647887323944
0 0.6890404929577465 0.4251760563380282 0.10167253521126761 0.08626760563380281
0 0.5728433098591549 0.42634976525821594 0.09198943661971831 0.0886150234741784
0 0.9102112676056338 0.29284037558685444 0.14964788732394366 0.045774647887323945
0 0.7119278169014085 0.6936619718309859 0.09286971830985916 0.07629107981220658
0 0.38182218309859156 0.7030516431924883 0.08934859154929578 0.0528169014084507
0 0.5959507042253521 0.6561032863849765 0.09595070422535211 0.0880281690140845
0 0.48547535211267606 0.7021713615023474 0.10035211267605634 0.06514084507042253
0 0.2764084507042254 0.6971830985915493 0.08274647887323944 0.051643192488262914
0 0.3824823943661972 0.6264671361502347 0.08098591549295775 0.0534037558685446
0 0.5090228873239436 0.2409037558685446 0.10167253521126761 0.05457746478873239
0 0.16901408450704225 0.46156103286384975 0.08714788732394366 0.09565727699530517
0 0.27442781690140844 0.6129694835680751 0.10167253521126761 0.08392018779342723
0 0.18309859154929578 0.5886150234741784 0.05193661971830986 0.0528169014084507
0 0.08054577464788733 0.4724178403755869 0.056338028169014086 0.0903755868544601
0 0.17715669014084506 0.8447769953051644 0.05237676056338028 0.06748826291079812
0 0.11883802816901408 0.6666666666666666 0.05545774647887324 0.0539906103286385
0 0.9271566901408451 0.4865023474178404 0.10959507042253522 0.0715962441314554
0 0.26276408450704225 0.46566901408450706 0.07482394366197183 0.10035211267605634
0 0.18705985915492956 0.6675469483568075 0.04137323943661972 0.05927230046948357
0 0.18045774647887325 0.24002347417840375 0.07746478873239436 0.09389671361502347
0 0.27508802816901406 0.2576291079812207 0.10035211267605634 0.09272300469483569
0 0.04863556338028169 0.857981220657277 0.053257042253521125 0.0903755868544601
0 0.907350352112676 0.6848591549295775 0.07702464788732394 0.056338028169014086
0 0.8382482394366197 0.4935446009389671 0.05237676056338028 0.08568075117370892
0 0.7783890845070423 0.4876760563380282 0.04709507042253521 0.07746478873239436
0 0.8138204225352113 0.6402582159624414 0.07746478873239436 0.05046948356807512
0 0.3600352112676056 0.869424882629108 0.05193661971830986 0.10622065727699531
0 0.41241197183098594 0.8600352112676056 0.0448943661971831 0.09565727699530517
0 0.6753961267605634 0.8884976525821596 0.04973591549295775 0.06690140845070422
0 0.5554577464788732 0.8711854460093896 0.04225352112676056 0.07805164319248827
0 0.28213028169014087 0.8644366197183099 0.08362676056338028 0.06807511737089202
0 0.6179577464788732 0.880575117370892 0.0448943661971831 0.08626760563380281
0 0.7515404929577465 0.8823356807511737 0.05501760563380282 0.07805164319248827
0 0.5160651408450704 0.8744131455399061 0.04005281690140845 0.07863849765258216
0 0.8265845070422535 0.8779342723004695 0.04401408450704225 0.07981220657276995
0 0.9095510563380281 0.8873239436619719 0.05501760563380282 0.12206572769953052
0 0.9793133802816901 0.8770539906103286 0.03873239436619718 0.10622065727699531
0 0.9755721830985915 0.6693075117370892 0.03653169014084507 0.10856807511737089
0 0.7893926056338029 0.2634976525821596 0.07878521126760564 0.11854460093896714
0 0.6533890845070423 0.24559859154929578 0.12015845070422536 0.0710093896713615
0 0.7491197183098591 0.13673708920187794 0.10827464788732394 0.056338028169014086
0 0.9163732394366197 0.1311619718309859 0.15140845070422534 0.03814553990610329
0 0.918794014084507 0.18427230046948356 0.1483274647887324 0.0539906103286385
0 0.9168133802816901 0.24002347417840375 0.15580985915492956 0.035211267605633804
0 0.058758802816901406 0.25586854460093894 0.10079225352112677 0.09624413145539906
0 0.10915492957746478 0.6006455399061033 0.06602112676056338 0.04988262910798122
0 0.4942781690140845 0.624706572769953 0.08450704225352113 0.0710093896713615
0 0.8169014084507042 0.6939553990610329 0.08274647887323944 0.04401408450704225
0 0.27024647887323944 0.15580985915492956 0.11003521126760564 0.0698356807511737
0 0.167693661971831 0.15023474178403756 0.08274647887323944 0.05868544600938967
0 0.9247359154929577 0.03198356807511737 0.14788732394366197 0.04753521126760563
0 0.7566021126760564 0.0357981220657277 0.0880281690140845 0.04812206572769953
0 0.6368838028169014 0.029636150234741785 0.1329225352112676 0.04284037558685446
0 0.4980193661971831 0.031396713615023476 0.1210387323943662 0.04401408450704225
0 0.3772007042253521 0.03345070422535211 0.10387323943661972 0.05516431924882629
0 0.2691461267605634 0.028462441314553992 0.10167253521126761 0.04518779342723005
0 0.13050176056338028 0.04019953051643192 0.12015845070422536 0.07570422535211267
0 0.03389084507042254 0.04078638497652582 0.0625 0.0721830985915493
0 0.12367957746478873 0.8450704225352113 0.04225352112676056 0.08685446009389672
