0 0.9238556338028169 0.34683098591549294 0.9951919649499108 0.4728011555246975
0 0.29577464788732394 0.32629107981220656 0.37839094425709185 0.4516864488968238
0 0.8573943661971831 0.04636150234741784 0.9331613581134696 0.21300096155965528
0 0.2632042253521127 0.007042253521126761 0.36740175870363023 0.21889258083713548
0 0.11091549295774648 0.323943661971831 0.19625399846260663 0.45168782648945316
0 0.4110915492957746 0.6003521126760564 0.4584458223814719 0.7255866478211995
0 0.3873239436619718 0.3268779342723005 0.4765020581233882 0.4557940857193238
0 0.13424295774647887 0.6203051643192489 0.19404302686718905 0.7197063936829112
0 0.20994718309859156 0.6296948356807511 0.27411534014828404 0.7226351556128634
0 0.676056338028169 0.6208920187793427 0.7439806090061495 0.7044478333223125
0 0.02992957746478873 0.323943661971831 0.09461710846062289 0.45344838986973485
0 0.029049295774647887 0.05927230046948357 0.11178298886629637 0.21005911249972448
0 0.20422535211267606 0.3333333333333333 0.28424109799642927 0.45931142410015646
0 0.29313380281690143 0.6208920187793427 0.3409801347698869 0.7290957206462563
0 0.8450704225352113 0.3268779342723005 0.9173217119619124 0.46401004816063834
0 0.35651408450704225 0.6109154929577465 0.403452238519143 0.7296884298750248
0 0.6822183098591549 0.3485915492957746 0.758942685603055 0.46106303312834757
0 0.4352992957746479 0.1056338028169014 0.4861640408029161 0.22000843086689148
0 0.7777288732394366 0.3368544600938967 0.8350450137001586 0.46165677555158807
0 0.12808098591549297 0.06279342723004695 0.20636968266464986 0.22238098977275234
0 0.6078345070422535 0.6150234741784038 0.6687465517134497 0.6938878970221958
0 0.7007042253521126 0.0715962441314554 0.7518922956754612 0.20066220877691815
0 0.84375 0.6332159624413145 0.908079335387324 0.7015063286605392
0 0.028609154929577465 0.5322769953051644 0.11310360512547113 0.7203449078666049
0 0.6404049295774648 0.09917840375586855 0.6916195400838128 0.21766480140624658
0 0.9559859154929577 0.02523474178403756 0.999 0.19951570731115958
0 0.4894366197183099 0.3485915492957746 0.5517211986708986 0.4522602162269391
0 0.2108274647887324 0.03873239436619718 0.257389600587681 0.22004769225682735
0 0.5268485915492958 0.6332159624413145 0.567109661711466 0.7419992864070181
0 0.6734154929577465 0.5522300469483568 0.7320979685330292 0.6123519776719787
0 0.4920774647887324 0.10328638497652583 0.5429172194257091 0.19184079437501378
0 0.37411971830985913 0.036384976525821594 0.4232508275887721 0.2171147975489872
0 0.7455985915492958 0.7793427230046949 0.7923654935776632 0.8317022636602085
0 0.48063380281690143 0.6232394366197183 0.5160736646994644 0.7326154698141902
0 0.7676056338028169 0.6390845070422535 0.8249262299146994 0.6932869222376512
0 0.8485915492957746 0.5657276995305164 0.9085173452687959 0.618799455575393
0 0.7588028169014085 0.556924882629108 0.8253702452390399 0.6111755135665322
0 0.926056338028169 0.6373239436619719 0.988588883654037 0.7079593169344707
0 0.769806338028169 0.0715962441314554 0.8376893458019242 0.21768098811964118
0 0.9286971830985915 0.5534037558685446 0.9881475804651856 0.6129381433357578
0 0.272887323943662 0.8626760563380281 0.33218622917079943 0.9672167394035576
0 0.18485915492957747 0.8667840375586855 0.26224257959730213 0.9642800563159867
0 0.5017605633802817 0.903755868544601 0.5569974645407657 0.9830377019550796
0 0.4449823943661972 0.9154929577464789 0.4958428774672684 0.9906599219731534
0 0.043133802816901406 0.8034037558685446 0.119699324910732 0.9766411949789503
0 0.11399647887323944 0.8585680751173709 0.1782068677469748 0.9824773661531002
0 0.42473591549295775 0.8133802816901409 0.47516516905127953 0.8891940256562851
0 0.9220950704225352 0.8215962441314554 0.9749462609725253 0.8727572791994535
0 0.6043133802816901 0.8204225352112676 0.6555438761530451 0.8639551510943596
0 0.3921654929577465 0.9160798122065728 0.4404083778640151 0.9842041785139632
0 0.8327464788732394 0.82981220657277 0.9089644601765523 0.8750998754656263
0 0.4326584507042254 0.004694835680751174 0.48484478061148584 0.10269677533117327
0 0.4903169014084507 0.0011737089201877935 0.5618440506595913 0.08509320791730035
0 0.6254401408450704 0.002347417840375587 0.6837035914873041 0.09506904494258193
0 0.3591549295774648 0.8761737089201878 0.38760600575282683 0.9478426210628403
0 0.6043133802816901 0.7676056338028169 0.6524628902375521 0.7964978840177214
0 0.9159330985915493 0.7711267605633803 0.9696672829671691 0.8064723434503736
0 0.6703345070422535 0.9507042253521126 0.7360605922064074 0.9959209482245586
0 0.7526408450704225 0.9583333333333334 0.8002849292055149 0.9859399452269171
0 0.8362676056338029 0.9571596244131455 0.8979593892580837 0.995917159844828
0 0.4876760563380282 0.5217136150234741 0.5526022552568935 0.5677689474090237
0 0.4784330985915493 0.5768779342723005 0.5543668868404087 0.6182060575503097
