0 0.4581866197183099 0.23943661971830985 0.5755025587061099 0.4511505653640151
0 0.766725352112676 0.8280516431924883 0.858817462433049 0.9836689837774691
0 0.6703345070422535 0.2963615023474178 0.7510253809388018 0.4769387549868853
0 0.7552816901408451 0.5516431924882629 0.9010760203828605 0.7379391765302299
0 0.5849471830985915 0.2846244131455399 0.6625946535285657 0.4699033894289052
0 0.761443661971831 0.31279342723004694 0.8302106321910335 0.49042676442063965
0 0.15536971830985916 0.22183098591549297 0.2860231647366594 0.44470549824770217
0 0.002640845070422535 0.19190140845070422 0.1188368658252331 0.4265305742908153
0 0.09507042253521127 0.6208920187793427 0.22883139506050387 0.6839079272190262
0 0.477112676056338 0.5463615023474179 0.5812160595615949 0.7074258441887632
0 0.6003521126760564 0.5610328638497653 0.70088012671097 0.6903984548921069
0 0.7315140845070423 0.004694835680751174 0.8060160589416782 0.11912870021380238
0 0.47315140845070425 0.012910798122065728 0.5407248453307875 0.09330228239546827
0 0.15845070422535212 0.7693661971830986 0.25037040021821066 0.8358160996495405
0 0.8547535211267606 0.4336854460093897 0.9507681542600673 0.49446379962088655
0 0.926056338028169 0.5862676056338029 0.9965114188653046 0.7602193265225153
0 0.8507922535211268 0.35269953051643194 0.9428473625644714 0.4258493547356124
0 0.45026408450704225 0.8039906103286385 0.5803475950332275 0.9819225407216382
0 0.6078345070422535 0.869131455399061 0.7316866925585201 0.988926566047301
0 0.0044014084507042256 0.4970657276995305 0.06954031628149177 0.6376190928828055
0 0.8758802816901409 0.8444835680751174 0.9833292780450308 0.9654668523661531
0 0.0035211267605633804 0.7529342723004695 0.10827309809561594 0.8986191700279926
0 0.6139964788732394 0.8034037558685446 0.7286029945075382 0.864551993101016
0 0.13380281690140844 0.8374413145539906 0.24289885439396947 0.9419968067402852
0 0.2711267605633803 0.7846244131455399 0.3757609477286253 0.9320512767528488
0 0.8279049295774648 0.0005868544600938967 0.9441778587457845 0.1208916743811854
0 0.25308098591549294 0.002347417840375587 0.35288156646746677 0.07922397452004673
0 0.04929577464788732 0.005868544600938967 0.1641508381273557 0.08802472503251119
0 0.5492957746478874 0.0035211267605633804 0.7141068240428486 0.10387117304767572
0 0.15404929577464788 0.505868544600939 0.2521329008381274 0.6106186217461262
0 0.26848591549295775 0.5158450704225352 0.31722337767804004 0.6452371801229915
0 0.9599471830985915 0.3826291079812207 0.9960563612750447 0.48979892657982327
