0 0.815580985915493 0.21654929577464788 0.8860846914674668 0.3126663443099914
0 0.8886443661971831 0.23708920187793428 0.930946899486709 0.2938749476514801
0 0.9027288732394366 0.48708920187793425 0.9617505594748066 0.5947845720646256
0 0.3816021126760563 0.12617370892018778 0.4426137314644912 0.19710905298772288
0 0.5404929577464789 0.7024647887323944 0.6049557689446539 0.8305736708986312
0 0.6883802816901409 0.5011737089201878 0.7452956072703829 0.5977105788093191
0 0.7574823943661971 0.4061032863849765 0.8055644883827614 0.49037200511362383
0 0.40492957746478875 0.5064553990610329 0.47121261902400313 0.6123788407282506
0 0.6976232394366197 0.6971830985915493 0.7580556235741917 0.808863155458573
0 0.16637323943661972 0.693075117370892 0.21207465966574093 0.7941942047433269
0 0.4590669014084507 0.6889671361502347 0.523565551539873 0.8182576483942781
0 0.6183978873239436 0.7024647887323944 0.6793052826200159 0.820597145077035
0 0.6188380281690141 0.5082159624413145 0.6823860748115453 0.5971195915713372
0 0.8547535211267606 0.3937793427230047 0.9045533655276731 0.47805529381295603
0 0.3494718309859155 0.6825117370892019 0.39729336627157313 0.7853975870087504
0 0.2715669014084507 0.6842723004694836 0.32074314837085893 0.7842228448940907
0 0.25308098591549294 0.40492957746478875 0.3106280453407062 0.4991755108113469
0 0.03829225352112676 0.5305164319248826 0.10121554038137275 0.6305572086667107
0 0.9361795774647887 0.14612676056338028 0.9744999209606229 0.23172175659591351
0 0.2169894366197183 0.6907276995305164 0.26178829690289623 0.7883270377350173
0 0.45686619718309857 0.18779342723004694 0.5174045483287046 0.30798838413894947
0 0.6148767605633803 0.1807511737089202 0.6788666915666534 0.29684228217505343
0 0.20334507042253522 0.41960093896713613 0.25035064037393373 0.5126645534395733
0 0.043133802816901406 0.7147887323943662 0.0844880573050982 0.8299795840772334
0 0.8098591549295775 0.4107981220657277 0.847354815512795 0.4985852123696798
0 0.3358274647887324 0.5234741784037559 0.3920176815735965 0.617650543322533
0 0.7425176056338029 0.22769953051643194 0.8082119200679428 0.3038569838435936
0 0.40492957746478875 0.414906103286385 0.45712811198174963 0.5032776372633295
0 0.10299295774647887 0.7112676056338029 0.15180326014183693 0.8194182701844872
0 0.707306338028169 0.4055164319248826 0.7518893898160087 0.4874380772113117
0 0.02464788732394366 0.22417840375586853 0.07041168666931165 0.31383557605413387
0 0.7702464788732394 0.7001173708920188 0.8214039408103551 0.8123825602283498
0 0.2948943661971831 0.13380281690140844 0.3480216133951597 0.21881819083515175
0 0.860475352112676 0.5 0.9010297203555843 0.5877347417840375
0 0.32922535211267606 0.40492957746478875 0.39246072827811945 0.5009360741916287
0 0.258362676056338 0.5217136150234741 0.30842501642779213 0.6088487596155966
0 0.5334507042253521 0.397887323943662 0.5798708403590558 0.48098715532632413
0 0.23547535211267606 0.13497652582159625 0.2820266393696687 0.21236210297780425
0 0.6584507042253521 0.40375586854460094 0.7048158227534219 0.47746258458418744
0 0.1738556338028169 0.22887323943661972 0.23143756354146 0.3155933842491569
0 0.4863556338028169 0.5093896713615024 0.5305957941752629 0.6129639731975578
0 0.07878521126760564 0.20833333333333334 0.13508856284715334 0.3197134194053208
0 0.5536971830985915 0.5046948356807511 0.5992281262398333 0.6000559302607508
0 0.14524647887323944 0.2106807511737089 0.19007691616246777 0.3161909150521281
0 0.16153169014084506 0.5258215962441315 0.21339721316455068 0.6305599638519693
0 0.17473591549295775 0.125 0.2226343591921246 0.21823650234741784
0 0.15316901408450703 0.42370892018779344 0.19667554180718114 0.5079673069717208
0 0.9088908450704225 0.6983568075117371 0.9687901008604444 0.793604250699817
0 0.7640845070422535 0.49589201877934275 0.8055615825233089 0.609450767594613
0 0.9141725352112676 0.38086854460093894 0.9586645367362625 0.46456521799025763
0 0.7477992957746479 0.11384976525821597 0.8060088911550287 0.2035716844100597
0 0.8252640845070423 0.6901408450704225 0.8768374717937909 0.7877405276730808
0 0.5448943661971831 0.8280516431924883 0.6058341133951597 0.9519788429323988
0 0.6201584507042254 0.8262910798122066 0.679304507724162 0.945524477065838
0 0.3314260563380282 0.8098591549295775 0.38717806951745687 0.9062148713879521
0 0.06954225352112677 0.8550469483568075 0.14829685640249948 0.9789583057814807
0 0.7011443661971831 0.8262910798122066 0.7514519611064273 0.9349610967841478
0 0.1483274647887324 0.835093896713615 0.21296288403838523 0.956082691375168
0 0.852112676056338 0.8104460093896714 0.9111566405475103 0.9191253251118606
0 0.4630281690140845 0.8198356807511737 0.5213631037988494 0.9290963405629394
0 0.4044894366197183 0.7893192488262911 0.45404731979022017 0.9109217610042099
0 0.2601232394366197 0.8063380281690141 0.32030804434883947 0.912672336837929
0 0.7746478873239436 0.8397887323943662 0.8328456655425511 0.930258339945778
0 0.9220950704225352 0.8110328638497653 0.9701047116767506 0.9214723985540788
0 0.08494718309859155 0.1073943661971831 0.14036754085250944 0.20885716293063544
0 0.2363556338028169 0.23826291079812206 0.28158611107667125 0.3202827095593908
0 0.2909330985915493 0.2323943661971831 0.33129800479815513 0.3296758249024665
0 0.33846830985915494 0.2335680751173709 0.3845341248636183 0.32498030042540066
0 0.3569542253521127 0.1396713615023474 0.38936753775292604 0.21822789239348456
0 0.39524647887323944 0.21654929577464788 0.4342450499652847 0.30914521754942803
0 0.5259683098591549 0.20011737089201878 0.6001206125396747 0.3079811517776455
0 0.4507042253521127 0.14730046948356806 0.49672064074588373 0.18888069221274437
0 0.5110035211267606 0.15199530516431925 0.5618349456333069 0.18711737364720404
0 0.5840669014084507 0.1596244131455399 0.6370668719624082 0.1918077321519099
0 0.6870598591549296 0.13028169014084506 0.7320919630901607 0.23525218210672486
0 0.6892605633802817 0.22476525821596244 0.7329712761604841 0.3044455602944742
0 0.9361795774647887 0.23826291079812206 0.9806618927916088 0.30032965791619826
0 0.04665492957746479 0.4084507042253521 0.09416960610493949 0.5226476228261588
0 0.009683098591549295 0.41607981220657275 0.038287991593929774 0.5114929109083295
0 0.0013204225352112676 0.5258215962441315 0.038291672349236264 0.6317336727721572
0 0.11003521126760564 0.528755868544601 0.160162836614759 0.6287976784809011
0 0.10431338028169014 0.4254694835680751 0.14828155220938308 0.5132479639180938
0 0.22007042253521128 0.5240610328638498 0.254744687314025 0.6352558327271927
0 0.4705105633802817 0.39436619718309857 0.5248809372520333 0.49448687429742777
0 0.8050176056338029 0.4964788732394366 0.847797087321464 0.5994738973748595
0 0.9652288732394366 0.3714788732394366 0.9960540365874826 0.4839369255438736
0 0.9625880281690141 0.48532863849765256 0.9947347763960523 0.5936118963389099
0 0.0048415492957746475 0.8421361502347418 0.05589575636034517 0.9883555539024445
0 0.40096830985915494 0.6848591549295775 0.4540488695819282 0.7906778995569662
0 0.21566901408450703 0.8022300469483568 0.25826775131422336 0.9249986912870022
