0 0.19014084507042253 0.6789906103286385 0.38944095913509225 0.7425592778108401
0 0.2227112676056338 0.5176056338028169 0.3872259193364412 0.5777478840177214
0 0.3538732394366197 0.21889671361502347 0.5478195980460226 0.2856696615530428
0 0.3389084507042254 0.3597417840375587 0.5390233677593732 0.4369954566995085
0 0.34815140845070425 0.29107981220657275 0.5544242291336045 0.35898410809142806
0 0.5717429577464789 0.3615023474178404 0.7801180708812736 0.43464700566466086
0 0.2662852112676056 0.8186619718309859 0.4074532195372942 0.8733458556503338
0 0.15845070422535212 0.2353286384976526 0.34191969599285854 0.294462835306046
0 0.7059859154929577 0.556924882629108 0.8135096892977585 0.6598844337543256
0 0.13732394366197184 0.36384976525821594 0.3269642060107122 0.4457958628138156
0 0.2112676056338028 0.5880281690140845 0.38326968855385835 0.6463685280698275
0 0.5748239436619719 0.22183098591549297 0.7770357288980361 0.28332052172188055
0 0.5695422535211268 0.2834507042253521 0.7726366451348938 0.36133600310784897
0 0.14744718309859156 0.3039906103286385 0.3353224264158897 0.3554554045714034
0 0.7918133802816901 0.20774647887323944 0.9943698004488196 0.27980766051709316
0 0.40625 0.6514084507042254 0.47253246038732394 0.7255566851815116
0 0.01584507042253521 0.267018779342723 0.11046837804999009 0.34608743029381295
0 0.6681338028169014 0.1396713615023474 0.7461848002628446 0.20296967643104322
0 0.8006161971830986 0.36384976525821594 0.999 0.4405141726729705
0 0.8367077464788732 0.5434272300469484 0.9322901814496131 0.6733900074941039
0 0.7970950704225352 0.2869718309859155 0.999 0.35311797427759045
0 0.269806338028169 0.8849765258215962 0.4109727965061496 0.9425557649496351
0 0.6769366197183099 0.7992957746478874 0.7796316300089268 0.8504698968458639
0 0.6976232394366197 0.8873239436619719 0.832439426391093 0.9801130728030152
0 0.8772007042253521 0.8251173708920188 0.9864096827886333 0.909140189336331
0 0.27420774647887325 0.954225352112676 0.4175729719425709 0.9988531541360841
0 0.9445422535211268 0.5463615023474179 0.9960631416137672 0.6657591775220966
0 0.5352112676056338 0.6514084507042254 0.5847116147589764 0.7320120842425445
0 0.8371478873239436 0.8509389671361502 0.8623075933594525 0.9918715146906477
0 0.47491197183098594 0.9524647887323944 0.594421253533525 0.999
0 0.1932218309859155 0.8896713615023474 0.24199241996875623 0.9930224933324516
0 0.15316901408450703 0.8204225352112676 0.1905135699761952 0.9050349633009324
