0 0.9234154929577465 0.4278169014084507 0.999 0.7074954126165443
0 0.5580985915492958 0.4254694835680751 0.686374076324142 0.6857831751856994
0 0.690580985915493 0.4254694835680751 0.8047136527350724 0.6787409216645727
0 0.16329225352112675 0.1255868544600939 0.2472872833391192 0.33854132226850936
0 0.11179577464788733 0.42077464788732394 0.22618318847946833 0.6681802965681413
0 0.2592429577464789 0.13615023474178403 0.35728026278268205 0.34088254094205295
0 0.06910211267605634 0.11326291079812206 0.15665972618280105 0.34089597247018893
0 0.007922535211267605 0.41784037558685444 0.10430989325034716 0.6576186382772378
0 0.46875 0.16549295774647887 0.5821000220070423 0.3238465416914634
0 0.4595070422535211 0.4289906103286385 0.5482132451398531 0.6793257097357227
0 0.6857394366197183 0.11795774647887323 0.8099974738395159 0.34324063512530584
0 0.3001760563380282 0.4084507042253521 0.36122351405971037 0.6793377636712293
0 0.3613556338028169 0.12969483568075119 0.4126930653020234 0.33208351242037515
0 0.23283450704225353 0.4336854460093897 0.30227428058668915 0.6441116869448302
0 0.8138204225352113 0.44190140845070425 0.91645518467318 0.6775575695959796
0 0.7596830985915493 0.8485915492957746 0.8376938014530847 0.999
0 0.6747359154929577 0.8456572769953051 0.7510234436991668 0.999
0 0.1914612676056338 0.784037558685446 0.31153544838573693 0.9971924662214288
0 0.0488556338028169 0.7523474178403756 0.16591159523160087 0.9749105942383566
0 0.5919894366197183 0.8403755868544601 0.6700739483113469 0.9854223147964469
0 0.8543133802816901 0.8708920187793427 0.9516486296741717 0.9648644999889793
0 0.47579225352112675 0.8210093896713615 0.5816567815785558 0.9871942433159205
0 0.0035211267605633804 0.7505868544600939 0.041371689644911724 0.9702167917520774
0 0.8956866197183099 0.2282863849765258 0.999 0.322635982168441
