0 0.00044014084507042255 0.0005868544600938967 0.027728679515473118 0.259389326963345
0 0.02992957746478873 0.0005868544600938967 0.10386006620710177 0.259389326963345
0 0.12455985915492958 0.0011737089201877935 0.2015296831605832 0.24647818444312194
0 0.20158450704225353 0.0029342723004694834 0.2543126828754215 0.24765086016883775
0 0.25440140845070425 0.0005868544600938967 0.3313140838871256 0.2769949607661619
0 0.3314260563380282 0.004107981220657277 0.4140266610667526 0.2740586220767484
0 0.00044014084507042255 0.34917840375586856 0.05545755275490974 0.6482692615001433
0 0.05765845070422535 0.3474178403755869 0.12673518554106328 0.6512045669950848
0 0.12808098591549297 0.34624413145539906 0.197126724918171 0.6688108895942163
0 0.2007042253521127 0.357981220657277 0.2719187041261655 0.6758462551521965
0 0.27992957746478875 0.3591549295774648 0.3555105943761158 0.6846483832572903
0 0.386443661971831 0.3796948356807512 0.46681934697976596 0.6805283481011263
0 0.49559859154929575 0.3738262910798122 0.5503980640001984 0.6758369564019484
0 0.5528169014084507 0.3855633802816901 0.6295982319976196 0.7245389886265953
0 0.6606514084507042 0.3884976525821596 0.7329838682181115 0.7098659051334612
0 0.7376760563380281 0.3914319248826291 0.7976506707498513 0.7081036197623928
0 0.8098591549295775 0.46068075117370894 0.8737632662170204 0.7186263610615178
0 0.8838028169014085 0.4471830985915493 0.9155441008728425 0.6570145639092773
0 0.9247359154929577 0.4471830985915493 0.9969521408822655 0.6933995404350989
0 0.9203345070422535 0.061619718309859156 0.9925526696711962 0.3180389555643721
0 0.8023767605633803 0.04107981220657277 0.8649637426229915 0.2816660329740572
0 0.47007042253521125 0.778755868544601 0.552169863370363 0.9954350024245631
0 0.0664612676056338 0.8392018779342723 0.13333342373784962 0.9003291068791465
0 0.08934859154929578 0.7875586854460094 0.15445011065512795 0.8416739679076022
0 0.02464788732394366 0.7699530516431925 0.08713703878198771 0.825252374969693
0 0.00044014084507042255 0.8303990610328639 0.05985896120561397 0.8885971836496286
0 0.00044014084507042255 0.892018779342723 0.03785191895209284 0.960744120434658
0 0.037852112676056336 0.897887323943662 0.10473686086589962 0.9542852773920518
0 0.002640845070422535 0.9653755868544601 0.07526292216326125 0.999
0 0.4141725352112676 0.16842723004694835 0.4500817902573894 0.26985420937203813
0 0.4515845070422535 0.16842723004694835 0.48879771808668915 0.2669199370715687
0 0.4942781690140845 0.16725352112676056 0.5305923071439199 0.2757234427692918
0 0.5338908450704225 0.1742957746478873 0.570187548043543 0.2798272912120611
0 0.5743838028169014 0.17546948356807512 0.609782401495239 0.27865289349555866
0 0.41725352112676056 0.06455399061032864 0.45580226517556044 0.16545507394917236
0 0.45686619718309857 0.06748826291079812 0.49759821030053564 0.1654533519583857
0 0.5008802816901409 0.06455399061032864 0.5371915139605237 0.16428136502898455
0 0.5418133802816901 0.06748826291079812 0.5745854694629042 0.17132189655932464
0 0.5814260563380281 0.0715962441314554 0.6172616962780203 0.1760143214529745
0 0.42077464788732394 0.0011737089201877935 0.4558007153838524 0.059858466133262796
0 0.46258802816901406 0.0005868544600938967 0.4940745651284468 0.06279308283188961
0 0.49559859154929575 0.0011737089201877935 0.5336727118875224 0.06279273843373229
0 0.5360915492957746 0.0005868544600938967 0.5723872836490775 0.06279308283188961
0 0.5801056338028169 0.0005868544600938967 0.6150615732245587 0.0657273551323591
0 0.616637323943662 0.16725352112676056 0.6480560575158698 0.26516006248760166
0 0.6518485915492958 0.16842723004694835 0.684572249739635 0.2639856647710992
0 0.6879401408450704 0.17312206572769953 0.7175669277549097 0.26809089080649784
0 0.7253521126760564 0.17018779342723006 0.7549624330489982 0.2698531761775662
0 0.7596830985915493 0.17312206572769953 0.7945599986361833 0.26809089080649784
0 0.6188380281690141 0.06279342723004695 0.65597762410732 0.16252183484317487
0 0.6606514084507042 0.06455399061032864 0.6955718963871256 0.16838934624964183
0 0.6980633802816901 0.06572769953051644 0.733847683371355 0.17132292975379665
0 0.7376760563380281 0.0715962441314554 0.7712422200456259 0.17308004915250502
0 0.7737676056338029 0.06572769953051644 0.7998354896101963 0.1789520377350173
