0 0.9308978873239436 0.5234741784037559 0.9982698512819876 0.6698805902708898
0 0.10167253521126761 0.00528169014084507 0.2424728553982345 0.1954194356278516
0 0.7209507042253521 0.4935446009389671 0.7752108491618727 0.6863300794595428
0 0.25440140845070425 0.6402582159624414 0.39337394304205514 0.8194599423615244
0 0.1795774647887324 0.40375586854460094 0.2626850451299345 0.570772443739117
0 0.6549295774647887 0.48532863849765256 0.7043772317000595 0.6693161216910226
0 0.4278169014084507 0.6561032863849765 0.5702342355187463 0.8487933666159713
0 0.09330985915492958 0.39436619718309857 0.1667723108014283 0.5660831184288831
0 0.6153169014084507 0.23943661971830985 0.6656622724905772 0.3907045559743437
0 0.684419014084507 0.20539906103286384 0.7360543930395754 0.3960062212083141
0 0.6060739436619719 0.48884976525821594 0.6493811294262051 0.6499478581189799
0 0.27508802816901406 0.4166666666666667 0.39424511970591153 0.500929186228482
0 0.014524647887323943 0.40199530516431925 0.08714149443314818 0.5572758243514294
0 0.6826584507042254 0.0017605633802816902 0.7294530552593732 0.10915389638299279
0 0.352112676056338 0.008802816901408451 0.47035558420948226 0.20128591383984656
0 0.00044014084507042255 0.007629107981220657 0.09330966543096608 0.19835233033569175
0 0.27860915492957744 0.528169014084507 0.39028230230856975 0.5818496660715466
0 0.00044014084507042255 0.6332159624413145 0.11267586261406468 0.7977504601159382
0 0.25 0.0035211267605633804 0.3480413732394366 0.19307305098194802
0 0.6157570422535211 0.0017605633802816902 0.6683029238370363 0.11854356774449513
0 0.01232394366197183 0.8620892018779343 0.12191358981352907 0.9255504171350482
0 0.8446302816901409 0.5064553990610329 0.9001564127281293 0.672237995657828
0 0.9110915492957746 0.5211267605633803 0.9560250477335847 0.6640134232625802
0 0.7464788732394366 0.21009389671361503 0.7923651061297361 0.40950111860521504
0 0.7856514084507042 0.5 0.830199977373041 0.6916079812206573
0 0.9564260563380281 0.2347417840375587 0.999 0.4259185787652362
0 0.809419014084507 0.215962441314554 0.8433937416311247 0.4083239657034539
0 0.8939260563380281 0.22593896713615025 0.9406276733906963 0.4077312564746854
0 0.6914612676056338 0.7541079812206573 0.7510160821885538 0.9279612042363728
0 0.5994718309859155 0.7417840375586855 0.6744720634546717 0.9309027088981463
0 0.8556338028169014 0.7570422535211268 0.9278804428684785 0.940283425907558
0 0.1487676056338028 0.9014084507042254 0.27678311284963303 0.981865370627521
0 0.9388204225352113 0.7634976525821596 0.999 0.9267819849456678
0 0.011443661971830986 0.8879107981220657 0.12103369557131521 0.991262963146642
0 0.766725352112676 0.7676056338028169 0.8324090117288236 0.9115213581961251
0 0.4867957746478873 0.004694835680751174 0.6001378539724261 0.20774372368798077
0 0.7508802816901409 0.007042253521126761 0.8090885210027773 0.1255827216822059
0 0.8261443661971831 0.04988262910798122 0.9221715913881174 0.12321016277634508
0 0.9397007042253521 0.008215962441314555 0.9943047091970839 0.14025339438823867
0 0.1624119718309859 0.6602112676056338 0.2354038679701448 0.7695656037161938
0 0.3089788732394366 0.9190140845070423 0.40523372408748265 0.9847893109832705
0 0.43441901408450706 0.9336854460093896 0.5425024564198572 0.9971046446913091
0 0.41329225352112675 0.4788732394366197 0.5372300650292601 0.5542964358923493
