0 0.9247359154929577 0.54518779342723 0.9960718591921246 0.6581307583371906
0 0.2852112676056338 0.27523474178403756 0.35242728377306093 0.4006600735083427
0 0.32922535211267606 0.7018779342723005 0.39598185503868283 0.8534613392404505
0 0.4084507042253521 0.4988262910798122 0.46592937909145016 0.6024067920826995
0 0.7513204225352113 0.5393192488262911 0.807327763898532 0.6458102586567921
0 0.2068661971830986 0.18309859154929578 0.2807188088920849 0.280408979699795
0 0.3727992957746479 0.01643192488262911 0.42457183129587384 0.1073847230487778
0 0.3600352112676056 0.17488262910798122 0.4254577309809562 0.2733715477528709
0 0.8697183098591549 0.5534037558685446 0.9269939620115056 0.6493231198615794
0 0.21830985915492956 0.2863849765258216 0.27807292699861136 0.38832958628138153
0 0.4823943661971831 0.49119718309859156 0.5305975376909343 0.5971295791178999
0 0.2755281690140845 0.5134976525821596 0.3335054893622297 0.6276329239128039
0 0.13908450704225353 0.2869718309859155 0.19184019167823846 0.3977189132447266
0 0.7838908450704225 0.8186619718309859 0.82491906212805 0.8704115833498645
0 0.4762323943661972 0.7869718309859155 0.5213572920799444 0.8733644531508298
0 0.0013204225352112676 0.4454225352112676 0.04225293995487006 0.6476259257422469
0 0.5061619718309859 0.18368544600938966 0.563597639977187 0.26984525501994755
0 0.3415492957746479 0.4894366197183099 0.4008179800634795 0.5865672320306817
0 0.9075704225352113 0.056338028169014086 0.9494244848492362 0.1449199894200886
0 0.503080985915493 0.3039906103286385 0.5530356157632415 0.40064319799863346
0 0.17341549295774647 0.5252347417840375 0.2252757854344376 0.6111941110670281
0 0.6117957746478874 0.534037558685446 0.664343399747074 0.6381842502589874
0 0.4467429577464789 0.1742957746478873 0.4918808349657806 0.27161132877074656
0 0.8397887323943662 0.05457746478873239 0.8895951634100377 0.13201022449249486
0 0.36971830985915494 0.29460093896713613 0.414890088772069 0.39301960038793005
0 0.5492957746478874 0.4694835680751174 0.5895469648879191 0.5742549979060592
0 0.8287852112676056 0.352112676056338 0.999 0.44110791509621106
0 0.21610915492957747 0.015258215962441314 0.2877569942099782 0.10327743062443519
0 0.07922535211267606 0.022300469483568074 0.15885597475699265 0.09270991756485705
0 0.6751760563380281 0.5064553990610329 0.7197732499752034 0.6158999674888139
0 0.4709507042253521 0.7089201877934272 0.5191589125421544 0.7765792721902621
0 0.14788732394366197 0.17136150234741784 0.20416026086094027 0.24813887235777735
0 0.43705985915492956 0.31572769953051644 0.4786808715408649 0.4059180001763319
0 0.8327464788732394 0.2511737089201878 0.9956722066554256 0.3355333487623708
0 0.9352992957746479 0.7969483568075117 0.9678981957324935 0.8539924011990566
0 0.9467429577464789 0.06572769953051644 0.999 0.14960931473032246
0 0.8098591549295775 0.5516431924882629 0.8605590408649078 0.6481504441358638
0 0.5013204225352113 0.056338028169014086 0.7735469540393771 0.1267275011571778
0 0.03697183098591549 0.7623239436619719 0.0888921778912914 0.8933319695166302
0 0.21830985915492956 0.7605633802816901 0.26794968756199167 0.8528400449646235
0 0.28257042253521125 0.755868544600939 0.3286608404830391 0.8446268377085676
0 0.40757042253521125 0.7834507042253521 0.45844737217317993 0.867497974938835
0 0.16065140845070422 0.784037558685446 0.20283422033078755 0.8616290859397386
0 0.7363556338028169 0.8016431924882629 0.7756442096682206 0.8604450450748309
0 0.17209507042253522 0.01056338028169014 0.2072305919584408 0.09506422336837929
0 0.30633802816901406 0.01584507042253521 0.3563792526284468 0.10621135852674735
0 0.4308978873239437 0.01936619718309859 0.483965273817199 0.1132515456589301
0 0.7059859154929577 0.3004694835680751 0.74220687239635 0.37247625030307036
0 0.5994718309859155 0.33098591549295775 0.664348824018052 0.3918245387819877
0 0.8102992957746479 0.7394366197183099 0.8495553260141837 0.8135331944719962
0 0.733274647887324 0.7112676056338029 0.7681631713697679 0.7830332936586656
0 0.835387323943662 0.823943661971831 0.8689104809313628 0.8809718640481387
0 0.8829225352112676 0.721244131455399 0.919065615081333 0.7842011478101787
0 0.8939260563380281 0.812793427230047 0.9212614762075978 0.886846952214067
0 0.9388204225352113 0.721244131455399 0.9824212938281095 0.7906565468712116
0 0.4022887323943662 0.6942488262910798 0.4426046264382067 0.7595691028014723
0 0.15492957746478872 0.6977699530516432 0.20239659789724262 0.7683698533139368
0 0.2887323943661972 0.17077464788732394 0.34538348046022616 0.2628105782582821
0 0.7874119718309859 0.04518779342723005 0.8209562447307082 0.13905798838413894
0 0.2125880281690141 0.4495305164319249 0.2683923468185876 0.49973619101148364
0 0.13732394366197184 0.44014084507042256 0.2081261778416981 0.49211259340078023
0 0.00044014084507042255 0.7464788732394366 0.02552797529012101 0.8956886861072538
0 0.7786091549295775 0.7200704225352113 0.8002734994916683 0.7888966722872446
0 0.5875880281690141 0.7012910798122066 0.6278223644242215 0.7490015897418943
0 0.5400528169014085 0.715962441314554 0.5745862443587582 0.7572089422292755
0 0.6342429577464789 0.7001173708920188 0.6770976043319779 0.7302229358152043
0 0.23107394366197184 0.6772300469483568 0.280268013229022 0.7220204049020256
