0 0.13908450704225353 0.020539906103286387 0.24861836069232293 0.21888465967951684
0 0.8591549295774648 0.33392018779342725 0.999 0.5191702346315766
0 0.6522887323943662 0.306924882629108 0.7325474081283476 0.47282457459939603
0 0.3173415492957746 0.318075117370892 0.38938497290964097 0.471644322114219
0 0.5699823943661971 0.3315727699530516 0.6366329302841698 0.46459414743547356
0 0.43661971830985913 0.7406103286384976 0.5455824737155326 0.8199879047367146
0 0.21742957746478872 0.34330985915492956 0.2903972581085102 0.47339007637373537
0 0.6500880281690141 0.5434272300469484 0.7294673908326721 0.5941646553814278
0 0.769806338028169 0.023474178403755867 0.8773020218582622 0.2317937358107959
0 0.3226232394366197 0.5369718309859155 0.4206326482220789 0.5918210259207829
0 0.8727992957746479 0.67018779342723 0.9542813383381273 0.7231982466001015
0 0.4630281690140845 0.011150234741784037 0.5468912728129339 0.22006387897022198
0 0.5532570422535211 0.6654929577464789 0.632679024189149 0.7091164947431066
0 0.761443661971831 0.6443661971830986 0.8513373927544139 0.723213400119024
0 0.7592429577464789 0.5692488262910798 0.8495777979939496 0.6182105347263549
0 0.7398767605633803 0.3215962441314554 0.8346215331159492 0.5045061054905332
0 0.886443661971831 0.034624413145539906 0.9635182906417377 0.24059000914721507
0 0.3472711267605634 0.004107981220657277 0.4457098278491371 0.2247628474288611
0 0.018045774647887324 0.7834507042253521 0.06161177562735569 0.9261834209482246
0 0.20246478873239437 0.6455399061032864 0.3084496193711565 0.690935716017545
0 0.6588908450704225 0.6085680751173709 0.7351853473393176 0.6616146900967621
0 0.4898767605633803 0.3204225352112676 0.5556822725525689 0.4194128975732328
0 0.06470070422535211 0.40492957746478875 0.18042926905623885 0.46102997090524367
0 0.09683098591549295 0.6208920187793427 0.18613695819281886 0.6739314013974299
0 0.5673415492957746 0.01643192488262911 0.6537995855856973 0.1414222817342238
0 0.31205985915492956 0.7664319248826291 0.4157957483014283 0.80764880755582
0 0.43794014084507044 0.8227699530516432 0.5447016108535013 0.8739302993233264
0 0.06294014084507042 0.33568075117370894 0.1817504664873041 0.3971034737375741
0 0.5506161971830986 0.6038732394366197 0.6401625808991273 0.6463592293195795
0 0.25 0.014671361502347418 0.32911531690140844 0.22358293934184134
0 0.5453345070422535 0.5475352112676056 0.6507282858683793 0.5994439347351717
0 0.8701584507042254 0.5991784037558685 0.9595641908227533 0.6686624539884062
0 0.31161971830985913 0.6602112676056338 0.4228381955465185 0.6962087962044567
0 0.20290492957746478 0.5874413145539906 0.29920646790071415 0.6316975109656373
0 0.043133802816901406 0.03403755868544601 0.12806200096707002 0.21124763054067755
0 0.40492957746478875 0.3274647887323944 0.4760541683197778 0.418235055875157
0 0.4467429577464789 0.6660798122065728 0.5319336518671891 0.7020738968238224
0 0.4551056338028169 0.5563380281690141 0.5385320837879389 0.5982650598426238
0 0.11971830985915492 0.7987089201877934 0.17908463102559016 0.8551650769247724
0 0.3987676056338028 0.4213615023474178 0.4764970213003372 0.4786259615596553
0 0.31338028169014087 0.6068075117370892 0.4320803783971434 0.6410758171879477
0 0.610475352112676 0.13615023474178403 0.7352066569753025 0.227032775683837
0 0.1192781690140845 0.7453051643192489 0.19669045855237055 0.7947504077674183
0 0.4555457746478873 0.6015258215962441 0.5332501999231304 0.6457737524521149
0 0.2205105633802817 0.8967136150234741 0.31768463443513195 0.940788313606207
0 0.7596830985915493 0.7828638497652582 0.8508980268051974 0.8434372864731424
0 0.3279049295774648 0.8644366197183099 0.4250317319852212 0.9044222789790385
0 0.1192781690140845 0.8796948356807511 0.20021158531293395 0.9226058128898587
0 0.332306338028169 0.9172535211267606 0.43735373840755803 0.960142456853799
0 0.5598591549295775 0.9102112676056338 0.6498416112874429 0.9671888431528135
0 0.4467429577464789 0.9131455399061033 0.5336942152474707 0.9519289051995856
0 0.207306338028169 0.7846244131455399 0.3014052348864313 0.8704315584429897
0 0.7601232394366197 0.8626760563380281 0.8460562837854593 0.9724984295444026
0 0.5589788732394366 0.8503521126760564 0.6454405902846657 0.9009094177742512
0 0.4476232394366197 0.8738262910798122 0.543376926391093 0.9132195855099297
0 0.9366197183098591 0.7869718309859155 0.999 0.8451954390663228
0 0.4841549295774648 0.42664319248826293 0.5508432416683198 0.48977309671802327
0 0.8543133802816901 0.8386150234741784 0.9274408831952985 0.9103059770989002
0 0.9414612676056338 0.869131455399061 0.9934236526110891 0.9666260965637329
0 0.6602112676056338 0.8444835680751174 0.7453080056040468 0.9531429087041813
0 0.3217429577464789 0.8151408450704225 0.4215133173601468 0.8551554337763672
0 0.1153169014084507 0.5721830985915493 0.18216755418071812 0.6058848690735965
