0 0.2680457746478873 0.7875586854460094 0.42637850097946833 0.8874486157949261
0 0.5492957746478874 0.5252347417840375 0.7048638662963698 0.6475790875928498
0 0.4251760563380282 0.8116197183098591 0.49409103166534424 0.9091481104939496
0 0.715669014084507 0.4284037558685446 0.8575195118776036 0.5155936597676828
0 0.7147887323943662 0.5363849765258216 0.86720299791708 0.6452251261874848
0 0.1892605633802817 0.6748826291079812 0.30317374094921645 0.7249560547951245
0 0.12367957746478873 0.22300469483568075 0.3124455635662567 0.3173573916110119
0 0.18794014084507044 0.1414319248826291 0.336625026346459 0.20472920661685293
0 0.20026408450704225 0.0528169014084507 0.3489435457374529 0.12027416848508894
0 0.7235915492957746 0.09565727699530517 0.8773223628744297 0.1906715626308713
0 0.323943661971831 0.687206572769953 0.42239263043047015 0.744315019616919
0 0.7183098591549296 0.20539906103286384 0.8799655326324142 0.31032547003460514
0 0.5858274647887324 0.06866197183098592 0.6956048294609205 0.154302428420287
0 0.5598591549295775 0.4102112676056338 0.6938556957944851 0.499172411227931
0 0.5682218309859155 0.1619718309859155 0.7048555361659393 0.27748710573298946
0 0.3965669014084507 0.5645539906103286 0.4879416518919857 0.6281898157332099
0 0.37764084507042256 0.45011737089201875 0.4883901228674866 0.5302522785382089
0 0.0048415492957746475 0.23767605633802816 0.10299082678288038 0.3120670915162335
0 0.30149647887323944 0.5211267605633803 0.3682651864089466 0.6141307941545989
0 0.22007042253521128 0.5164319248826291 0.2917165182999405 0.6100255681192003
0 0.025528169014084508 0.4618544600938967 0.13467186260166633 0.6012547802464238
0 0.018485915492957746 0.6801643192488263 0.10342496218508232 0.7525351148361216
0 0.1443661971830986 0.47183098591549294 0.20856321910335252 0.5842301461350261
0 0.13952464788732394 0.37265258215962443 0.23277309654582423 0.4317061897992021
0 0.5765845070422535 0.70481220657277 0.6907673483683793 0.7601497580947343
0 0.005721830985915493 0.14612676056338028 0.1170749463772069 0.2282006298353501
0 0.8882042253521126 0.49002347417840375 0.9938872340557429 0.554876746787454
0 0.8877640845070423 0.4213615023474178 0.9811233432726642 0.4639546000573079
0 0.7227112676056338 0.7118544600938967 0.8148227503223566 0.7712958600586303
0 0.8842429577464789 0.5768779342723005 0.992568555036203 0.6780652124798872
0 0.8450704225352113 0.7112676056338029 0.9494519936520531 0.7536905706539708
0 0.7125880281690141 0.7734741784037559 0.818788473579151 0.853419322665256
0 0.8433098591549296 0.8034037558685446 0.9485724868577663 0.8663125564812978
0 0.59375 0.7975352112676056 0.6929604973591549 0.8886164699464392
0 0.2051056338028169 0.7400234741784038 0.27631817533723463 0.7976877796513038
0 0.0044014084507042256 0.06338028169014084 0.14920580923923826 0.13904731204126164
0 0.9115316901408451 0.18544600938967137 0.9907959807701846 0.31737943309308114
0 0.44850352112676056 0.6965962441314554 0.49320048260513794 0.8053423730961671
0 0.5374119718309859 0.721244131455399 0.5737071250123983 0.9209382370120567
