0 0.8107394366197183 0.11561032863849766 0.8486748506000793 0.2041575056756816
0 0.6192781690140845 0.08274647887323944 0.6462943317918072 0.19772139291145938
0 0.230193661971831 0.414906103286385 0.2591416401135687 0.500930219422954
0 0.4014084507042254 0.7411971830985915 0.45624938008331684 0.8287903772399656
0 0.741637323943662 0.0733568075117371 0.784444701882067 0.18716352300028655
0 0.7059859154929577 0.2699530516431925 0.7884216611287443 0.3519542529039653
0 0.20642605633802816 0.11150234741784038 0.25431055191182306 0.192422827260905
0 0.6804577464788732 0.5874413145539906 0.7659857140200357 0.6704299053318344
0 0.0801056338028169 0.08450704225352113 0.1284858689992065 0.20006777755736296
0 0.6720950704225352 0.43427230046948356 0.7681900990006943 0.5108953801053583
0 0.12852112676056338 0.42664319248826293 0.1680772354195596 0.4921205145583989
0 0.7007042253521126 0.07629107981220658 0.7382479294782781 0.19126978223015714
0 0.6734154929577465 0.7863849765258216 0.7395803628992264 0.8721910886287993
0 0.010123239436619719 0.5099765258215962 0.23547089646151556 0.6012265395975225
0 0.6025528169014085 0.27230046948356806 0.6841538059784765 0.35664771099208714
0 0.2596830985915493 0.25704225352112675 0.30842443525590163 0.31675056205779273
0 0.22007042253521128 0.7341549295774648 0.27235032111684193 0.8088414583746611
0 0.6549295774647887 0.09565727699530517 0.6933737105732989 0.20240865183274923
0 0.16285211267605634 0.11267605633802817 0.20019240664054752 0.19711697414534152
0 0.07174295774647887 0.4289906103286385 0.11660574693761158 0.48918486466530015
0 0.06866197183098592 0.26173708920187794 0.11792752554056735 0.3190952247129097
0 0.3257042253521127 0.26936619718309857 0.3801383344078556 0.3208513109171461
0 0.4524647887323944 0.13204225352112675 0.48879733063876213 0.1935844822455862
0 0.4040492957746479 0.2658450704225352 0.4536073726691132 0.31733225054552666
0 0.1386443661971831 0.7095070422535211 0.17687559666980757 0.7906634348343582
0 0.010123239436619719 0.7112676056338029 0.0426892063206705 0.7988783640812008
0 0.9617077464788732 0.5762910798122066 0.999 0.6563519418545704
0 0.8943661971830986 0.4278169014084507 0.9930042402301131 0.5114860229451828
0 0.7900528169014085 0.568075117370892 0.8513248006967864 0.6592910357292424
0 0.7900528169014085 0.4278169014084507 0.8706909978798849 0.5085517506447134
0 0.878080985915493 0.5721830985915493 0.9507578868900021 0.6481383902003571
0 0.8186619718309859 0.2717136150234742 0.902368546667328 0.3584086187705261
0 0.9203345070422535 0.27523474178403756 0.99651393727683 0.35547228008111265
0 0.8860035211267606 0.8233568075117371 0.9864058083093632 0.9050332413101456
0 0.8873239436619719 0.7523474178403756 0.9780425510811347 0.8141124721726288
0 0.3965669014084507 0.9066901408450704 0.4368853138638167 0.999
0 0.009242957746478873 0.875 0.23547128390944258 0.9842282863849765
0 0.3455105633802817 0.7394366197183099 0.4012563773928784 0.8170543212325596
0 0.33186619718309857 0.9084507042253521 0.38277646734278914 0.9900772002909476
0 0.4779929577464789 0.7323943661971831 0.5372015876066257 0.8223401441512928
0 0.0840669014084507 0.7124413145539906 0.12848412548353502 0.7935959851440411
0 0.2772887323943662 0.7347417840375586 0.33218429193116444 0.8070805505962221
0 0.4357394366197183 0.9160798122065728 0.475160325952192 0.999
0 0.7737676056338029 0.8034037558685446 0.8658566163707597 0.8991764062465559
0 0.3824823943661972 0.10856807511737089 0.4272084144390994 0.19887994831272454
0 0.3591549295774648 0.029342723004694836 0.39420811842888315 0.09740062046772024
0 0.3199823943661972 0.04284037558685446 0.3537324021151557 0.11617204203310631
0 0.2777288732394366 0.03755868544600939 0.31237776017903196 0.09152725429257863
0 0.20422535211267606 0.03873239436619718 0.24286785855980958 0.10150309131786021
0 0.40713028169014087 0.03169014084507042 0.4443630588548899 0.09270440719433976
0 0.3125 0.1267605633802817 0.346253301056338 0.20004298089003505
0 0.2601232394366197 0.10622065727699531 0.30226226970095216 0.19418649022460271
0 0.0044014084507042256 0.0880281690140845 0.06513890783078753 0.20417369238907623
0 0.1795774647887324 0.4166666666666667 0.21074842541162467 0.49447378716744916
0 0.006161971830985915 0.43133802816901406 0.04225080899127157 0.4862492147722013
0 0.44014084507042256 0.539906103286385 0.4738379661773458 0.5865376137891511
0 0.2557218309859155 0.3274647887323944 0.31238744637720695 0.36365759108642465
0 0.19058098591549297 0.2746478873239437 0.2380323147069034 0.31263224889241553
0 0.18705985915492956 0.32511737089201875 0.24023456872396348 0.3601378419184906
0 0.12279929577464789 0.3215962441314554 0.18612552847897243 0.368942725208843
0 0.1210387323943662 0.27582159624413144 0.17512278224806585 0.3126315600961009
0 0.06602112676056338 0.3274647887323944 0.11704840619420749 0.36541815446670634
0 0.0035211267605633804 0.3227699530516432 0.06117802767308073 0.3636603462716833
0 0.397887323943662 0.32629107981220656 0.45096923973417974 0.3601371531221759
0 0.4621478873239437 0.30927230046948356 0.49671560392283276 0.36249455850911416
0 0.5224471830985915 0.215962441314554 0.5847172327539178 0.3918920408208248
0 0.49691901408450706 0.42018779342723006 0.5473164969128149 0.5472886221869558
0 0.5713028169014085 0.49119718309859156 0.6388330533376314 0.5947821612775243
0 0.5004401408450704 0.562206572769953 0.5433536795154731 0.6939188928563557
0 0.5572183098591549 0.6220657276995305 0.6084695341946043 0.7596114637748242
0 0.5435739436619719 0.7934272300469484 0.589989624144515 0.9038770966959818
0 0.488556338028169 0.852112676056338 0.523992712879389 0.9396407789459763
0 0.5382922535211268 0.9242957746478874 0.5948334981278516 0.9959364461416386
0 0.5994718309859155 0.7910798122065728 0.6533453028912913 0.8892071127862637
0 0.7786091549295775 0.7294600938967136 0.8689354713226543 0.7918254342171968
0 0.6694542253521126 0.7359154929577465 0.7541067543022217 0.7771502843351187
0 0.971830985915493 0.0892018779342723 0.9942905673477485 0.1977176045317287
0 0.8921654929577465 0.13204225352112675 0.925663659554156 0.19769246346624345
0 0.6223591549295775 0.6038732394366197 0.6599373419212458 0.6803967880050255
0 0.2640845070422535 0.9055164319248826 0.3141443290021821 0.9894920678216402
