0 0.8389084507042254 0.8078051643192489 0.07394366197183098 0.08744131455399061
0 0.9707306338028169 0.289612676056338 0.0761443661971831 0.11795774647887323
0 0.3536531690140845 0.658744131455399 0.07174295774647887 0.12969483568075119
0 0.5950704225352113 0.6473004694835681 0.06690140845070422 0.12910798122065728
0 0.7482394366197183 0.6367370892018779 0.06514084507042253 0.12323943661971831
0 0.9234154929577465 0.488556338028169 0.043133802816901406 0.12030516431924883
0 0.7376760563380281 0.2811032863849765 0.06690140845070422 0.10915492957746478
0 0.34110915492957744 0.16226525821596244 0.08450704225352113 0.13908450704225353
0 0.26694542253521125 0.5311032863849765 0.06910211267605634 0.1255868544600939
0 0.2695862676056338 0.659330985915493 0.061179577464788734 0.10387323943661972
0 0.34661091549295775 0.5255281690140845 0.06734154929577464 0.12030516431924883
0 0.3140404929577465 0.8553403755868545 0.06382042253521127 0.14730046948356806
0 0.5160651408450704 0.6505281690140845 0.06029929577464789 0.11561032863849766
0 0.33340669014084506 0.2948943661971831 0.08670774647887323 0.13086854460093897
0 0.1795774647887324 0.5302230046948356 0.07922535211267606 0.11678403755868545
0 0.18441901408450703 0.6657863849765259 0.06338028169014084 0.11561032863849766
0 0.495818661971831 0.2934272300469484 0.07878521126760564 0.13145539906103287
0 0.8210827464788732 0.28257042253521125 0.0682218309859155 0.11561032863849766
0 0.6602112676056338 0.2907863849765258 0.06514084507042253 0.12030516431924883
0 0.5169454225352113 0.5146713615023474 0.07174295774647887 0.1267605633802817
0 0.4201144366197183 0.3022300469483568 0.06382042253521127 0.13497652582159625
0 0.6507482394366197 0.4879694835680751 0.06294014084507042 0.10974178403755869
0 0.4377200704225352 0.6528755868544601 0.07966549295774648 0.13204225352112675
0 0.9029489436619719 0.28169014084507044 0.06470070422535211 0.1056338028169014
0 0.42099471830985913 0.5214201877934272 0.06382042253521127 0.12030516431924883
0 0.5785651408450704 0.295481220657277 0.07350352112676056 0.1273474178403756
0 0.25088028169014087 0.301056338028169 0.07042253521126761 0.12206572769953052
0 0.7876320422535211 0.4865023474178404 0.04709507042253521 0.1056338028169014
0 0.24647887323943662 0.17253521126760563 0.05897887323943662 0.11971830985915492
0 0.42891725352112675 0.16167840375586853 0.0664612676056338 0.10504694835680752
0 0.12257922535211267 0.3057511737089202 0.06294014084507042 0.09154929577464789
0 0.5013204225352113 0.1693075117370892 0.04665492957746479 0.1073943661971831
0 0.12081866197183098 0.19483568075117372 0.05501760563380282 0.09154929577464789
0 0.5644806338028169 0.16666666666666666 0.047975352112676055 0.10328638497652583
0 0.08120598591549295 0.6296948356807511 0.06734154929577464 0.09976525821596244
0 0.04973591549295775 0.2984154929577465 0.05457746478873239 0.09565727699530517
0 0.17495598591549297 0.1942488262910798 0.04533450704225352 0.08450704225352113
0 0.6727552816901409 0.6343896713615024 0.055897887323943664 0.09976525821596244
0 0.07768485915492958 0.5178990610328639 0.05765845070422535 0.11913145539906103
0 0.7183098591549296 0.48738262910798125 0.04225352112676056 0.11561032863849766
0 0.9066901408450704 0.7846244131455399 0.05457746478873239 0.09624413145539906
0 0.855193661971831 0.4867957746478873 0.05457746478873239 0.11913145539906103
0 0.8268045774647887 0.6273474178403756 0.06294014084507042 0.11737089201877934
0 0.9047095070422535 0.6299882629107981 0.05765845070422535 0.10152582159624413
0 0.8584947183098591 0.1572769953051643 0.0664612676056338 0.10915492957746478
0 0.7748679577464789 0.1607981220657277 0.06998239436619719 0.1056338028169014
0 0.9749119718309859 0.6214788732394366 0.05457746478873239 0.0903755868544601
0 0.9777728873239436 0.4835680751173709 0.03653169014084507 0.11032863849765258
0 0.965669014084507 0.7857981220657277 0.05545774647887324 0.08685446009389672
0 0.6738556338028169 0.8394953051643192 0.05017605633802817 0.09683098591549295
0 0.3930457746478873 0.8383215962441315 0.07570422535211267 0.12030516431924883
0 0.5367517605633803 0.8430164319248826 0.07966549295774648 0.11091549295774648
0 0.754181338028169 0.8644366197183099 0.06470070422535211 0.1255868544600939
0 0.6058538732394366 0.835093896713615 0.0409330985915493 0.11267605633802817
0 0.07174295774647887 0.8591549295774648 0.07482394366197183 0.10211267605633803
0 0.14766725352112675 0.9498239436619719 0.07174295774647887 0.08039906103286384
0 0.06492077464788733 0.9536384976525821 0.07174295774647887 0.08685446009389672
0 0.3164612676056338 0.9647887323943662 0.07042253521126761 0.07863849765258216
0 0.23701584507042253 0.9498239436619719 0.06910211267605634 0.08744131455399061
0 0.18882042253521128 0.3119131455399061 0.04401408450704225 0.11913145539906103
0 0.6243397887323944 0.17194835680751175 0.053257042253521125 0.09272300469483569
0 0.6969630281690141 0.1675469483568075 0.05677816901408451 0.09565727699530517
0 0.9540052816901409 0.15140845070422534 0.07262323943661972 0.12206572769953052
0 0.5856073943661971 0.5017605633802817 0.05677816901408451 0.11619718309859155
0 0.3921654929577465 0.9527582159624414 0.06338028169014084 0.09448356807511737
0 0.4762323943661972 0.9240023474178404 0.0625 0.1449530516431925
0 0.5422535211267606 0.9480633802816901 0.06690140845070422 0.10387323943661972
0 0.831205985915493 0.8893779342723005 0.061179577464788734 0.10974178403755869
0 0.8945862676056338 0.8817488262910798 0.053257042253521125 0.10035211267605634
0 0.9599471830985915 0.9219483568075117 0.07306338028169014 0.15258215962441316
