0 0.7788292253521126 0.38028169014084506 0.07174295774647887 0.12793427230046947
0 0.7101672535211268 0.6382042253521126 0.05413732394366197 0.1637323943661972
0 0.8675176056338029 0.37822769953051644 0.07482394366197183 0.15199530516431925
0 0.2167693661971831 0.6279342723004695 0.06910211267605634 0.16666666666666666
0 0.5279489436619719 0.15551643192488263 0.06382042253521127 0.1443661971830986
0 0.6023327464788732 0.37588028169014087 0.0743838028169014 0.16725352112676056
0 0.6283010563380281 0.6367370892018779 0.05501760563380282 0.13849765258215962
0 0.6047535211267606 0.15140845070422534 0.07306338028169014 0.13732394366197184
0 0.3908450704225352 0.38204225352112675 0.061619718309859156 0.14788732394366197
0 0.6910211267605634 0.3700117370892019 0.07570422535211267 0.16960093896713616
0 0.5409330985915493 0.6367370892018779 0.051056338028169015 0.16549295774647887
0 0.4665492957746479 0.6367370892018779 0.05545774647887324 0.1443661971830986
0 0.289612676056338 0.1728286384976526 0.0721830985915493 0.1402582159624413
0 0.4524647887323944 0.16226525821596244 0.056338028169014086 0.14730046948356806
0 0.2935739436619718 0.6326291079812206 0.07042253521126761 0.15845070422535212
0 0.37544014084507044 0.16549295774647887 0.06514084507042253 0.1431924882629108
0 0.9533450704225352 0.36913145539906106 0.07658450704225352 0.15610328638497653
0 0.6945422535211268 0.1414319248826291 0.07042253521126761 0.1596244131455399
0 0.09617077464788733 0.19043427230046947 0.07174295774647887 0.15199530516431925
0 0.06800176056338028 0.6367370892018779 0.06029929577464789 0.14084507042253522
0 0.23503521126760563 0.39818075117370894 0.0625 0.12147887323943662
0 0.15647007042253522 0.4025821596244131 0.06470070422535211 0.11384976525821597
0 0.06580105633802817 0.4107981220657277 0.053257042253521125 0.12441314553990611
0 0.523987676056338 0.37177230046948356 0.07174295774647887 0.159037558685446
0 0.7623239436619719 0.13879107981220656 0.05545774647887324 0.13321596244131456
0 0.38952464788732394 0.619424882629108 0.06426056338028169 0.11561032863849766
0 0.13534330985915494 0.6349765258215962 0.061179577464788734 0.15023474178403756
0 0.16659330985915494 0.1880868544600939 0.04005281690140845 0.12030516431924883
0 0.3184419014084507 0.38967136150234744 0.055897887323943664 0.13262910798122066
0 0.22205105633802816 0.18368544600938966 0.05677816901408451 0.12793427230046947
0 0.8683978873239436 0.6332159624413145 0.07746478873239436 0.1596244131455399
0 0.9533450704225352 0.6299882629107981 0.06866197183098592 0.17546948356807512
0 0.8672975352112676 0.13703051643192488 0.08846830985915492 0.1402582159624413
0 0.7867517605633803 0.619131455399061 0.05501760563380282 0.1396713615023474
0 0.953125 0.13556338028169015 0.07174295774647887 0.142018779342723
0 0.9566461267605634 0.8327464788732394 0.0743838028169014 0.10211267605633803
0 0.3184419014084507 0.9140258215962441 0.07086267605633803 0.16490610328638497
0 0.5574383802816901 0.9043427230046949 0.0664612676056338 0.17136150234741784
0 0.7231514084507042 0.9193075117370892 0.07306338028169014 0.16255868544600938
0 0.16879401408450703 0.9107981220657277 0.05677816901408451 0.17136150234741784
0 0.23899647887323944 0.9105046948356808 0.06954225352112677 0.1637323943661972
0 0.09727112676056338 0.9072769953051644 0.06338028169014084 0.176056338028169
0 0.3939260563380282 0.9066901408450704 0.06073943661971831 0.17136150234741784
0 0.47821302816901406 0.9096244131455399 0.05941901408450704 0.13145539906103287
0 0.8866637323943662 0.9131455399061033 0.07350352112676056 0.1607981220657277
0 0.030149647887323945 0.909330985915493 0.055897887323943664 0.1813380281690141
0 0.6386443661971831 0.8726525821596244 0.05721830985915493 0.1267605633802817
0 0.8036971830985915 0.9163732394366197 0.07746478873239436 0.15786384976525822
0 0.02266725352112676 0.2021713615023474 0.042693661971830985 0.13791079812206572
0 0.45422535211267606 0.3899647887323944 0.04665492957746479 0.15434272300469484
0 0.018045774647887324 0.4081572769953052 0.03345070422535211 0.14847417840375587
0 0.020026408450704226 0.6176643192488263 0.03477112676056338 0.16842723004694835
0 0.9606073943661971 0.9474765258215962 0.06558098591549295 0.10504694835680752
