0 0.6188380281690141 0.8386150234741784 0.693389595938306 0.9519726437655668
0 0.061179577464788734 0.24354460093896713 0.14389912870710178 0.44997444565672595
0 0.5528169014084507 0.2846244131455399 0.6221158376314223 0.4299972861425202
0 0.25264084507042256 0.6654929577464789 0.3251528869519936 0.7302432553064868
0 0.7882922535211268 0.12852112676056338 0.8605685333391192 0.27398560966739405
0 0.7918133802816901 0.6508215962441315 0.8495634624206507 0.7232096117392933
0 0.2442781690140845 0.13673708920187794 0.30579037052420155 0.27867562377394256
0 0.31161971830985913 0.29225352112676056 0.3801445335746875 0.43820877140778947
0 0.6316021126760564 0.2863849765258216 0.696024823013787 0.4299962529480482
0 0.47007042253521125 0.28931924882629106 0.540726201398532 0.4329288032577311
0 0.4022887323943662 0.289906103286385 0.4588898377058124 0.4282336231788225
0 0.06866197183098592 0.6696009389671361 0.11660710300535608 0.7314145534395733
0 0.7191901408450704 0.27992957746478875 0.776532046592938 0.41474182536533755
0 0.23767605633802816 0.29577464788732394 0.2991911637075977 0.440554122859221
0 0.7205105633802817 0.653169014084507 0.7703694935900616 0.7267293609072274
0 0.4590669014084507 0.8016431924882629 0.5090409036525491 0.8669004441358638
0 0.8961267605633803 0.6672535211267606 0.9489893808272168 0.718505132910137
0 0.5440140845070423 0.00528169014084507 0.60935562760365 0.1320391539377108
0 0.25 0.5903755868544601 0.31327024647887325 0.658104239679076
0 0.47315140845070425 0.01232394366197183 0.535003014344872 0.14729323712226408
0 0.792693661971831 0.49765258215962443 0.8522039200431463 0.5613276686724415
0 0.46786971830985913 0.670774647887324 0.5244419587507438 0.7273058834226013
0 0.31690140845070425 0.13086854460093897 0.3832231948026185 0.2733973776146708
0 0.1698943661971831 0.1437793427230047 0.2362808563529062 0.2909954346580264
0 0.6192781690140845 0.5815727699530516 0.6793048951720889 0.6475460253697459
0 0.3930457746478873 0.6637323943661971 0.4518516523879191 0.7208546171394564
0 0.7143485915492958 0.5827464788732394 0.7628898113593533 0.6475453365734312
0 0.1641725352112676 0.2992957746478873 0.22571999448274152 0.4340966574092442
0 0.46434859154929575 0.5845070422535211 0.526644212767804 0.6446100310784897
0 0.3305457746478873 0.5903755868544601 0.3708932456977782 0.6622122208997333
0 0.5413732394366197 0.6696009389671361 0.6014342547361635 0.7237854454583527
0 0.39524647887323944 0.5839201877934272 0.4399668809512002 0.6586948825189006
0 0.39524647887323944 0.16255868544600938 0.4632943457399325 0.28159474255548944
0 0.5488556338028169 0.5856807511737089 0.5974696938231502 0.650477886883114
0 0.6227992957746479 0.6666666666666666 0.6735815143944653 0.7255477308294209
0 0.7847711267605634 0.284037558685446 0.8596898014406864 0.4082840155172034
0 0.8745598591549296 0.13086854460093897 0.9384354930197382 0.2675288330137318
0 0.8842429577464789 0.289906103286385 0.9511953155995834 0.4206045151976019
0 0.715669014084507 0.15082159624413147 0.7800547231452093 0.2733856680773215
0 0.9502640845070423 0.659037558685446 0.9969409048923824 0.7108808465031189
0 0.7323943661971831 0.8368544600938967 0.9019663757191033 0.9871849445656725
0 0.5440140845070423 0.8585680751173709 0.6102359092937909 0.9361158638056823
0 0.38204225352112675 0.8004694835680751 0.43645156590954176 0.8616194427913333
0 0.258362676056338 0.801056338028169 0.3119461431883555 0.8580979716326125
0 0.4766725352112676 0.8791079812206573 0.5292796335672486 0.9431460633913025
0 0.31161971830985913 0.880868544600939 0.36650016737750446 0.9537084104785206
0 0.0721830985915493 0.9448356807511737 0.1381724546220988 0.999
0 0.23547535211267606 0.8943661971830986 0.2965512872569927 0.9583953250016531
0 0.32702464788732394 0.7998826291079812 0.3695743729542749 0.8657277684101479
0 0.9137323943661971 0.829225352112676 0.999 0.9959922386431264
0 0.0048415492957746475 0.24178403755868544 0.05677603805048601 0.4376515351892261
0 0.38952464788732394 0.01936619718309859 0.4496524979542749 0.14259426866362493
0 0.47755281690140844 0.14906103286384975 0.5341207954150963 0.2880580627741409
0 0.5514964788732394 0.1426056338028169 0.6045107850004959 0.27867217979236925
0 0.6245598591549296 0.19190140845070422 0.666978626822555 0.2798169592673411
0 0.9559859154929577 0.2711267605633803 0.999 0.4212023903987304
0 0.012764084507042254 0.5410798122065728 0.056772551019143025 0.6117716667768741
0 0.09859154929577464 0.528755868544601 0.14960449315611982 0.5965206831757367
0 0.1602112676056338 0.5305164319248826 0.21911962532235668 0.5994539222817342
0 0.09639084507042253 0.5950704225352113 0.14828503924072606 0.6581014844938173
0 0.16109154929577466 0.6015258215962441 0.2191192378744297 0.6674873674755891
0 0.12632042253521128 0.6678403755868545 0.19492679558867287 0.7355235678547025
0 0.7323943661971831 0.5041079812206573 0.7796072207895258 0.5701266971941193
0 0.7799295774647887 0.57981220657277 0.8328433408549891 0.652241894244969
0 0.8943661971830986 0.5768779342723005 0.945028888117437 0.6457882171747229
0 0.855193661971831 0.5856807511737089 0.879905284479766 0.6475436145826445
0 0.6382042253521126 0.9595070422535211 0.7017437481402499 0.9959157822521986
0 0.5572183098591549 0.95481220657277 0.6119906609551676 0.999
0 0.48327464788732394 0.9501173708920188 0.5301570093979369 0.999
0 0.3961267605633803 0.9565727699530516 0.460653113221583 0.999
0 0.40096830985915494 0.8779342723004695 0.4540488695819282 0.9372782075866781
0 0.30941901408450706 0.9612676056338029 0.3598990233212656 0.999
0 0.2306338028169014 0.9642018779342723 0.30183510836143623 0.999
0 0.144806338028169 0.9424882629107981 0.21472499721037494 0.999
0 0.006161971830985915 0.8732394366197183 0.050173344202539175 0.9466706341334391
0 0.0048415492957746475 0.948943661971831 0.05369505213499306 0.9959219814190307
0 0.008362676056338027 0.6678403755868545 0.055894206568637174 0.7337630044744209
0 0.9361795774647887 0.528755868544601 0.999 0.6563798381053142
