0 0.2918133802816901 0.3609154929577465 0.4606990258009324 0.43464735006281824
0 0.5044014084507042 0.4137323943661972 0.6846371472674072 0.46630649507372873
0 0.7816901408450704 0.1443661971830986 0.9402369321563182 0.1953378132645639
0 0.448943661971831 0.5428403755868545 0.6481298663459631 0.6217471594039984
0 0.542693661971831 0.795774647887324 0.6978245186346955 0.8446034186338689
0 0.3626760563380282 0.04929577464788732 0.5095234700456259 0.11206027243271838
0 0.4551056338028169 0.6596244131455399 0.6353630697034319 0.7132279199453371
0 0.6584507042253521 0.5534037558685446 0.8443404706407459 0.6240883780775419
0 0.10651408450704225 0.2846244131455399 0.262277062462805 0.3255371922458066
0 0.778169014084507 0.07394366197183098 0.9455201720888712 0.12906458705283344
0 0.36795774647887325 0.11795774647887323 0.5007183284566554 0.17657396845863918
0 0.34683098591549294 0.5897887323943662 0.4012557962209879 0.6610388563777029
0 0.511443661971831 0.3515258215962441 0.678031935007935 0.39709417498732613
0 0.5039612676056338 0.2875586854460094 0.6727535381744693 0.3431411040578368
0 0.3265845070422535 0.40492957746478875 0.4681661159740131 0.4551614263043047
0 0.659330985915493 0.6596244131455399 0.8438999423477485 0.7302466992880601
0 0.5506161971830986 0.12147887323943662 0.72643018653293 0.1701165030086623
0 0.2891725352112676 0.25821596244131456 0.4466156811024598 0.30149165729903676
0 0.14964788732394366 0.6062206572769953 0.2490538521622694 0.6780479925720205
0 0.292693661971831 0.2857981220657277 0.4549768073670899 0.3314050480504309
0 0.007042253521126761 0.10387323943661972 0.13247929478278117 0.1666057081928189
0 0.7847711267605634 0.3403755868544601 0.901943322567447 0.38653733827062536
0 0.10915492957746478 0.34683098591549294 0.262275900119024 0.38242556867023736
0 0.15096830985915494 0.09624413145539906 0.3260779188777028 0.15252567832661068
0 0.10827464788732394 0.3814553990610329 0.26579741432751436 0.40881369988318017
0 0.2596830985915493 0.5715962441314554 0.3273504915939298 0.6457913167581388
0 0.34815140845070425 0.5158450704225352 0.4241425389927594 0.5660118280103155
0 0.0488556338028169 0.7564553990610329 0.15226722903441778 0.7988518454230863
0 0.34110915492957744 0.6643192488262911 0.4166632442099782 0.7026617844783883
0 0.3477112676056338 0.7734741784037559 0.49104414116742706 0.8217291818201855
0 0.19806338028169015 0.8374413145539906 0.302729725624876 0.9020907034539002
0 0.34815140845070425 0.840962441314554 0.49720591927444946 0.8950463835438295
0 0.21434859154929578 0.7664319248826291 0.3154866423452688 0.818799042297604
0 0.5413732394366197 0.8884976525821596 0.6934236913558818 0.9319903182790011
0 0.7372359154929577 0.8456572769953051 0.8548691743329697 0.9044332997200731
0 0.06998239436619719 0.8080985915492958 0.16986356408698672 0.8563332754744429
0 0.5453345070422535 0.8474178403755869 0.6881402576993652 0.888587196103066
0 0.09110915492957747 0.8703051643192489 0.1672134202663162 0.9108742340584981
0 0.06426056338028169 0.9501173708920188 0.18835199799146995 0.9965081470828099
0 0.7213908450704225 0.7946009389671361 0.8346296695224162 0.8434303985099959
0 0.9220950704225352 0.8327464788732394 0.9841892187190042 0.8868352426767175
0 0.0048415492957746475 0.30809859154929575 0.07746265776879588 0.33843421444157906
0 0.002640845070422535 0.3532863849765258 0.08538616159988097 0.3853560525909762
0 0.009242957746478873 0.3902582159624413 0.09418607264183694 0.4146770785117591
0 0.00044014084507042255 0.4225352112676056 0.09418994712110693 0.4486956952985519
0 0.11047535211267606 0.41960093896713613 0.27019785415840114 0.4528053985099958
0 0.5572183098591549 0.06748826291079812 0.7255469989833366 0.12026555853115564
0 0.7654049295774648 0.029342723004694836 0.9574095929007141 0.06277620732218035
0 0.007042253521126761 0.03931924882629108 0.16460957647292204 0.09387363893848222
0 0.17649647887323944 0.04225352112676056 0.3471934434512002 0.0862428089664749
0 0.2579225352112676 0.6643192488262911 0.32074915381372743 0.6903378408164165
0 0.829225352112676 0.4107981220657277 0.9234906578555843 0.4410734752804779
0 0.8235035211267606 0.4460093896713615 0.9168910635910533 0.4780246423769534
