0 0.26452464788732394 0.534037558685446 0.14788732394366197 0.07629107981220658
0 0.44696302816901406 0.6349765258215962 0.13336267605633803 0.05985915492957746
0 0.445862676056338 0.5366784037558685 0.13028169014084506 0.05575117370892019
0 0.14920774647887325 0.34976525821596244 0.11971830985915492 0.04225352112676056
0 0.8144806338028169 0.590669014084507 0.09022887323943662 0.10269953051643192
0 0.46500880281690143 0.38585680751173707 0.12720070422535212 0.07570422535211267
0 0.6949823943661971 0.5845070422535211 0.10387323943661972 0.0880281690140845
0 0.4335387323943662 0.7552816901408451 0.11883802816901408 0.05046948356807512
0 0.5805457746478874 0.5768779342723005 0.07306338028169014 0.057511737089201875
0 0.20004401408450703 0.1657863849765258 0.12808098591549297 0.06631455399061033
0 0.5226672535211268 0.11707746478873239 0.13424295774647887 0.04518779342723005
0 0.3164612676056338 0.6032863849765259 0.08714788732394366 0.05516431924882629
0 0.14040492957746478 0.4046361502347418 0.12235915492957747 0.04401408450704225
0 0.5831866197183099 0.8110328638497653 0.13996478873239437 0.10211267605633803
0 0.1580105633802817 0.7544014084507042 0.08362676056338028 0.05575117370892019
0 0.23481514084507044 0.5093896713615024 0.08230633802816902 0.045774647887323945
0 0.08340669014084508 0.585387323943662 0.11047535211267606 0.051056338028169015
0 0.7665052816901409 0.7831572769953051 0.13952464788732394 0.04988262910798122
0 0.7647447183098591 0.14847417840375587 0.09991197183098592 0.04342723004694836
0 0.09419014084507042 0.528169014084507 0.10387323943661972 0.046948356807511735
0 0.3617957746478873 0.11502347417840375 0.0625 0.16666666666666666
0 0.21412852112676056 0.5903755868544601 0.09110915492957747 0.062206572769953054
0 0.7671654929577465 0.20363849765258216 0.11971830985915492 0.045774647887323945
0 0.5231073943661971 0.1942488262910798 0.14128521126760563 0.045774647887323945
0 0.20664612676056338 0.1164906103286385 0.12191901408450705 0.0534037558685446
0 0.17033450704225353 0.7068661971830986 0.09683098591549295 0.04753521126760563
0 0.32768485915492956 0.539612676056338 0.08670774647887323 0.05575117370892019
0 0.5202464788732394 0.08832159624413145 0.1329225352112676 0.04284037558685446
0 0.4480633802816901 0.5692488262910798 0.12764084507042253 0.04812206572769953
0 0.5255281690140845 0.047828638497652586 0.13556338028169015 0.04753521126760563
0 0.5257482394366197 0.16637323943661972 0.14656690140845072 0.041666666666666664
0 0.8710387323943662 0.21390845070422534 0.10475352112676056 0.04401408450704225
0 0.860475352112676 0.443075117370892 0.08098591549295775 0.062206572769953054
0 0.7588028169014085 0.8568075117370892 0.1443661971830986 0.056338028169014086
0 0.4315580985915493 0.8362676056338029 0.12015845070422536 0.045774647887323945
0 0.27838908450704225 0.8104460093896714 0.11575704225352113 0.057511737089201875
0 0.7409771126760564 0.4439553990610329 0.12632042253521128 0.05575117370892019
0 0.9575264084507042 0.6205985915492958 0.08494718309859155 0.1402582159624413
0 0.9401408450704225 0.835387323943662 0.11971830985915492 0.11561032863849766
0 0.07086267605633803 0.06631455399061033 0.13204225352112675 0.03286384976525822
0 0.0743838028169014 0.10856807511737089 0.136443661971831 0.04929577464788732
0 0.06558098591549295 0.1596244131455399 0.12411971830985916 0.04929577464788732
0 0.048195422535211266 0.2981220657276995 0.08934859154929578 0.03873239436619718
0 0.03653169014084507 0.3617957746478873 0.06602112676056338 0.04636150234741784
0 0.053477112676056336 0.7194835680751174 0.09286971830985916 0.1068075117370892
0 0.7753080985915493 0.08509389671361503 0.10431338028169014 0.04812206572769953
