0 0.7865316901408451 0.8480046948356808 0.8526467730237056 0.9355352085124203
0 0.5972711267605634 0.2511737089201878 0.6731526095392779 0.3989136304525116
0 0.5726232394366197 0.5498826291079812 0.6427937397713748 0.663409693292777
0 0.4894366197183099 0.5440140845070423 0.5578831705018845 0.6575445926734114
0 0.6848591549295775 0.25528169014084506 0.7659837767804006 0.400671783045692
0 0.4876760563380282 0.22769953051643194 0.5763698608906963 0.3701715378342039
0 0.2605633802816901 0.25938967136150237 0.3590402449910732 0.37660833939474087
0 0.7376760563380281 0.5181924882629108 0.8231788397639358 0.6874893236571227
0 0.37764084507042256 0.25938967136150237 0.475185897515374 0.38012946615530424
0 0.6527288732394366 0.5363849765258216 0.732547214404384 0.6716335768917102
0 0.3657570422535211 0.556924882629108 0.4545045083440785 0.6669266872754523
0 0.8287852112676056 0.5598591549295775 0.8962021191851816 0.6892254347682337
0 0.4753521126760563 0.7253521126760564 0.5512872569926601 0.8188231501686173
0 0.1936619718309859 0.14553990610328638 0.2776436346954969 0.24404604465604265
0 0.1954225352112676 0.2764084507042254 0.2494738457151359 0.37953262414864775
0 0.5651408450704225 0.727112676056338 0.6238709767407261 0.8106061545328308
0 0.289612676056338 0.5516431924882629 0.35506619160384845 0.6346527915537041
0 0.672975352112676 0.11561032863849766 0.7593868946513589 0.23115281084000086
0 0.3939260563380282 0.721244131455399 0.461094222686471 0.8094358895942163
0 0.08362676056338028 0.5469483568075117 0.17029769948918866 0.6293738565981177
0 0.3996478873239437 0.4307511737089202 0.46857409864114263 0.5108974464943022
0 0.050616197183098594 0.14788732394366197 0.1355411020258877 0.24639208490378892
0 0.0448943661971831 0.25821596244131456 0.13246263452192025 0.36487193898917764
0 0.29797535211267606 0.43603286384976525 0.3792702573274152 0.4962229854085389
0 0.10783450704225352 0.7370892018779343 0.18261098833316802 0.7965157927219025
0 0.21742957746478872 0.5586854460093896 0.2727916243056933 0.6340618043157222
0 0.30369718309859156 0.7206572769953051 0.3761867530003967 0.8000465626308713
0 0.019806338028169015 0.721830985915493 0.09198071904136085 0.8029801461350262
0 0.22755281690140844 0.7400234741784038 0.2829104080911526 0.8334859017170315
0 0.7992957746478874 0.7370892018779343 0.8715672113667924 0.8194031166655645
0 0.2834507042253521 0.14964788732394366 0.32425904458440785 0.23700138034781457
0 0.664612676056338 0.4565727699530516 0.7387039556883555 0.5050137483744407
0 0.013644366197183098 0.556924882629108 0.06865596638811744 0.6434525088716965
0 0.49471830985915494 0.43779342723004694 0.5627223951100973 0.49856937005444246
0 0.4097711267605634 0.1056338028169014 0.48397457256744697 0.16132298485750182
0 0.9088908450704225 0.4671361502347418 0.9841950304379091 0.5390451078930547
0 0.7759683098591549 0.26173708920187794 0.8495704364833366 0.4088839571072759
0 0.9071302816901409 0.5721830985915493 0.9872767912492562 0.6962604559280566
0 0.8411091549295775 0.45774647887323944 0.8917952864634993 0.5372900548832904
0 0.5448943661971831 0.8438967136150235 0.6119960852261456 0.9367113282197095
0 0.633362676056338 0.8245305164319249 0.6977846114982147 0.9349621299786198
0 0.3983274647887324 0.8274647887323944 0.45713101784120214 0.9085519572836077
0 0.31558098591549294 0.8163145539906104 0.3726603956928189 0.8768683600035266
0 0.4762323943661972 0.835093896713615 0.5319206723616345 0.9302610951310365
0 0.11223591549295775 0.8274647887323944 0.18480975531888516 0.9038571216028566
0 0.7112676056338029 0.8503521126760564 0.7738946885538583 0.9460972112014812
0 0.01056338028169014 0.8163145539906104 0.08098126611783377 0.8985819750270008
0 0.8851232394366197 0.7482394366197183 0.9441526746305295 0.8270256810817959
0 0.002640845070422535 0.45305164319248825 0.06734038695199365 0.5367059556084551
0 0.7825704225352113 0.20246478873239437 0.8592506292154335 0.24166522019440587
0 0.8705985915492958 0.2535211267605634 0.9243527294931561 0.3989122528598823
0 0.9476232394366197 0.2564553990610329 0.9925406587854592 0.4106476200709736
0 0.8675176056338029 0.852112676056338 0.9199526771101963 0.9425750512464458
0 0.9366197183098591 0.8509389671361502 0.999 0.9484442846436993
0 0.7231514084507042 0.0005868544600938967 0.804259176316703 0.07042219081311027
0 0.8102992957746479 0.004107981220657277 0.9023722274226343 0.07042012442416629
0 0.20158450704225353 0.8509389671361502 0.28204155611485815 0.9102987447375961
0 0.7222711267605634 0.7365023474178404 0.7945764651730808 0.7959292826599661
0 0.7165492957746479 0.8022300469483568 0.7857761666831977 0.8487076114747956
0 0.641725352112676 0.7699530516431925 0.7118654377851616 0.8135152857678151
0 0.37235915492957744 0.0029342723004694834 0.4954347010761753 0.05105461603738236
0 0.7508802816901409 0.47007042253521125 0.835937112552073 0.5132217896581366
0 0.659330985915493 0.5023474178403756 0.7400267029111288 0.5472404064449293
0 0.7460387323943662 0.522887323943662 0.8315378350649674 0.5607260050915823
