0 0.5453345070422535 0.2681924882629108 0.6075944830514779 0.42413838468998655
0 0.6113556338028169 0.007042253521126761 0.7374069737527277 0.17429164186999932
0 0.7222711267605634 0.19014084507042253 0.818784211651954 0.3520010910533624
0 0.3692781690140845 0.27992957746478875 0.45362267686222973 0.4223709333465582
0 0.18265845070422534 0.29225352112676056 0.2503597454002182 0.42177684652516034
0 0.2737676056338028 0.29225352112676056 0.3563935882017457 0.4270585366660054
0 0.24779929577464788 0.020539906103286387 0.34232051087333865 0.18426024653397693
0 0.4397007042253521 0.7582159624413145 0.5997184415914502 0.8534282770173467
0 0.07834507042253522 0.31396713615023475 0.1694197424866098 0.45345424463840944
0 0.2676056338028169 0.7588028169014085 0.4294596806189248 0.8446251157177809
0 0.6139964788732394 0.7664319248826291 0.7294832761976789 0.8223201690581674
0 0.7306338028169014 0.49002347417840375 0.8504706717417179 0.5355105496043554
0 0.28213028169014087 0.5299295774647887 0.3365835694182702 0.6405340788864643
0 0.741637323943662 0.5528169014084507 0.85002568779756 0.5988539806916616
0 0.4942781690140845 0.5082159624413145 0.5534796310875818 0.6434810939187552
0 0.05501760563380282 0.04870892018779343 0.12013423520878794 0.2006756403050541
0 0.3683978873239437 0.022300469483568074 0.46770757135241026 0.17193526967753311
0 0.7460387323943662 0.41960093896713613 0.8500237505579251 0.4715847412330005
0 0.21170774647887325 0.5193661971830986 0.268832875111585 0.6100238461284138
0 0.6258802816901409 0.2605633802816901 0.6964674822703829 0.4311851153871586
0 0.14744718309859156 0.03286384976525822 0.22924848275391785 0.18718728647314245
0 0.46170774647887325 0.2916666666666667 0.538089037083416 0.43410113458528954
0 0.7535211267605634 0.7869718309859155 0.8456190487998414 0.8369794766250083
0 0.8644366197183099 0.6678403755868545 0.9573660050089269 0.8135752110471909
0 0.34683098591549294 0.5134976525821596 0.40169593706605833 0.6581493558376865
0 0.4102112676056338 0.4970657276995305 0.4844145196885538 0.6481824731644956
0 0.15757042253521128 0.7259389671361502 0.248610224285856 0.7759824301836055
0 0.753080985915493 0.7259389671361502 0.8407776932280302 0.7695270311225726
0 0.48063380281690143 0.008802816901408451 0.5935384534318587 0.17429060867552731
0 0.02640845070422535 0.7593896713615024 0.10694260191430272 0.8281928464369944
0 0.8287852112676056 0.20305164319248825 0.9419767670725054 0.34905924199343163
0 0.8855633802816901 0.4465962441314554 0.9798038893572704 0.4932825139412374
0 0.8798415492957746 0.5140845070422535 0.9978521824166833 0.5836184950076043
0 0.7706866197183099 0.8433098591549296 0.853093887931462 0.8862421890497917
0 0.1430457746478873 0.795774647887324 0.26094056083862327 0.8487113998545261
0 0.6571302816901409 0.8415492957746479 0.7347459813901012 0.883895804403888
0 0.5704225352112676 0.5105633802816901 0.6480763985320372 0.5349116412087549
0 0.11047535211267606 0.5252347417840375 0.19053236120065462 0.6610767401750094
0 0.5726232394366197 0.6338028169014085 0.6361916270953184 0.6657078621966541
