0 0.676056338028169 0.5223004694835681 0.7585052568934735 0.6622521710859839
0 0.6443661971830986 0.24178403755868544 0.7593994867089864 0.45467031453194917
0 0.5286091549295775 0.25 0.6054011403367388 0.43999413145539906
0 0.8983274647887324 0.2347417840375587 0.9908017924890896 0.4400030858074897
0 0.3538732394366197 0.5985915492957746 0.5073266402995438 0.6686627983865635
0 0.5673415492957746 0.7828638497652582 0.6630425433321762 0.9015358780224382
0 0.18882042253521128 0.49589201877934275 0.311536610729518 0.5378545234631577
0 0.9313380281690141 0.7370892018779343 0.999 0.8769148537547664
0 0.08582746478873239 0.3685446009389671 0.20506785762993454 0.44285883532808745
0 0.5422535211267606 0.6285211267605634 0.6674549940487999 0.6727532153011969
0 0.09242957746478873 0.2734741784037559 0.2002234024747074 0.3548864588154908
0 0.9000880281690141 0.511150234741784 0.9797974964664748 0.6616718601908792
0 0.7715669014084507 0.5311032863849765 0.8715794159764927 0.6604864417333421
0 0.06514084507042253 0.7605633802816901 0.17822837110692324 0.8082391059974873
0 0.5294894366197183 0.5369718309859155 0.6727423021845864 0.5818445000991866
0 0.30149647887323944 0.2681924882629108 0.36782504556387624 0.4370491828120523
0 0.2205105633802817 0.8016431924882629 0.2912761837309066 0.9032854206616854
0 0.40933098591549294 0.7904929577464789 0.5398726536153541 0.8416722459168154
0 0.22095070422535212 0.25997652582159625 0.28775486324637967 0.4429225489871939
0 0.02596830985915493 0.6426056338028169 0.153597725215731 0.661007860543543
0 0.7640845070422535 0.25586854460093894 0.8596989064669708 0.4470329409949525
0 0.4454225352112676 0.2764084507042254 0.5020046555742909 0.4411523424585069
0 0.0528169014084507 0.5698356807511737 0.15622675312438009 0.6141022091075404
0 0.6025528169014085 0.15845070422535212 0.655544651048899 0.223498561793295
0 0.6615316901408451 0.16666666666666666 0.7413461568265225 0.2246674491392801
0 0.15933098591549297 0.5991784037558685 0.3097890268547907 0.6258220784015518
0 0.35475352112676056 0.5563380281690141 0.5038051260910534 0.5965044964623422
0 0.383362676056338 0.8703051643192489 0.5266798579770879 0.92319817772047
0 0.04533450704225352 0.8151408450704225 0.1720751168542948 0.8809770300204987
0 0.7147887323943662 0.806924882629108 0.7857769415790519 0.916193119200335
0 0.8120598591549296 0.761150234741784 0.8755228609774847 0.8305392310828981
0 0.8138204225352113 0.8544600938967136 0.8878460297436025 0.9149915140294034
0 0.003961267605633803 0.31220657276995306 0.0642588198646102 0.3384318036544777
0 0.0022007042253521128 0.3568075117370892 0.0664602989858163 0.3912225308029712
0 0.0017605633802816902 0.39906103286384975 0.05545697158301924 0.4410803632436245
0 0.37588028169014087 0.2975352112676056 0.4395352639605237 0.441139944124843
0 0.2790492957746479 0.18309859154929578 0.3405461930916485 0.23463433181247106
0 0.2733274647887324 0.1068075117370892 0.3238233593904979 0.1671908406621261
0 0.21742957746478872 0.1772300469483568 0.26795007500991863 0.23874575701470166
0 0.5352112676056338 0.15375586854460094 0.5877926006744693 0.22584873481892923
0 0.301056338028169 0.8022300469483568 0.36034284492164254 0.9132616020851242
0 0.8512323943661971 0.12030516431924883 0.939766182925015 0.1818542810068549
0 0.17341549295774647 0.6291079812206573 0.3229870530400714 0.6481049835790959
0 0.5352112676056338 0.5880281690140845 0.6617362626463003 0.6140915327646631
0 0.35563380281690143 0.5041079812206573 0.4994033301924221 0.5531079178513963
0 0.16681338028169015 0.5393192488262911 0.3199089729840309 0.5718665966849611
