0 0.38776408450704225 0.3767605633802817 0.5605687658078754 0.44578828605435433
0 0.6311619718309859 0.619131455399061 0.8047398054701448 0.684495814873592
0 0.38116197183098594 0.4565727699530516 0.5614519533574688 0.4938635136326567
0 0.24735915492957747 0.6355633802816901 0.3894157750198374 0.6979838243073465
0 0.590669014084507 0.5035211267605634 0.7466590365254909 0.5542819711697414
0 0.829225352112676 0.7171361502347418 0.9736667141936124 0.7730533238554961
0 0.7715669014084507 0.48826291079812206 0.9059104018919858 0.5407932729396725
0 0.7640845070422535 0.01936619718309859 0.9226390473120413 0.07451915129273293
0 0.5915492957746479 0.4284037558685446 0.7356551279508033 0.48214295554233066
0 0.2535211267605634 0.7153755868544601 0.39381447133505254 0.7671858124490291
0 0.15580985915492956 0.5046948356807511 0.3472025484774846 0.5542812823734268
0 0.6452464788732394 0.25586854460093894 0.7259483950357072 0.29621134475082106
0 0.32350352112676056 0.24647887323943662 0.414470288943166 0.2944562917410567
0 0.8182218309859155 0.6484741784037559 0.9859955009546718 0.6903471395666644
0 0.4414612676056338 0.6267605633802817 0.5851930188082721 0.6821439198571713
0 0.00044014084507042255 0.4295774647887324 0.17429558092392383 0.49387935594789395
0 0.4251760563380282 0.020539906103286387 0.5755170880033724 0.07393160803632437
0 0.2068661971830986 0.4166666666666667 0.34013782297659195 0.47980242566510173
0 0.4432218309859155 0.7353286384976526 0.5856323847574886 0.7783243376534639
0 0.5418133802816901 0.19953051643192488 0.6163988497445944 0.23931952434481693
0 0.6399647887323944 0.6954225352112676 0.8038556493007339 0.7413759257422469
0 0.5171654929577465 0.8362676056338029 0.6811104025119025 0.8891805941281492
0 0.5352112676056338 0.2605633802816901 0.6199228823646101 0.2932743172650929
0 0.02948943661971831 0.5041079812206573 0.14699406274796667 0.5513473544711147
0 0.6465669014084507 0.20187793427230047 0.7272682363990279 0.24870781811368994
0 0.37411971830985913 0.5070422535211268 0.5539726585746876 0.5466507967995768
0 0.6342429577464789 0.738849765258216 0.7954954916559215 0.7765617078842382
0 0.19850352112676056 0.11678403755868545 0.2952471375347153 0.30216151171504774
0 0.7680457746478874 0.43838028169014087 0.8834647685851021 0.4868319364544072
0 0.7574823943661971 0.20950704225352113 0.8790680095095219 0.24987704985783246
0 0.44058098591549294 0.6795774647887324 0.5878342513266217 0.7208453183892085
0 0.125 0.009389671361502348 0.2671104753521127 0.07335129714121977
0 0.3257042253521127 0.19190140845070422 0.41270875694306686 0.24049771044105006
0 0.7750880281690141 0.2576291079812207 0.8940250492833763 0.29092862141550396
0 0.6285211267605634 0.006455399061032864 0.7290367424618132 0.07511358251228813
0 0.00044014084507042255 0.24061032863849766 0.08230614430420552 0.3103048061451652
0 0.33934859154929575 0.9272300469483568 0.4853259909368181 0.9742211091273777
0 0.16065140845070422 0.9096244131455399 0.28690112173923826 0.9636680607904076
0 0.33186619718309857 0.857981220657277 0.4928116786103948 0.9014917950582998
0 0.7130281690140845 0.9366197183098591 0.8553199699960325 0.9794972888977055
0 0.7165492957746479 0.8820422535211268 0.8460754624578456 0.9272992709779806
0 0.17649647887323944 0.8368544600938967 0.285573725141341 0.8750957426877383
0 0.056338028169014086 0.7106807511737089 0.21608435826224956 0.765428004254006
0 0.5250880281690141 0.9160798122065728 0.6736245211143622 0.9554483099693624
0 0.7174295774647887 0.8392018779342723 0.8390328214887919 0.8792023463157662
0 0.02596830985915493 0.8139671361502347 0.13731251394812538 0.8528087047323062
0 0.03653169014084507 0.8667840375586855 0.12366349837581828 0.9032471924662214
0 0.8701584507042254 0.880868544600939 0.9749691204002181 0.9237788330137319
0 0.07526408450704225 0.6643192488262911 0.2226781408078754 0.7009012210981066
0 0.5079225352112676 0.9565727699530516 0.6969595411376711 0.9941569408627037
0 0.9225352112676056 0.23884976525821597 0.999 0.26570490037250105
0 0.9172535211267606 0.2828638497652582 0.999 0.30323775595671054
0 0.29225352112676056 0.011737089201877934 0.38895587433048995 0.04518090546408341
0 0.00044014084507042255 0.0029342723004694834 0.10959487669857172 0.08509217472282836
0 0.002640845070422535 0.15375586854460094 0.0840657390646697 0.19474544843395272
0 0.10079225352112677 0.1467136150234742 0.17997324284616148 0.3138810366109017
0 0.4220950704225352 0.14084507042253522 0.5011346412542155 0.3050816636910666
0 0.9040492957746479 0.3855633802816901 0.9859577247817893 0.5514169228988957
0 0.006161971830985915 0.9137323943661971 0.12367686532929975 0.9572102509422733
0 0.9467429577464789 0.023474178403755867 0.999 0.08331955740704006
