0 0.00044014084507042255 0.06455399061032864 0.09595051050138861 0.17132361855011133
0 0.00044014084507042255 0.17018779342723006 0.10167234148730411 0.2563555235954066
0 0.0013204225352112676 0.2623239436619718 0.10475293995487008 0.3431559131786021
0 0.00044014084507042255 0.3444835680751174 0.10607374993800833 0.42878844861028453
0 0.09727112676056338 0.0539906103286385 0.24995718700406666 0.18189319799863343
0 0.10915492957746478 0.18485915492957747 0.24995195645705218 0.3050558338292667
0 0.10915492957746478 0.3198356807511737 0.24907167476691133 0.4293897677929864
0 0.25440140845070425 0.061619718309859156 0.40085633740825233 0.18893097434371486
0 0.25132042253521125 0.18896713615023475 0.39293515826472925 0.30329285966188363
0 0.2535211267605634 0.30927230046948356 0.38765249950406666 0.4176588777579404
0 0.3987676056338028 0.1596244131455399 0.49762378186371753 0.2229110185368864
0 0.3965669014084507 0.2300469483568075 0.5095085533004364 0.3032687517908704
0 0.39436619718309857 0.3004694835680751 0.5218334655822258 0.4176640437303004
0 0.5286091549295775 0.08215962441314555 0.6670208586465979 0.18774521148802048
0 0.522887323943662 0.1965962441314554 0.6657029545229121 0.30328838248583834
0 0.5330105633802817 0.30633802816901406 0.6648182171816108 0.41942116312900884
0 0.6659330985915493 0.14084507042253522 0.7483864731080143 0.1976872974938835
0 0.6681338028169014 0.20657276995305165 0.7470650819529855 0.27863464039322006
0 0.6668133802816901 0.2857981220657277 0.7483860856600874 0.34431584617249666
0 0.6694542253521126 0.3503521126760563 0.7492652050064471 0.41763476988692716
0 0.7517605633802817 0.142018779342723 0.8495810913013291 0.2064894255989773
0 0.7517605633802817 0.20833333333333334 0.8482606687661178 0.28274158841940533
0 0.7539612676056338 0.2857981220657277 0.8451787142308074 0.34901068185324785
0 0.7552816901408451 0.3550469483568075 0.8517802457349732 0.41469774240119905
0 0.8653169014084507 0.13673708920187794 0.9639677302370562 0.202384543961736
0 0.8675176056338029 0.20950704225352113 0.9617660573918865 0.28156719070290287
0 0.8661971830985915 0.2846244131455399 0.9639673427891292 0.34901137064956245
0 0.8639964788732394 0.3532863849765258 0.9582464804230312 0.4193936112764222
0 0.00044014084507042255 0.505868544600939 0.14568642599434636 0.6387876358306334
0 0.00044014084507042255 0.6437793427230047 0.1465667076844872 0.7507959041415945
0 0.00044014084507042255 0.7541079812206573 0.13996459500843086 0.8622335047058565
0 0.14788732394366197 0.5117370892018779 0.2983504017060107 0.6364367740086844
0 0.15096830985915494 0.6367370892018779 0.3005497498636183 0.7402366566377923
0 0.1487676056338028 0.7482394366197183 0.2983500142580837 0.8546078407062091
0 0.3028169014084507 0.5164319248826291 0.39423291509621106 0.6070912958187308
0 0.3028169014084507 0.6103286384976526 0.3995146052370561 0.6933037977473606
0 0.3028169014084507 0.6983568075117371 0.3951131967863519 0.7742380535167184
0 0.3019366197183099 0.7746478873239436 0.3942333025441381 0.8575266150895986
0 0.4040492957746479 0.5029342723004695 0.5020228656268597 0.5877330197932509
0 0.40096830985915494 0.5956572769953051 0.4985030949340409 0.6757067738984769
0 0.40316901408450706 0.6719483568075117 0.4976218446240825 0.7666244434525777
0 0.3996478873239437 0.7699530516431925 0.5073064930073399 0.8545950979743878
0 0.5008802816901409 0.5017605633802817 0.5974908097351717 0.5936022531905045
0 0.5 0.596830985915493 0.5966109154929577 0.6757060851021623
0 0.5022007042253521 0.676056338028169 0.6010113553238445 0.7537112345434106
0 0.5066021126760564 0.7582159624413145 0.5966080096335052 0.8446254601159382
0 0.6034330985915493 0.5193661971830986 0.7118822917699862 0.590657648945315
0 0.6043133802816901 0.5880281690140845 0.707480495871355 0.6610398895721749
0 0.6065140845070423 0.6602112676056338 0.7132013582374529 0.7255515192091515
0 0.6034330985915493 0.721830985915493 0.7030794748685777 0.7742242775904252
0 0.602112676056338 0.7758215962441315 0.7044004785756794 0.8416808558707487
0 0.7165492957746479 0.5234741784037559 0.8108641948522118 0.5994580550596222
0 0.7121478873239436 0.596830985915493 0.8086654278664948 0.6627952869800966
0 0.7231514084507042 0.6631455399061033 0.8152626974434636 0.7108784357160176
0 0.7222711267605634 0.7142018779342723 0.8130623806660385 0.7742287547664705
0 0.7099471830985915 0.7758215962441315 0.8121875232468756 0.8416808558707487
0 0.8169014084507042 0.5322769953051644 0.9054503074786749 0.5935843444863232
0 0.8177816901408451 0.5956572769953051 0.9067703425659592 0.6598617034759418
0 0.8169014084507042 0.6602112676056338 0.902369321563182 0.7185092656880248
0 0.8177816901408451 0.721830985915493 0.8979675256645506 0.775397986510613
0 0.8147007042253521 0.7805164319248826 0.9010498676477882 0.8340489927042694
0 0.5977112676056338 0.9565727699530516 0.7360925566603848 0.999
0 0.4537852112676056 0.9313380281690141 0.5843073128471533 0.9953454589036567
0 0.17869718309859156 0.9284037558685446 0.3093403621553263 0.9924129085939738
0 0.035651408450704226 0.9330985915492958 0.17604064638712558 0.999
0 0.9652288732394366 0.15258215962441316 0.999 0.2064832264321453
0 0.96875 0.22007042253521128 0.999 0.2786267192356014
0 0.9652288732394366 0.2916666666666667 0.999 0.3478335289514867
0 0.9652288732394366 0.3532863849765258 0.999 0.4246753014172673
