0 0.5558978873239436 0.5184859154929577 0.15140845070422534 0.0886150234741784
0 0.3340669014084507 0.5762910798122066 0.08538732394366197 0.1467136150234742
0 0.5563380281690141 0.15404929577464788 0.19102112676056338 0.10269953051643192
0 0.5596390845070423 0.2661384976525822 0.1914612676056338 0.10152582159624413
0 0.6342429577464789 0.7831572769953051 0.10475352112676056 0.09917840375586855
0 0.19476232394366197 0.22036384976525822 0.08846830985915492 0.11561032863849766
0 0.10673415492957747 0.5991784037558685 0.09110915492957747 0.14788732394366197
0 0.5204665492957746 0.7913732394366197 0.09463028169014084 0.11091549295774648
0 0.6353433098591549 0.6678403755868545 0.10783450704225352 0.08568075117370892
0 0.753080985915493 0.7813967136150235 0.1056338028169014 0.13321596244131456
0 0.7290933098591549 0.5014671361502347 0.13600352112676056 0.10856807511737089
0 0.7407570422535211 0.25 0.04401408450704225 0.1396713615023474
0 0.1857394366197183 0.11267605633802817 0.08626760563380281 0.0539906103286385
0 0.0900088028169014 0.2414906103286385 0.08318661971830986 0.16255868544600938
0 0.051276408450704226 0.44190140845070425 0.09022887323943662 0.12793427230046947
0 0.3785211267605634 0.22975352112676056 0.08714788732394366 0.1766431924882629
0 0.7356954225352113 0.11795774647887323 0.0409330985915493 0.09741784037558686
0 0.683318661971831 0.2520539906103286 0.04973591549295775 0.13556338028169015
0 0.2946742957746479 0.23268779342723006 0.06734154929577464 0.16490610328638497
0 0.9209947183098591 0.79518779342723 0.13952464788732394 0.11384976525821597
0 0.8193221830985915 0.24970657276995306 0.05501760563380282 0.14847417840375587
0 0.8714788732394366 0.5070422535211268 0.13732394366197184 0.11267605633802817
0 0.21875 0.9313380281690141 0.09066901408450705 0.1267605633802817
0 0.03125 0.9184272300469484 0.061619718309859156 0.16314553990610328
0 0.335387323943662 0.8990610328638498 0.08274647887323944 0.13849765258215962
0 0.5374119718309859 0.9448356807511737 0.11883802816901408 0.057511737089201875
0 0.6650528169014085 0.9551056338028169 0.11003521126760564 0.06396713615023474
0 0.8080985915492958 0.9460093896713615 0.10651408450704225 0.04929577464788732
0 0.0878080985915493 0.12294600938967136 0.08142605633802817 0.04988262910798122
0 0.1525088028169014 0.43984741784037557 0.08142605633802817 0.13791079812206572
0 0.24691901408450703 0.43427230046948356 0.07922535211267606 0.14084507042253522
0 0.21280809859154928 0.6035798122065728 0.08142605633802817 0.15434272300469484
0 0.02750880281690141 0.6044600938967136 0.05149647887323944 0.17018779342723006
0 0.10717429577464789 0.931924882629108 0.08758802816901408 0.13615023474178403
0 0.6778169014084507 0.12294600938967136 0.04753521126760563 0.10856807511737089
0 0.7856514084507042 0.12235915492957747 0.043133802816901406 0.09213615023474178
0 0.9066901408450704 0.2699530516431925 0.10475352112676056 0.1056338028169014
0 0.8866637323943662 0.6778169014084507 0.15096830985915494 0.05046948356807512
0 0.20906690140845072 0.05780516431924883 0.09330985915492958 0.03931924882629108
0 0.10607394366197183 0.061326291079812204 0.08362676056338028 0.03814553990610329
0 0.019806338028169015 0.24266431924882628 0.03433098591549296 0.1602112676056338
0 0.8899647887323944 0.414906103286385 0.0801056338028169 0.05868544600938967
0 0.9284771126760564 0.9612676056338029 0.12632042253521128 0.06455399061032864
