0 0.453125 0.5164319248826291 0.12191901408450705 0.07276995305164319
0 0.28213028169014087 0.5771713615023474 0.1267605633802817 0.0698356807511737
0 0.27838908450704225 0.5023474178403756 0.11575704225352113 0.06455399061032864
0 0.3058978873239437 0.2834507042253521 0.14348591549295775 0.04812206572769953
0 0.5055017605633803 0.23620892018779344 0.15889084507042253 0.05575117370892019
0 0.4606073943661972 0.5534037558685446 0.13512323943661972 0.05046948356807512
0 0.6819982394366197 0.15874413145539906 0.13160211267605634 0.04284037558685446
0 0.6751760563380281 0.284037558685446 0.136443661971831 0.05046948356807512
0 0.1054137323943662 0.26965962441314556 0.1386443661971831 0.052230046948356805
0 0.4608274647887324 0.48063380281690143 0.13204225352112675 0.062206572769953054
0 0.1212588028169014 0.5440140845070423 0.1368838028169014 0.06338028169014084
0 0.8371478873239436 0.5604460093896714 0.1311619718309859 0.0528169014084507
0 0.6445862676056338 0.49970657276995306 0.144806338028169 0.04636150234741784
0 0.4220950704225352 0.8016431924882629 0.14172535211267606 0.04342723004694836
0 0.8419894366197183 0.4970657276995305 0.13204225352112675 0.04225352112676056
0 0.6056338028169014 0.7488262910798122 0.136443661971831 0.046948356807511735
0 0.6439260563380281 0.5601525821596244 0.1443661971830986 0.04284037558685446
0 0.5897887323943662 0.6883802816901409 0.125 0.04342723004694836
0 0.5057218309859155 0.2943075117370892 0.1487676056338028 0.03814553990610329
0 0.1467869718309859 0.4727112676056338 0.13776408450704225 0.04870892018779343
0 0.6811179577464789 0.04342723004694836 0.13160211267605634 0.06103286384976526
0 0.2753080985915493 0.040492957746478875 0.18441901408450703 0.06572769953051644
0 0.3089788732394366 0.21860328638497653 0.15404929577464788 0.0534037558685446
0 0.4918573943661972 0.03902582159624413 0.15977112676056338 0.058098591549295774
0 0.8419894366197183 0.4460093896713615 0.13468309859154928 0.03990610328638498
0 0.4044894366197183 0.6713615023474179 0.14612676056338028 0.04225352112676056
0 0.41901408450704225 0.7450117370892019 0.1505281690140845 0.04284037558685446
0 0.22183098591549297 0.6845657276995305 0.11355633802816902 0.04284037558685446
0 0.2962147887323944 0.4668427230046948 0.11883802816901408 0.041666666666666664
0 0.0761443661971831 0.7875586854460094 0.12235915492957747 0.046948356807511735
0 0.08098591549295775 0.653755868544601 0.0977112676056338 0.04342723004694836
0 0.22887323943661972 0.721537558685446 0.12588028169014084 0.04518779342723005
0 0.3122799295774648 0.5378521126760564 0.10695422535211267 0.040492957746478875
0 0.1056338028169014 0.2262323943661972 0.1311619718309859 0.04284037558685446
0 0.4900968309859155 0.17928403755868544 0.13336267605633803 0.04988262910798122
0 0.23349471830985916 0.7764084507042254 0.10871478873239436 0.04342723004694836
0 0.23371478873239437 0.8107394366197183 0.11971830985915492 0.03697183098591549
0 0.8215228873239436 0.15757042253521128 0.1289612676056338 0.0698356807511737
0 0.8402288732394366 0.29225352112676056 0.12147887323943662 0.03873239436619718
0 0.842649647887324 0.8233568075117371 0.09286971830985916 0.04812206572769953
0 0.8389084507042254 0.7244718309859155 0.09859154929577464 0.04401408450704225
0 0.6003521126760564 0.8060446009389671 0.14612676056338028 0.04988262910798122
0 0.5629401408450704 0.9289906103286385 0.1681338028169014 0.05985915492957746
0 0.7574823943661971 0.9410211267605634 0.1681338028169014 0.06866197183098592
0 0.8417693661971831 0.778755868544601 0.09110915492957747 0.04812206572769953
0 0.23525528169014084 0.7529342723004695 0.1307218309859155 0.04929577464788732
0 0.41505281690140844 0.9671361502347418 0.06690140845070422 0.056338028169014086
0 0.8351672535211268 0.23591549295774647 0.16153169014084506 0.0528169014084507
0 0.26188380281690143 0.9102112676056338 0.06690140845070422 0.03403755868544601
0 0.25044014084507044 0.9788732394366197 0.09066901408450705 0.03990610328638498
0 0.3356073943661972 0.9674295774647887 0.06294014084507042 0.04284037558685446
0 0.07152288732394366 0.7136150234741784 0.14216549295774647 0.045774647887323945
0 0.8565140845070423 0.032570422535211266 0.14084507042253522 0.06396713615023474
0 0.07900528169014084 0.05252347417840376 0.14128521126760563 0.041666666666666664
0 0.6753961267605634 0.22359154929577466 0.14128521126760563 0.06338028169014084
