0 0.7735475352112676 0.42634976525821594 0.08142605633802817 0.20129107981220656
0 0.11355633802816902 0.42488262910798125 0.0880281690140845 0.17018779342723006
0 0.29401408450704225 0.14583333333333334 0.06073943661971831 0.13321596244131456
0 0.18970070422535212 0.4254694835680751 0.06073943661971831 0.17253521126760563
0 0.24493838028169015 0.12881455399061034 0.03829225352112676 0.16960093896713616
0 0.1742957746478873 0.12910798122065728 0.07306338028169014 0.18192488262910797
0 0.7438380281690141 0.7394366197183099 0.05545774647887324 0.13145539906103287
0 0.686399647887324 0.45422535211267606 0.05941901408450704 0.15492957746478872
0 0.6159771126760564 0.14465962441314553 0.058538732394366196 0.13791079812206572
0 0.8831426056338029 0.698650234741784 0.07350352112676056 0.1977699530516432
0 0.538512323943662 0.7174295774647887 0.058538732394366196 0.13556338028169015
0 0.47997359154929575 0.4448356807511737 0.05501760563380282 0.1431924882629108
0 0.355193661971831 0.1467136150234742 0.05193661971830986 0.13732394366197184
0 0.5455545774647887 0.45217136150234744 0.058538732394366196 0.15316901408450703
0 0.5503961267605634 0.14583333333333334 0.053257042253521125 0.1414319248826291
0 0.41901408450704225 0.14113849765258216 0.056338028169014086 0.13556338028169015
0 0.10321302816901408 0.1505281690140845 0.06998239436619719 0.13204225352112675
0 0.25880281690140844 0.4269366197183099 0.061619718309859156 0.16960093896713616
0 0.6126760563380281 0.45011737089201875 0.06073943661971831 0.1607981220657277
0 0.6762764084507042 0.7391431924882629 0.061179577464788734 0.1414319248826291
0 0.03939260563380282 0.4451291079812207 0.053257042253521125 0.1273474178403756
0 0.8686179577464789 0.43984741784037557 0.07966549295774648 0.18720657276995306
0 0.6045334507042254 0.7191901408450704 0.055897887323943664 0.12617370892018778
0 0.40580985915492956 0.431924882629108 0.07394366197183098 0.18192488262910797
0 0.32350352112676056 0.7177230046948356 0.05545774647887324 0.13497652582159625
0 0.9526848591549296 0.43720657276995306 0.08758802816901408 0.19248826291079812
0 0.8056778169014085 0.7338615023474179 0.05237676056338028 0.1273474178403756
0 0.3921654929577465 0.7282863849765259 0.05721830985915493 0.12910798122065728
0 0.32504401408450706 0.44865023474178406 0.06382042253521127 0.13908450704225353
0 0.46742957746478875 0.7203638497652582 0.05457746478873239 0.12030516431924883
0 0.6848591549295775 0.14348591549295775 0.0625 0.1437793427230047
0 0.26474471830985913 0.7186032863849765 0.04973591549295775 0.12030516431924883
0 0.20224471830985916 0.716255868544601 0.04973591549295775 0.12265258215962441
0 0.48327464788732394 0.142018779342723 0.05985915492957746 0.13145539906103287
0 0.950044014084507 0.6916079812206573 0.055897887323943664 0.19072769953051644
0 0.957306338028169 0.12852112676056338 0.08538732394366197 0.1795774647887324
0 0.1287411971830986 0.9222417840375586 0.1368838028169014 0.05575117370892019
0 0.12830105633802816 0.8688380281690141 0.12632042253521128 0.052230046948356805
0 0.7733274647887324 0.971537558685446 0.13380281690140844 0.056924882629107984
0 0.9216549295774648 0.9562793427230047 0.13996478873239437 0.0721830985915493
0 0.040713028169014086 0.1511150234741784 0.0488556338028169 0.13438967136150234
0 0.778169014084507 0.12411971830985916 0.08450704225352113 0.18485915492957747
0 0.8690580985915493 0.1255868544600939 0.08582746478873239 0.18544600938967137
0 0.11069542253521127 0.6798708920187794 0.10783450704225352 0.0710093896713615
0 0.09352992957746478 0.7403169014084507 0.1192781690140845 0.061619718309859156
0 0.12632042253521128 0.9727112676056338 0.14348591549295775 0.04518779342723005
0 0.30369718309859156 0.9495305164319249 0.125 0.0880281690140845
0 0.355193661971831 0.9049295774647887 0.037852112676056336 0.08215962441314555
0 0.4720510563380282 0.926349765258216 0.16329225352112675 0.11561032863849766
0 0.6285211267605634 0.914906103286385 0.09859154929577464 0.07981220657276995
0 0.6188380281690141 0.9782863849765259 0.10651408450704225 0.04342723004694836
0 0.028169014084507043 0.9295774647887324 0.05545774647887324 0.11619718309859155
