0 0.00044014084507042255 0.11267605633802817 0.04313360909293791 0.42833763142233683
0 0.043133802816901406 0.1068075117370892 0.11045636716425312 0.42951478432409795
0 0.12015845070422536 0.11150234741784038 0.18832739504810553 0.4371411371200599
0 0.1993838028169014 0.11737089201877934 0.26091576417129536 0.44417994665961336
0 0.26672535211267606 0.12323943661971831 0.3392311948274152 0.45767415526019967
0 0.34463028169014087 0.12617370892018778 0.4162215535731998 0.4735175036919482
0 0.43617957746478875 0.13145539906103287 0.4962868927916088 0.4529744980052459
0 0.5088028169014085 0.15082159624413147 0.5710788719996033 0.4781978746500915
0 0.5845070422535211 0.16725352112676056 0.6502709035905574 0.4928595930040336
0 0.6659330985915493 0.1613849765258216 0.7307808393051974 0.48699449238466797
0 0.7407570422535211 0.16549295774647887 0.8099732583440785 0.4999028797196324
0 0.8301056338028169 0.18016431924882628 0.9098459042104742 0.5380398096718023
0 0.9137323943661971 0.18309859154929578 0.999 0.5409723599814852
0 0.00044014084507042255 0.5105633802816901 0.038732200642233684 0.8019304205514779
0 0.037852112676056336 0.5117370892018779 0.10913826931660385 0.8107325486565716
0 0.11047535211267606 0.5176056338028169 0.17952884007389405 0.8312690107782847
0 0.1875 0.5264084507042254 0.2534386003521127 0.835958680486676
0 0.2579225352112676 0.5410798122065728 0.3181083087433049 0.8635322301571557
0 0.33274647887323944 0.5616197183098591 0.39862115031739737 0.8770178288038087
0 0.5008802816901409 0.5586854460093896 0.5600788379041857 0.8887566399964734
0 0.5704225352112676 0.5592723004694836 0.638393299940488 0.8957985491194428
0 0.6439260563380281 0.5809859154929577 0.7285898212780203 0.938626181974476
0 0.735475352112676 0.590962441314554 0.8161375548626265 0.9503574164076792
0 0.8191021126760564 0.5985915492957746 0.8957662402673081 0.9532872115321034
0 0.9190140845070423 0.6144366197183099 0.9947539550684388 0.950343640481386
