0 0.4779929577464789 0.511150234741784 0.6107051087333862 0.5572117662941656
0 0.28433098591549294 0.23943661971830985 0.35110724868577664 0.3754463400119024
0 0.36971830985915494 0.2517605633802817 0.4360168493354493 0.3830682156318191
0 0.4788732394366197 0.67018779342723 0.6212681015671494 0.708526885097754
0 0.14612676056338028 0.48063380281690143 0.2688617399821464 0.5325817876744032
0 0.48547535211267606 0.4454225352112676 0.606740547820373 0.49504376611783374
0 0.22227112676056338 0.6901408450704225 0.3273669581308272 0.735510480724724
0 0.65625 0.755868544600939 0.7598343970070423 0.7994390442813375
0 0.4735915492957746 0.7241784037558685 0.6261119755504859 0.7624858107959179
0 0.6606514084507042 0.6813380281690141 0.7589521780772663 0.7402104823778352
0 0.577024647887324 0.2318075117370892 0.6678798307007539 0.39129588761048295
0 0.4709507042253521 0.7617370892018779 0.617750461837929 0.8053041449007031
0 0.10123239436619719 0.2318075117370892 0.24159276743205713 0.38718790638982564
0 0.3472711267605634 0.6631455399061033 0.44526968700406666 0.7120521446362054
0 0.679137323943662 0.22652582159624413 0.7607046050510812 0.39305955057418057
0 0.3107394366197183 0.4988262910798122 0.4395639351071216 0.5425476371531222
0 0.005721830985915493 0.6396713615023474 0.08934607313777028 0.6862443243183671
0 0.48899647887323944 0.5657276995305164 0.6120206881695099 0.6041280940730455
0 0.1544894366197183 0.5440140845070423 0.25477355218458636 0.5830140762414865
0 0.6487676056338029 0.8034037558685446 0.7545560001735767 0.8451857959179174
0 0.3032570422535211 0.5580985915492958 0.4263630030623884 0.5941560454274946
0 0.6443661971830986 0.5 0.7123044162864511 0.6006455399061033
0 0.8943661971830986 0.4876760563380282 0.9837612824836343 0.602413335647689
0 0.889524647887324 0.738849765258216 0.9811225683768101 0.7789091257246137
0 0.05149647887323944 0.9694835680751174 0.19980127795824243 0.999
0 0.34683098591549294 0.7323943661971831 0.44350931734774846 0.7836077497850955
0 0.07966549295774648 0.8744131455399061 0.20198958384993057 0.9167403678723358
0 0.21830985915492956 0.7623239436619719 0.3031609551676255 0.8099986361832969
0 0.36619718309859156 0.9595070422535211 0.49939868081729816 0.999
0 0.6091549295774648 0.903755868544601 0.7114396325133902 0.9419578897485067
0 0.3692781690140845 0.9025821596244131 0.4875135219326523 0.9484139776058542
0 0.12323943661971831 0.7376760563380281 0.18392463052965682 0.7953417394035576
0 0.4779929577464789 0.7975352112676056 0.6098248270432454 0.8363864229980824
0 0.3494718309859155 0.7852112676056338 0.4417475916236858 0.827003983997884
0 0.8846830985915493 0.8075117370892019 0.9872866711713945 0.8498782208115673
0 0.44850352112676056 0.22593896713615025 0.5218096375347153 0.38719135037139896
0 0.051056338028169015 0.5369718309859155 0.12365710548502282 0.5847787723996561
0 0.05457746478873239 0.4636150234741784 0.13685978104542748 0.5190941226388063
0 0.0017605633802816902 0.704225352112676 0.07658373214639952 0.7419576142299809
0 0.002640845070422535 0.7435446009389671 0.055456584135092246 0.7859486240604818
0 0.9216549295774648 0.23767605633802816 0.9925520884993057 0.3912924436289096
0 0.9172535211267606 0.15375586854460094 0.9925540257389406 0.2346515517203377
0 0.0048415492957746475 0.2318075117370892 0.09066688312090855 0.30502828197668014
0 0.0017605633802816902 0.16549295774647887 0.1192773941182305 0.21703902995437413
0 0.002640845070422535 0.31220657276995306 0.09066785174072604 0.3812721792413322
0 0.002640845070422535 0.857981220657277 0.07658334469847253 0.900318086138112
0 0.003961267605633803 0.9096244131455399 0.06866022831531442 0.9484098448279662
0 0.003961267605633803 0.971244131455399 0.043132059301229916 0.999
0 0.002640845070422535 0.5293427230046949 0.04665376723368379 0.5748067237541052
0 0.7257922535211268 0.48708920187793425 0.7848918167898234 0.6100427880270669
0 0.7970950704225352 0.4782863849765258 0.8187512785781591 0.6100479539994269
0 0.889524647887324 0.6983568075117371 0.9916859486585002 0.731397677929864
0 0.49691901408450706 0.17194835680751175 0.5873693138142233 0.22466434955586415
0 0.06866197183098592 0.9272300469483568 0.205075412864511 0.9636577288456876
