0 0.37962147887323944 0.19806338028169015 0.08230633802816902 0.18485915492957747
0 0.5961707746478874 0.738556338028169 0.05413732394366197 0.18720657276995306
0 0.19058098591549297 0.7279929577464789 0.04929577464788732 0.18251173708920188
0 0.6628521126760564 0.7473591549295775 0.05545774647887324 0.18485915492957747
0 0.5294894366197183 0.7458920187793427 0.05369718309859155 0.17253521126760563
0 0.43838028169014087 0.7350352112676056 0.04401408450704225 0.20011737089201878
0 0.23789612676056338 0.7227112676056338 0.04709507042253521 0.16960093896713616
0 0.5638204225352113 0.17488262910798122 0.06778169014084508 0.1807511737089202
0 0.3851232394366197 0.7370892018779343 0.05369718309859155 0.1807511737089202
0 0.47161091549295775 0.2039319248826291 0.07702464788732394 0.18485915492957747
0 0.7205105633802817 0.7608568075117371 0.0528169014084507 0.16960093896713616
0 0.31712147887323944 0.7206572769953051 0.06734154929577464 0.15375586854460094
0 0.6685739436619719 0.25146713615023475 0.11179577464788733 0.13791079812206572
0 0.48151408450704225 0.7464788732394366 0.0448943661971831 0.1807511737089202
0 0.277068661971831 0.2367957746478873 0.11751760563380281 0.08509389671361503
0 0.7984154929577465 0.2476525821596244 0.125 0.11032863849765258
0 0.6696742957746479 0.4636150234741784 0.09375 0.1443661971830986
0 0.5959507042253521 0.4424882629107981 0.05193661971830986 0.15023474178403756
0 0.040713028169014086 0.7262323943661971 0.08054577464788733 0.1613849765258216
0 0.5387323943661971 0.4709507042253521 0.05985915492957746 0.14730046948356806
0 0.05149647887323944 0.25322769953051644 0.0880281690140845 0.06044600938967136
0 0.1793573943661972 0.4028755868544601 0.13952464788732394 0.08274647887323944
0 0.8829225352112676 0.5108568075117371 0.0977112676056338 0.07922535211267606
0 0.1756161971830986 0.4914906103286385 0.1267605633802817 0.0886150234741784
0 0.29951584507042256 0.49589201877934275 0.1113556338028169 0.0892018779342723
0 0.8138204225352113 0.1255868544600939 0.11179577464788733 0.04107981220657277
0 0.9379401408450704 0.750293427230047 0.06778169014084508 0.20011737089201878
0 0.8688380281690141 0.744424882629108 0.058098591549295774 0.1965962441314554
0 0.9445422535211268 0.21713615023474178 0.05193661971830986 0.1572769953051643
0 0.8868838028169014 0.23767605633802816 0.040492957746478875 0.13849765258215962
0 0.167693661971831 0.22975352112676056 0.09595070422535211 0.10387323943661972
0 0.40625 0.4328051643192488 0.05193661971830986 0.1402582159624413
0 0.4632482394366197 0.4665492957746479 0.05501760563380282 0.13849765258215962
0 0.7757482394366197 0.5108568075117371 0.10959507042253522 0.0886150234741784
0 0.05413732394366197 0.14994131455399062 0.10123239436619719 0.11561032863849766
0 0.053257042253521125 0.4756455399061033 0.1056338028169014 0.10269953051643192
0 0.12169894366197183 0.7244718309859155 0.07878521126760564 0.17312206572769953
0 0.7825704225352113 0.7676056338028169 0.06426056338028169 0.1596244131455399
0 0.8063380281690141 0.16490610328638497 0.12940140845070422 0.029342723004694836
