0 0.3824823943661972 0.3515258215962441 0.5253598228898037 0.403549574048359
0 0.11355633802816902 0.3562206572769953 0.22530213189347353 0.41000221792413316
0 0.050616197183098594 0.6050469483568075 0.16194955273011308 0.6492928128237342
0 0.3045774647887324 0.04812206572769953 0.4452884782285261 0.09915016310696731
0 0.19014084507042253 0.6044600938967136 0.29393039575481056 0.6481194483017038
0 0.5972711267605634 0.6244131455399061 0.6947195109477287 0.6751030439286738
0 0.7231514084507042 0.636150234741784 0.8526746692744495 0.68155155502656
0 0.25440140845070425 0.3644366197183099 0.35024014022515376 0.4088236874297428
0 0.3182218309859155 0.15316901408450703 0.4439620502504464 0.19415893837201614
0 0.4960387323943662 0.1643192488262911 0.6437077294311645 0.22173455443143997
0 0.22799295774647887 0.7241784037558685 0.3440897918319778 0.7718754821574203
0 0.24339788732394366 0.2916666666666667 0.35948794107072013 0.34137812989045385
0 0.4828345070422535 0.5176056338028169 0.5728508650937314 0.5701187760365006
0 0.17737676056338028 0.15551643192488263 0.2794113658624281 0.21000263120192203
0 0.8252640845070423 0.04225352112676056 0.952981837990974 0.09152449910731998
0 0.5955105633802817 0.5363849765258216 0.6991216942942868 0.5871265346381891
0 0.7649647887323944 0.38204225352112675 0.8407724626810157 0.4451983320108444
0 0.12544014084507044 0.2904929577464789 0.23145887317744496 0.34196567314686244
0 0.058538732394366196 0.7071596244131455 0.19231578400862923 0.7478244368401331
0 0.02420774647887324 0.4994131455399061 0.15844004940735967 0.5384393115343076
0 0.3287852112676056 0.6226525821596244 0.4426369783401111 0.6668881146818312
0 0.4080105633802817 0.7365023474178404 0.526669009435132 0.7883001746787454
0 0.47403169014084506 0.6208920187793427 0.5684533311222971 0.6645417300359275
0 0.684419014084507 0.3732394366197183 0.7461776324761952 0.4375743900019837
0 0.40933098591549294 0.7846244131455399 0.5108233578407062 0.8416756898983887
0 0.3164612676056338 0.07922535211267606 0.44572338852658205 0.12554036070885408
0 0.39436619718309857 0.4131455399061033 0.5205130430470145 0.4510486235094448
0 0.40580985915492956 0.2793427230046948 0.5337122315760762 0.323192873988847
0 0.7196302816901409 0.5487089201877934 0.8258276275168618 0.6029643726994203
0 0.8485915492957746 0.5616197183098591 0.9278835424518945 0.6240835565033392
0 0.3358274647887324 0.551056338028169 0.44923599143275145 0.5935733237452886
0 0.014524647887323943 0.1637323943661972 0.11178938175709184 0.21704006314884614
0 0.19674295774647887 0.5305164319248826 0.29920918003620317 0.572458617117415
0 0.042693661971830985 0.5469483568075117 0.16635444821216028 0.5894677533117326
0 0.7147887323943662 0.5827464788732394 0.8337522936917279 0.631113411690802
0 0.17297535211267606 0.0710093896713615 0.27061048620065464 0.11967663768211774
0 0.4828345070422535 0.5845070422535211 0.5671290341078159 0.6311123784963301
0 0.8534330985915493 0.17781690140845072 0.9749764819108311 0.2252477600343847
0 0.8591549295774648 0.7857981220657277 0.9828964987105733 0.8698440151865812
0 0.7345950704225352 0.08039906103286384 0.8126168155499901 0.22237065782803236
0 0.8424295774647887 0.12265258215962441 0.9569355503620314 0.16483412407150258
0 0.23327464788732394 0.7834507042253521 0.3656543685528665 0.844610650995173
0 0.6927816901408451 0.7705399061032864 0.8143957827068041 0.8246651761114417
0 0.695862676056338 0.8444835680751174 0.8201162576249752 0.8891757725539465
0 0.0682218309859155 0.7476525821596244 0.18658969109551676 0.7929884667945073
0 0.5440140845070423 0.7816901408450704 0.648968303659988 0.8780623884149971
0 0.08714788732394366 0.8186619718309859 0.19934544547212854 0.8575007852277987
0 0.8481514084507042 0.7259389671361502 0.9793802150490974 0.7806772658643567
0 0.009683098591549295 0.0534037558685446 0.14744292117139457 0.10736302596486588
0 0.0035211267605633804 0.12265258215962441 0.14832591499702438 0.1613129973109392
0 0.9533450704225352 0.5704225352112676 0.9982599713598492 0.6704398928783971
