0 0.00044014084507042255 0.007042253521126761 0.10387304571265622 0.08332920055544535
0 0.00044014084507042255 0.0880281690140845 0.10035191895209285 0.20710796468954573
0 0.12059859154929578 0.0005868544600938967 0.2543483280847054 0.08509355231545769
0 0.11355633802816902 0.09213615023474178 0.25127044175262847 0.19771588254094205
0 0.2632042253521127 0.02640845070422535 0.36123978687264435 0.12146337532235668
0 0.2654049295774648 0.12147887323943662 0.365640226703531 0.20650147953448392
0 0.3657570422535211 0.011737089201877934 0.4712298604567546 0.10562691485375476
0 0.37235915492957744 0.11150234741784038 0.47430794051279507 0.20650733430315854
0 0.4766725352112676 0.023474178403755867 0.577695126524995 0.1114885714915471
0 0.480193661971831 0.11267605633802817 0.5688907598318786 0.20650664550684386
0 0.5845070422535211 0.020539906103286387 0.6824011852806983 0.08918982399876567
0 0.5845070422535211 0.0892018779342723 0.6757990726046419 0.1466612665035597
0 0.5779049295774648 0.14788732394366197 0.672280851703531 0.21704936189909407
0 0.6914612676056338 0.03227699530516432 0.7967907300758778 0.0968120440168397
0 0.6914612676056338 0.09976525821596244 0.7932696033153144 0.15839215653860567
0 0.6945422535211268 0.16255868544600938 0.7866661345715136 0.22701727776675704
0 0.8080985915492958 0.0029342723004694834 0.9001724918170998 0.05105461603738236
0 0.8036971830985915 0.05575117370892019 0.8869702037046221 0.10266681269148537
0 0.8014964788732394 0.10387323943661972 0.8834500455638762 0.1654319992726311
0 0.7935739436619719 0.16842723004694835 0.8737704340036698 0.22407956148471422
0 0.00044014084507042255 0.2846244131455399 0.13996459500843086 0.39713343637726195
0 0.005721830985915493 0.409037558685446 0.1443636787715731 0.5056284990852785
0 0.007922535211267605 0.5164319248826291 0.15756693550386827 0.6141335493398575
0 0.14128521126760563 0.31220657276995306 0.27986739207250544 0.3941829773633979
0 0.1522887323943662 0.4078638497652582 0.27546114052271375 0.46748364797548986
0 0.15536971830985916 0.4753521126760563 0.27766048868032134 0.5454956853798849
0 0.16109154929577466 0.5487089201877934 0.2842600829448522 0.6053117905397959
0 0.28213028169014087 0.31690140845070425 0.4074462454746082 0.3912459498776698
0 0.2830105633802817 0.40316901408450706 0.4083261397168221 0.4780497834424387
0 0.28433098591549294 0.4841549295774648 0.40964598108014283 0.5366877025061165
0 0.29313380281690143 0.5487089201877934 0.40171957138960523 0.6053117905397959
0 0.4163732394366197 0.30927230046948356 0.5469118075530649 0.3853818824527761
0 0.4128521126760563 0.3873239436619718 0.5504344841053362 0.4440215235072406
0 0.4163732394366197 0.4471830985915493 0.5513132160037691 0.4985638596839252
0 0.4185739436619718 0.5 0.5469108389332473 0.5554577464788732
0 0.4185739436619718 0.5586854460093896 0.5438298530177543 0.6111744803720602
0 0.5550176056338029 0.3034037558685446 0.6934176859130133 0.38421161751416166
0 0.5528169014084507 0.3884976525821596 0.6890172460821266 0.44284712579073815
0 0.5528169014084507 0.443075117370892 0.6832954150962111 0.4997399793912143
0 0.5528169014084507 0.5046948356807511 0.6824151334060702 0.5601498269743658
0 0.5572183098591549 0.5633802816901409 0.6722899567298155 0.6070637439661443
0 0.6914612676056338 0.41960093896713613 0.8152766455688355 0.49858004639731973
0 0.6892605633802817 0.5017605633802817 0.813076909963301 0.5466538963829928
0 0.6848591549295775 0.5498826291079812 0.8064767345268795 0.6053111017434812
0 0.8191021126760564 0.4706572769953052 0.9375796205489983 0.5496064217858009
0 0.8177816901408451 0.5545774647887324 0.9362597791856775 0.5965055296568141
0 0.9278169014084507 0.36795774647887325 0.999 0.42290612808305234
0 0.9423415492957746 0.4284037558685446 0.999 0.4768612654014856
0 0.9423415492957746 0.4823943661971831 0.999 0.5319939000198374
0 0.9410211267605634 0.534037558685446 0.999 0.5812593676298794
0 0.00044014084507042255 0.7482394366197183 0.11267586261406468 0.8827768547907161
0 0.0013204225352112676 0.8949530516431925 0.12235857375768695 0.9777611777865944
0 0.11047535211267606 0.7276995305164319 0.23366616401755605 0.8094321012144856
0 0.12147887323943662 0.8157276995305164 0.23806272936917278 0.9044508640260971
0 0.13028169014084506 0.9137323943661971 0.24113984080539577 0.9806844293460292
0 0.24559859154929578 0.710093896713615 0.3656489442818885 0.7754048744737596
0 0.24031690140845072 0.7875586854460094 0.37665479009621106 0.8299368787057242
0 0.24471830985915494 0.8392018779342723 0.3753324303213648 0.8856577453767991
0 0.25 0.892018779342723 0.3753301056338028 0.932575106350151
0 0.2522007042253521 0.9330985915492958 0.37664955954919654 0.982433627587119
0 0.3701584507042254 0.7112676056338029 0.5073194725128943 0.7900755471797923
0 0.38116197183098594 0.7904929577464789 0.5064343477236659 0.8475407905177544
0 0.3798415492957746 0.8509389671361502 0.5020335204448522 0.9044302001366571
0 0.3798415492957746 0.9125586854460094 0.49983281621950004 0.9601452120390576
0 0.5088028169014085 0.7758215962441315 0.6348992945348145 0.8328780389693402
0 0.5140845070422535 0.8392018779342723 0.6274145754810553 0.8926999988979258
0 0.5176056338028169 0.9066901408450704 0.6252123214639953 0.9531064024995041
0 0.6474471830985915 0.6965962441314554 0.761598834866594 0.7713048144107211
0 0.6483274647887324 0.7775821596244131 0.7536759122073994 0.8270084611739293
0 0.6408450704225352 0.8274647887323944 0.738274275937314 0.8739275441380678
0 0.6408450704225352 0.886150234741784 0.7404749801626661 0.9296442780312548
0 0.7596830985915493 0.6954225352112676 0.8715846465235073 0.7654369586060967
0 0.7640845070422535 0.7629107981220657 0.872462990974013 0.8182142542264542
0 0.7495598591549296 0.8215962441314554 0.8649869894986114 0.8780389693402985
0 0.7517605633802817 0.886150234741784 0.8548627814421742 0.9337522592519121
0 0.875 0.7523474178403756 0.979368397887324 0.819394162313474
0 0.8763204225352113 0.8198356807511737 0.9758466899548701 0.869237185633362
0 0.8675176056338029 0.8714788732394366 0.9626463390820272 0.9149815264828407
