0 0.6890404929577465 0.24002347417840375 0.10607394366197183 0.14906103286384975
0 0.30963908450704225 0.5064553990610329 0.10607394366197183 0.18427230046948356
0 0.44190140845070425 0.5073356807511737 0.10475352112676056 0.1789906103286385
0 0.6875 0.7546948356807511 0.11971830985915492 0.14788732394366197
0 0.8318661971830986 0.6311619718309859 0.10915492957746478 0.10504694835680752
0 0.5825264084507042 0.24911971830985916 0.08054577464788733 0.14612676056338028
0 0.832306338028169 0.5041079812206573 0.11883802816901408 0.13028169014084506
0 0.296875 0.7529342723004695 0.09639084507042253 0.14906103286384975
0 0.9480633802816901 0.5046948356807511 0.10387323943661972 0.13262910798122066
0 0.8241637323943662 0.13204225352112675 0.10079225352112677 0.1267605633802817
0 0.5600792253521126 0.5220070422535211 0.10255281690140845 0.1789906103286385
0 0.4273767605633803 0.75 0.12147887323943662 0.1607981220657277
0 0.1899207746478873 0.5096830985915493 0.1034330985915493 0.14847417840375587
0 0.5774647887323944 0.7520539906103286 0.08098591549295775 0.18016431924882628
0 0.6855193661971831 0.5217136150234741 0.1113556338028169 0.1596244131455399
0 0.4900968309859155 0.23386150234741784 0.08846830985915492 0.18016431924882628
0 0.352112676056338 0.23415492957746478 0.08626760563380281 0.142018779342723
0 0.1899207746478873 0.7136150234741784 0.06470070422535211 0.1056338028169014
0 0.238556338028169 0.25528169014084506 0.1153169014084507 0.035211267605633804
0 0.8382482394366197 0.2620305164319249 0.1192781690140845 0.10504694835680752
0 0.9438820422535211 0.13233568075117372 0.09463028169014084 0.125
0 0.9570862676056338 0.26672535211267606 0.08582746478873239 0.1073943661971831
0 0.9478433098591549 0.6276408450704225 0.10431338028169014 0.11561032863849766
0 0.6588908450704225 0.9501173708920188 0.16549295774647887 0.0903755868544601
0 0.9236355633802817 0.9457159624413145 0.09903169014084508 0.10622065727699531
0 0.8235035211267606 0.8233568075117371 0.09683098591549295 0.10211267605633803
0 0.2970950704225352 0.9427816901408451 0.06954225352112677 0.11443661971830986
0 0.1974031690140845 0.9354460093896714 0.08582746478873239 0.1267605633802817
0 0.38182218309859156 0.9375 0.09815140845070422 0.12265258215962441
0 0.5226672535211268 0.943368544600939 0.08494718309859155 0.11326291079812206
0 0.19278169014084506 0.7637910798122066 0.0818661971830986 0.09096244131455399
0 0.8109595070422535 0.9451291079812206 0.11223591549295775 0.09213615023474178
0 0.9304577464788732 0.8171948356807511 0.0880281690140845 0.10504694835680752
0 0.21434859154929578 0.3130868544600939 0.1487676056338028 0.03931924882629108
0 0.032130281690140844 0.5202464788732394 0.05457746478873239 0.13086854460093897
0 0.8158010563380281 0.04225352112676056 0.12279929577464789 0.03990610328638498
0 0.040272887323943664 0.9694835680751174 0.07526408450704225 0.05985915492957746
