0 0.42473591549295775 0.3210093896713615 0.5852003803188852 0.3971120836915074
0 0.7535211267605634 0.335093896713615 0.8676260910533625 0.4017986538164826
0 0.3890845070422535 0.5710093896713615 0.5610083254810553 0.6205569193722585
0 0.5994718309859155 0.619131455399061 0.7365319226096012 0.6751061435120898
0 0.3912852112676056 0.6355633802816901 0.5438418639034914 0.6844861717251869
0 0.633362676056338 0.2717136150234742 0.7087881326249752 0.35136636524939935
0 0.6227992957746479 0.375 0.7136343312958738 0.43933392018779344
0 0.4300176056338028 0.40375586854460094 0.5966417176031541 0.4428381714386475
0 0.6034330985915493 0.5446009389671361 0.7466534185305496 0.6059010557869912
0 0.4551056338028169 0.2564553990610329 0.6001518020977981 0.3056006717141661
0 0.02244718309859155 0.5592723004694836 0.14699716233138269 0.6035450279926822
0 0.09683098591549295 0.2793427230046948 0.20726371875619914 0.3672069584958893
0 0.6338028169014085 0.025821596244131457 0.8276259670700258 0.07040738169234499
0 0.010123239436619719 0.6320422535211268 0.13071737533475503 0.677445984593004
0 0.41065140845070425 0.5152582159624414 0.5821255935702241 0.5548619376666887
0 0.1756161971830986 0.6003521126760564 0.26664805625123983 0.6510561313892745
0 0.020246478873239437 0.5158450704225352 0.15492066616246777 0.5554484477286252
0 0.7372359154929577 0.2546948356807512 0.8781966391217021 0.311470249509577
0 0.8173415492957746 0.6214788732394366 0.9877564517828804 0.6768653292997421
0 0.8904049295774648 0.1267605633802817 0.999 0.1707002578853402
0 0.8129401408450704 0.5152582159624414 0.9837971214168816 0.610026256915515
0 0.9075704225352113 0.3761737089201878 0.9916780059759969 0.42583557880931916
0 0.7257922535211268 0.12265258215962441 0.853113647775739 0.16542097853159646
0 0.8217429577464789 0.7764084507042254 0.966627753979865 0.8287697133505257
0 0.9075704225352113 0.06631455399061033 0.990797724285856 0.11205028488615573
0 0.366637323943662 0.7928403755868545 0.5583773603327713 0.9426098354603364
0 0.6201584507042254 0.9019953051643192 0.7717340851889506 0.9490011764641054
0 0.8230633802816901 0.9055164319248826 0.9675074544981154 0.9501728189953492
0 0.15977112676056338 0.7746478873239436 0.29746488946885535 0.9115172254182371
0 0.6148767605633803 0.7822769953051644 0.7818596493131322 0.8358085228900791
0 0.621919014084507 0.8268779342723005 0.772173451138167 0.8756884519165069
0 0.002640845070422535 0.7588028169014085 0.1131150348393176 0.8135218293328044
0 0.8221830985915493 0.852112676056338 0.9613458701150565 0.8985609667394036
0 0.8160211267605634 0.7476525821596244 0.9635492864758977 0.794162175714695
0 0.4198943661971831 0.09389671361502347 0.6089701169162864 0.13316085873614142
0 0.6597711267605634 0.06748826291079812 0.8641462274970244 0.11439701393021667
0 0.06558098591549295 0.3873239436619718 0.2050767689322555 0.43697926998611386
0 0.3019366197183099 0.38438967136150237 0.388951612403293 0.44989179009896624
0 0.3173415492957746 0.3286384976525822 0.40302933910682404 0.37363342811170625
0 0.3459507042253521 0.24354460093896713 0.43074562028863317 0.2827209245299654
0 0.909330985915493 0.2857981220657277 0.999 0.36133462551521967
0 0.007042253521126761 0.27875586854460094 0.05457436520531641 0.39009462683770857
0 0.4194542253521127 0.1396713615023474 0.6499034092317992 0.1718663900460667
