0 0.30369718309859156 0.21273474178403756 0.11795774647887323 0.10269953051643192
0 0.3019366197183099 0.43838028169014087 0.11619718309859155 0.11267605633802817
0 0.4196742957746479 0.43339201877934275 0.11223591549295775 0.11795774647887323
0 0.3034771126760563 0.5563380281690141 0.10607394366197183 0.1056338028169014
0 0.7363556338028169 0.1960093896713615 0.08274647887323944 0.13497652582159625
0 0.6115757042253521 0.511443661971831 0.06205985915492958 0.11561032863849766
0 0.4293573943661972 0.5575117370892019 0.09991197183098592 0.10446009389671361
0 0.6439260563380281 0.19043427230046947 0.07130281690140845 0.14964788732394366
0 0.9115316901408451 0.19806338028169015 0.0994718309859155 0.1437793427230047
0 0.7092869718309859 0.7297535211267606 0.07526408450704225 0.09683098591549295
0 0.21941021126760563 0.7702464788732394 0.08494718309859155 0.10504694835680752
0 0.5286091549295775 0.528462441314554 0.0818661971830986 0.1637323943661972
0 0.9315580985915493 0.5557511737089202 0.09198943661971831 0.13497652582159625
0 0.8345070422535211 0.5548708920187794 0.08626760563380281 0.1637323943661972
0 0.31117957746478875 0.3380281690140845 0.11091549295774648 0.05516431924882629
0 0.7376760563380281 0.5495892018779343 0.0994718309859155 0.16490610328638497
0 0.07878521126760564 0.7605633802816901 0.08714788732394366 0.107981220657277
0 0.1991637323943662 0.2068661971830986 0.05677816901408451 0.08744131455399061
0 0.07592429577464789 0.556924882629108 0.08758802816901408 0.13849765258215962
0 0.198943661971831 0.0994718309859155 0.05985915492957746 0.0897887323943662
0 0.7306338028169014 0.37822769953051644 0.08890845070422536 0.159037558685446
0 0.6232394366197183 0.8773474178403756 0.08098591549295775 0.15492957746478872
0 0.717649647887324 0.8782276995305164 0.09198943661971831 0.1437793427230047
0 0.8105193661971831 0.8761737089201878 0.07878521126760564 0.14906103286384975
0 0.5283890845070423 0.8632629107981221 0.0761443661971831 0.1443661971830986
0 0.4183538732394366 0.8823356807511737 0.10783450704225352 0.12852112676056338
0 0.2986355633802817 0.8905516431924883 0.10255281690140845 0.10152582159624413
0 0.893705985915493 0.8667840375586855 0.06470070422535211 0.13497652582159625
0 0.207306338028169 0.8931924882629108 0.05457746478873239 0.10915492957746478
0 0.0721830985915493 0.8858568075117371 0.10299295774647887 0.11443661971830986
0 0.9630281690140845 0.8547535211267606 0.05017605633802817 0.10387323943661972
0 0.8080985915492958 0.1942488262910798 0.035211267605633804 0.14788732394366197
0 0.05259683098591549 0.20892018779342722 0.08670774647887323 0.11619718309859155
0 0.9198943661971831 0.10035211267605634 0.0801056338028169 0.0539906103286385
0 0.8153609154929577 0.43779342723004694 0.06910211267605634 0.04812206572769953
0 0.914612676056338 0.39055164319248825 0.08890845070422536 0.16255868544600938
0 0.9766725352112676 0.3914319248826291 0.04137323943661972 0.14788732394366197
0 0.20818661971830985 0.5695422535211268 0.061619718309859156 0.125
0 0.8109595070422535 0.7576291079812206 0.09286971830985916 0.05868544600938967
