0 0.6188380281690141 0.7118544600938967 0.7079142438256298 0.8293944516079261
0 0.7768485915492958 0.4184272300469484 0.8319644152325928 0.5361394206396438
0 0.6113556338028169 0.3902582159624413 0.6718259878372347 0.5408507874319469
0 0.7372359154929577 0.6660798122065728 0.8095346672907162 0.8229659156031651
0 0.4308978873239437 0.10152582159624413 0.4940885132538187 0.20064464447089422
0 0.1153169014084507 0.6883802816901409 0.18216755418071812 0.8129763026515903
0 0.8257042253521126 0.6742957746478874 0.8975238977881372 0.8411535822918733
0 0.514524647887324 0.014671361502347418 0.5882418465458242 0.1977613430977099
0 0.29797535211267606 0.42664319248826293 0.34669983479220395 0.5173552563424364
0 0.3023767605633803 0.1273474178403756 0.35109930600327316 0.21060601677356786
0 0.6976232394366197 0.4102112676056338 0.7488126658277128 0.533209969913377
0 0.2051056338028169 0.7206572769953051 0.2507900063231501 0.8288024311754723
0 0.4317781690140845 0.38086854460093894 0.4976092525664551 0.51914268277899
0 0.31866197183098594 0.7230046948356808 0.3770604480757786 0.8323221803434063
0 0.45994718309859156 0.6754694835680751 0.521364459866594 0.8417397479556525
0 0.7460387323943662 0.036384976525821594 0.8262561449241222 0.20831198064757875
0 0.0682218309859155 0.12969483568075119 0.11748757841946042 0.2141257659415019
0 0.608274647887324 0.10269953051643192 0.6621442453134299 0.20181766459476735
0 0.3657570422535211 0.11267605633802817 0.4201735224285856 0.20298551874628049
0 0.12455985915492958 0.12206572769953052 0.17688179583663954 0.20943540743679606
0 0.05413732394366197 0.7188967136150235 0.10737053814967269 0.8094372671868456
0 0.3609154929577465 0.4272300469483568 0.417974949166832 0.5337868368269082
0 0.846830985915493 0.4166666666666667 0.8966343173477485 0.5431827073552425
0 0.19014084507042253 0.12441314553990611 0.2384726492759373 0.20297863078313386
0 0.5352112676056338 0.7183098591549296 0.5763489387026384 0.8417146068901673
0 0.24559859154929578 0.1255868544600939 0.29830739498611386 0.2029779419868192
0 0.39172535211267606 0.732981220657277 0.4320458955316406 0.8276214898939805
0 0.2649647887323944 0.7276995305164319 0.311943237328903 0.824690317176927
0 0.6822183098591549 0.11443661971830986 0.7312138123636184 0.20826617569265357
0 0.9242957746478874 0.08568075117370892 0.9819875458738346 0.21004361458264453
0 0.1800176056338028 0.42018779342723006 0.28381161196935134 0.4798003592761577
0 0.0008802816901408451 0.7030516431924883 0.05149609142531244 0.8252916363596288
0 0.02596830985915493 0.426056338028169 0.07041110549742115 0.505031657078622
0 0.08934859154929578 0.4354460093896714 0.1557705331903392 0.4950496208865084
0 0.9071302816901409 0.34507042253521125 0.9727521433619322 0.5238585267473385
0 0.9084507042253521 0.6907276995305164 0.9599874776829994 0.8376228123829046
0 0.8419894366197183 0.06866197183098592 0.9080801102831779 0.20066393076770483
0 0.25528169014084506 0.9336854460093896 0.30886651334060705 0.999
0 0.0013204225352112676 0.09507042253521127 0.0545768836168419 0.20886439529193943
