0 0.4414612676056338 0.7822769953051644 0.5579042864139059 0.9602216684299852
0 0.13952464788732394 0.306924882629108 0.22529070217962707 0.4528715229562036
0 0.24955985915492956 0.29460093896713613 0.31899227118875223 0.44348908395600517
0 0.585387323943662 0.3914319248826291 0.7264148823398136 0.4933148873680266
0 0.7359154929577465 0.5950704225352113 0.8341831357865503 0.700355005620578
0 0.4529049295774648 0.2934272300469484 0.5495365735345169 0.47928789481804757
0 0.8516725352112676 0.4841549295774648 0.9441673976517555 0.5865703316140978
0 0.5814260563380281 0.2916666666666667 0.7215750765597104 0.38011052425665104
0 0.4212147887323944 0.5334507042253521 0.4795681272936917 0.6645930453613701
0 0.621919014084507 0.041666666666666664 0.7484058455043642 0.21241686228482
0 0.4964788732394366 0.5563380281690141 0.5816476765522713 0.6950960457581168
0 0.8529929577464789 0.6091549295774648 0.9362442812685974 0.699759885604708
0 0.7750880281690141 0.17136150234741784 0.8772996971707003 0.2804158676629417
0 0.5290492957746479 0.0721830985915493 0.6049608057677048 0.20066186437876082
0 0.31382042253521125 0.29284037558685444 0.41315412833515175 0.45816147865282464
0 0.3538732394366197 0.04988262910798122 0.45230903466574096 0.21358574963080518
0 0.261443661971831 0.5974178403755869 0.4118567589515969 0.6892033932861645
0 0.22975352112676056 0.0715962441314554 0.33176507327415194 0.20124906323701205
0 0.125 0.09448356807511737 0.20857174295774647 0.19360652372765544
0 0.9454225352112676 0.4876760563380282 0.9925416274052766 0.5748311760232758
0 0.00044014084507042255 0.35093896713615025 0.07174276402251538 0.45577996539487314
0 0.6241197183098591 0.5874413145539906 0.7202358628000397 0.7056411729374682
0 0.15889084507042253 0.5311032863849765 0.23892654452241618 0.6733972398554079
0 0.889524647887324 0.17253521126760563 0.9842035542923031 0.2780677610262514
0 0.8763204225352113 0.30985915492957744 0.970564999814025 0.39418435495602727
0 0.7425176056338029 0.4794600938967136 0.833299948236957 0.571901725297009
0 0.7482394366197183 0.2869718309859155 0.8605861622197977 0.3936109320240693
0 0.570862676056338 0.7634976525821596 0.6788860639630033 0.9895754121757147
0 0.710387323943662 0.9242957746478874 0.8073457802271374 0.9894810470806057
0 0.7165492957746479 0.801056338028169 0.8082233497817893 0.8862669857171196
0 0.8151408450704225 0.9184272300469484 0.8966482654731205 0.9859633643016156
0 0.2051056338028169 0.8609154929577465 0.31373014716822056 0.9484384298750248
0 0.3340669014084507 0.801056338028169 0.4351522592863519 0.9502341218673543
0 0.9242957746478874 0.9254694835680751 0.999 0.989480358284291
0 0.8160211267605634 0.8210093896713615 0.8997288639406864 0.8886026940201459
0 0.9084507042253521 0.7822769953051644 0.9951987452886333 0.865151245894774
0 0.0035211267605633804 0.7288732394366197 0.08274492908153144 0.878093384249157
0 0.007922535211267605 0.5105633802816901 0.07746130170105138 0.6816252562322291
0 0.167693661971831 0.7365023474178404 0.22791914891638562 0.8505067474486985
0 0.24339788732394366 0.7482394366197183 0.31503371571860744 0.8328942256827349
0 0.948943661971831 0.6062206572769953 0.9925400776135687 0.6874376639335229
