0 0.4154929577464789 0.528169014084507 0.5165424766911327 0.7714036566818753
0 0.08934859154929578 0.13791079812206572 0.17645715290864908 0.3825481744142476
0 0.6751760563380281 0.5516431924882629 0.784033813355485 0.7801926976569905
0 0.30149647887323944 0.14906103286384975 0.39027222866246775 0.3837153397694461
0 0.5374119718309859 0.5516431924882629 0.646330364449018 0.7637607727743614
0 0.5066021126760564 0.1431924882629108 0.6142136434363221 0.3854793471313011
0 0.39920774647887325 0.15258215962441316 0.49454260222426105 0.38723440014106547
0 0.8098591549295775 0.545774647887324 0.9146963648085696 0.7713933247371553
0 0.7376760563380281 0.13732394366197184 0.8222985580737949 0.40191471599550355
0 0.16153169014084506 0.5410798122065728 0.2679746779532831 0.765527535321475
0 0.2878521126760563 0.5434272300469484 0.39864091016167424 0.7713947023297847
0 0.1875 0.13849765258215962 0.28997029049295775 0.38548210231655977
0 0.6294014084507042 0.15492957746478872 0.7096701578307875 0.3901672948489056
0 0.8512323943661971 0.15316901408450703 0.9547309716574094 0.39427630926403495
0 0.042693661971830985 0.5422535211267606 0.14258684257835746 0.7684611188256298
0 0.0048415492957746475 0.15375586854460094 0.08230420706457052 0.37960460336353014
0 0.026848591549295774 0.8767605633802817 0.12498818283822653 0.999
0 0.16681338028169015 0.8879107981220657 0.2618103814347352 0.9900892542264542
0 0.6575704225352113 0.9014084507042254 0.7853619848492362 0.9883207696885539
0 0.2904929577464789 0.8955399061032864 0.39423833936718905 0.9889110681302211
0 0.5308098591549296 0.8884976525821596 0.6476536928436818 0.994783745509048
0 0.855193661971831 0.9084507042253521 0.9701341577192025 0.999
