0 0.5096830985915493 0.5944835680751174 0.13468309859154928 0.11384976525821597
0 0.6533890845070423 0.57981220657277 0.10431338028169014 0.107981220657277
0 0.7081866197183099 0.767018779342723 0.0528169014084507 0.11502347417840375
0 0.34749119718309857 0.2564553990610329 0.11399647887323944 0.22887323943661972
0 0.6150968309859155 0.2676056338028169 0.12015845070422536 0.23943661971830985
0 0.16659330985915494 0.25029342723004694 0.058538732394366196 0.1954225352112676
0 0.09595070422535211 0.25410798122065725 0.07306338028169014 0.1784037558685446
0 0.7491197183098591 0.2852112676056338 0.09859154929577464 0.1596244131455399
0 0.6452464788732394 0.7904929577464789 0.05721830985915493 0.107981220657277
0 0.582306338028169 0.8031103286384976 0.04665492957746479 0.12147887323943662
0 0.8626760563380281 0.2881455399061033 0.09683098591549295 0.18427230046948356
0 0.34837147887323944 0.6159037558685446 0.1430457746478873 0.06514084507042253
0 0.34419014084507044 0.7990023474178404 0.04137323943661972 0.10856807511737089
0 0.3074383802816901 0.8042840375586855 0.03477112676056338 0.1238262910798122
0 0.09661091549295775 0.7746478873239436 0.02244718309859155 0.13145539906103287
0 0.3613556338028169 0.5407863849765259 0.12059859154929578 0.04753521126760563
0 0.3653169014084507 0.477406103286385 0.11091549295774648 0.04401408450704225
0 0.2533010563380282 0.25029342723004694 0.07350352112676056 0.19190140845070422
0 0.058318661971830985 0.6109154929577465 0.08318661971830986 0.057511737089201875
0 0.516725352112676 0.7720070422535211 0.04929577464788732 0.10269953051643192
0 0.7944542253521126 0.5845070422535211 0.11267605633802817 0.07863849765258216
0 0.20290492957746478 0.5818661971830986 0.13204225352112675 0.041666666666666664
0 0.012544014084507043 0.7931338028169014 0.02420774647887324 0.11678403755868545
0 0.1331426056338028 0.7743544600938967 0.03829225352112676 0.12030516431924883
0 0.1993838028169014 0.7687793427230047 0.03961267605633803 0.0880281690140845
0 0.1974031690140845 0.5164319248826291 0.10783450704225352 0.05516431924882629
0 0.2654049295774648 0.789612676056338 0.02992957746478873 0.11678403755868545
0 0.05985915492957746 0.5357981220657277 0.09066901408450705 0.06338028169014084
0 0.35827464788732394 0.9697769953051644 0.1267605633802817 0.04518779342723005
0 0.17319542253521128 0.966255868544601 0.12632042253521128 0.04870892018779343
0 0.49295774647887325 0.30927230046948356 0.1153169014084507 0.14084507042253522
0 0.31866197183098594 0.038438967136150234 0.10123239436619719 0.07570422535211267
0 0.19586267605633803 0.04019953051643192 0.10035211267605634 0.07453051643192488
0 0.07592429577464789 0.03227699530516432 0.09551056338028169 0.05868544600938967
0 0.6652728873239436 0.038438967136150234 0.08318661971830986 0.07570422535211267
0 0.7893926056338029 0.03726525821596244 0.10783450704225352 0.06631455399061033
0 0.9496038732394366 0.038438967136150234 0.08494718309859155 0.07570422535211267
0 0.7775088028169014 0.7878521126760564 0.04181338028169014 0.04401408450704225
0 0.8213028169014085 0.7570422535211268 0.035211267605633804 0.035211267605633804
0 0.8180017605633803 0.8418427230046949 0.02420774647887324 0.03814553990610329
0 0.8219630281690141 0.8001760563380281 0.032130281690140844 0.04284037558685446
0 0.7786091549295775 0.8348004694835681 0.030809859154929578 0.04401408450704225
0 0.7376760563380281 0.8427230046948356 0.030809859154929578 0.03403755868544601
0 0.6938820422535211 0.841255868544601 0.019806338028169015 0.027582159624413145
0 0.4742517605633803 0.7687793427230047 0.02772887323943662 0.07042253521126761
0 0.5321302816901409 0.9768192488262911 0.16285211267605634 0.04401408450704225
0 0.4038292253521127 0.7743544600938967 0.023327464788732395 0.09096244131455399
0 0.44124119718309857 0.7643779342723005 0.023327464788732395 0.06748826291079812
0 0.0605193661971831 0.7849178403755869 0.042693661971830985 0.13204225352112675
0 0.02640845070422535 0.29782863849765256 0.05193661971830986 0.13204225352112675
0 0.43794014084507044 0.03726525821596244 0.08714788732394366 0.06866197183098592
0 0.07196302816901408 0.47681924882629106 0.1210387323943662 0.03814553990610329
0 0.03675176056338028 0.9709507042253521 0.0682218309859155 0.04988262910798122
0 0.71875 0.9756455399061033 0.06073943661971831 0.040492957746478875
0 0.8036971830985915 0.9797535211267606 0.061619718309859156 0.03814553990610329
