0 0.46963028169014087 0.17194835680751175 0.07570422535211267 0.13028169014084506
0 0.13578345070422534 0.176056338028169 0.08846830985915492 0.19014084507042253
0 0.586487676056338 0.4756455399061033 0.16153169014084506 0.04284037558685446
0 0.3571742957746479 0.37411971830985913 0.20642605633802816 0.03814553990610329
0 0.551056338028169 0.17752347417840375 0.07394366197183098 0.14964788732394366
0 0.6379841549295775 0.1807511737089202 0.07174295774647887 0.14553990610328638
0 0.18199823943661972 0.6602112676056338 0.17209507042253522 0.08450704225352113
0 0.3362676056338028 0.19160798122065728 0.1073943661971831 0.12969483568075119
0 0.34639084507042256 0.6009389671361502 0.08362676056338028 0.06455399061032864
0 0.601012323943662 0.7133215962441315 0.09727112676056338 0.056924882629107984
0 0.7352552816901409 0.170481220657277 0.07174295774647887 0.17194835680751175
0 0.17099471830985916 0.49002347417840375 0.20202464788732394 0.023474178403755867
0 0.5902288732394366 0.4193075117370892 0.15404929577464788 0.041666666666666664
0 0.5955105633802817 0.6097417840375586 0.10827464788732394 0.056338028169014086
0 0.45774647887323944 0.6696009389671361 0.11091549295774648 0.06338028169014084
0 0.8230633802816901 0.18016431924882628 0.06690140845070422 0.18192488262910797
0 0.38600352112676056 0.4213615023474178 0.20598591549295775 0.03169014084507042
0 0.5882482394366197 0.36795774647887325 0.15184859154929578 0.0528169014084507
0 0.4667693661971831 0.5947769953051644 0.10871478873239436 0.05457746478873239
0 0.38116197183098594 0.45980046948356806 0.2112676056338028 0.027582159624413145
0 0.3430897887323944 0.6904342723004695 0.08670774647887323 0.06279342723004695
0 0.17649647887323944 0.7247652582159625 0.15669014084507044 0.029342723004694836
0 0.7273327464788732 0.6555164319248826 0.10079225352112677 0.04929577464788732
0 0.9606073943661971 0.7426643192488263 0.06910211267605634 0.05457746478873239
0 0.1993838028169014 0.43838028169014087 0.1311619718309859 0.04812206572769953
0 0.9751320422535211 0.22740610328638497 0.0409330985915493 0.09565727699530517
0 0.9110915492957746 0.6470070422535211 0.17781690140845072 0.04636150234741784
0 0.8659771126760564 0.3882042253521127 0.09991197183098592 0.06279342723004695
0 0.8921654929577465 0.5020539906103286 0.1426056338028169 0.09917840375586855
0 0.8772007042253521 0.7382629107981221 0.08098591549295775 0.0528169014084507
0 0.9099911971830986 0.24002347417840375 0.058538732394366196 0.09154929577464789
0 0.7471390845070423 0.448943661971831 0.1131161971830986 0.17018779342723006
0 0.5503961267605634 0.8538732394366197 0.1817781690140845 0.05868544600938967
0 0.13380281690140844 0.8617957746478874 0.1892605633802817 0.05457746478873239
0 0.5543573943661971 0.9295774647887324 0.17737676056338028 0.04225352112676056
0 0.1366637323943662 0.9336854460093896 0.19674295774647887 0.03990610328638498
0 0.34375 0.9181338028169014 0.14348591549295775 0.0357981220657277
0 0.3175616197183099 0.8664906103286385 0.08054577464788733 0.06279342723004695
0 0.7544014084507042 0.8887910798122066 0.14700704225352113 0.03814553990610329
0 0.9029489436619719 0.9539319248826291 0.15625 0.07570422535211267
0 0.9161531690140845 0.8867370892018779 0.13336267605633803 0.04225352112676056
0 0.04335387323943662 0.17811032863849766 0.07262323943661972 0.1602112676056338
0 0.9529049295774648 0.3987676056338028 0.056338028169014086 0.09683098591549295
0 0.03675176056338028 0.6437793427230047 0.05501760563380282 0.05868544600938967
0 0.742737676056338 0.9592136150234741 0.14216549295774647 0.05575117370892019
0 0.39502640845070425 0.49061032863849763 0.2055457746478873 0.02464788732394366
0 0.030149647887323945 0.7074530516431925 0.05941901408450704 0.05457746478873239
0 0.19982394366197184 0.38791079812206575 0.09683098591549295 0.028169014084507043
0 0.04841549295774648 0.4005281690140845 0.09154929577464789 0.020539906103286387
0 0.02750880281690141 0.44571596244131456 0.05149647887323944 0.02640845070422535
0 0.02750880281690141 0.49119718309859156 0.04709507042253521 0.035211267605633804
