0 0.7638644366197183 0.7552816901408451 0.1289612676056338 0.21009389671361503
0 0.3430897887323944 0.4753521126760563 0.1131161971830986 0.2852112676056338
0 0.629181338028169 0.7676056338028169 0.11839788732394366 0.20187793427230047
0 0.4628080985915493 0.7758215962441315 0.1131161971830986 0.2112676056338028
0 0.7451584507042254 0.1358568075117371 0.10475352112676056 0.159037558685446
0 0.3263644366197183 0.7731807511737089 0.12632042253521128 0.20129107981220656
0 0.3611355633802817 0.12470657276995305 0.1034330985915493 0.1766431924882629
0 0.2363556338028169 0.5014671361502347 0.16109154929577466 0.26115023474178406
0 0.214568661971831 0.25821596244131456 0.1289612676056338 0.0903755868544601
0 0.36201584507042256 0.272887323943662 0.11751760563380281 0.07629107981220658
0 0.7607834507042254 0.278462441314554 0.11663732394366197 0.07453051643192488
0 0.7616637323943662 0.4694835680751174 0.10783450704225352 0.17253521126760563
0 0.8939260563380281 0.28257042253521125 0.10915492957746478 0.07805164319248827
0 0.6223591549295775 0.49383802816901406 0.11795774647887323 0.15316901408450703
0 0.48481514084507044 0.14407276995305165 0.09815140845070422 0.15316901408450703
0 0.22029049295774647 0.12764084507042253 0.08758802816901408 0.14730046948356806
0 0.1599911971830986 0.7995892018779343 0.13424295774647887 0.16725352112676056
0 0.9267165492957746 0.6173708920187794 0.11487676056338028 0.07042253521126761
0 0.6047535211267606 0.12940140845070422 0.10035211267605634 0.1437793427230047
0 0.4742517605633803 0.2813967136150235 0.09551056338028169 0.06514084507042253
0 0.47403169014084506 0.6097417840375586 0.12235915492957747 0.07394366197183098
0 0.6091549295774648 0.3154342723004695 0.1056338028169014 0.1449530516431925
0 0.9289172535211268 0.7749413145539906 0.12015845070422536 0.18485915492957747
0 0.9099911971830986 0.477112676056338 0.09815140845070422 0.1960093896713615
0 0.8556338028169014 0.13468309859154928 0.0818661971830986 0.1766431924882629
0 0.7827904929577465 0.6050469483568075 0.1210387323943662 0.07276995305164319
0 0.4940580985915493 0.4668427230046948 0.10783450704225352 0.20363849765258216
0 0.1467869718309859 0.5757042253521126 0.13336267605633803 0.2147887323943662
