0 0.5286091549295775 0.2347417840375587 0.6238870558296965 0.3725148228966916
0 0.4898767605633803 0.6971830985915493 0.5548019908624281 0.820600244660451
0 0.05985915492957746 0.06631455399061033 0.23897013241420353 0.09503150554343273
0 0.5585387323943662 0.6960093896713615 0.6405992347128546 0.8159060977760144
0 0.31294014084507044 0.6977699530516432 0.3942284594450506 0.8276421537834204
0 0.3058978873239437 0.46830985915492956 0.39423155902846657 0.595969301725848
0 0.22579225352112675 0.6883802816901409 0.2934745632686967 0.8170842838722476
0 0.1857394366197183 0.21713615023474178 0.271485149895854 0.36900402808084815
0 0.46786971830985913 0.013497652582159625 0.6591250573422932 0.1537479473869823
0 0.4278169014084507 0.22241784037558684 0.5125757848145209 0.3637192383565871
0 0.8860035211267606 0.1238262910798122 0.9894867942248561 0.25051418644889684
0 0.40757042253521125 0.6960093896713615 0.4654896256943067 0.795366191672728
0 0.12367957746478873 0.7030516431924883 0.20593147905921444 0.8346813077211311
0 0.0994718309859155 0.25410798122065725 0.16148790852509423 0.3607663685556217
0 0.19674295774647887 0.46068075117370894 0.2904063631347947 0.5895183798408604
0 0.78125 0.3403755868544601 0.9010645906690141 0.490997432167339
0 0.4044894366197183 0.4618544600938967 0.5024628127479667 0.5854097098238885
0 0.34066901408450706 0.22300469483568075 0.41358245201844873 0.3619583305781481
0 0.12544014084507044 0.45539906103286387 0.17644126754364214 0.6000848597059667
0 0.7759683098591549 0.13615023474178403 0.8601338167650268 0.24874639070731117
0 0.7464788732394366 0.6085680751173709 0.8196538385241023 0.7713564741343208
0 0.6430457746478874 0.6848591549295775 0.7136254199935529 0.7672037211532103
0 0.6443661971830986 0.4630281690140845 0.7268290641737751 0.6041883637505786
0 0.6584507042253521 0.007629107981220657 0.7602735692322952 0.12323495944367299
0 0.6465669014084507 0.2282863849765258 0.7294689406243801 0.35373926855341753
0 0.5277288732394366 0.47183098591549294 0.6018804010241023 0.5707324935528665
0 0.9172535211267606 0.3374413145539906 0.999 0.42937943584826643
0 0.9106514084507042 0.4413145539906103 0.9868351006124777 0.5056095571866253
0 0.8235035211267606 0.6291079812206573 0.9265741621826026 0.7566730586964667
0 0.7451584507042254 0.8257042253521126 0.8509044196959928 0.8745154317926337
0 0.7535211267605634 0.886150234741784 0.8548620065463203 0.9325785503317243
0 0.14920774647887325 0.9107981220657277 0.22044489095665543 0.999
0 0.3076584507042254 0.9061032863849765 0.3731040235692323 0.9982945403248915
0 0.5110035211267606 0.9102112676056338 0.5666764949290816 0.9941841483171328
0 0.23591549295774647 0.9066901408450704 0.29831165691331085 0.999
0 0.641725352112676 0.7676056338028169 0.7114252969400913 0.8223194802618529
0 0.5950704225352113 0.9102112676056338 0.6542275218210672 0.95310433611056
0 0.65625 0.903755868544601 0.7197815801056338 0.9454790165090701
0 0.43838028169014087 0.9102112676056338 0.4976063467070026 0.999
0 0.7495598591549296 0.9530516431924883 0.8649869894986114 0.9941590072516475
0 0.8970070422535211 0.8503521126760564 0.9899220919708392 0.889759183032467
0 0.8820422535211268 0.9008215962441315 0.9978512137968658 0.9748234615045516
0 0.37235915492957744 0.9096244131455399 0.43249456023110494 0.9982924739359474
0 0.06294014084507042 0.11150234741784038 0.24689131155772664 0.13021625449095198
0 0.06514084507042253 0.14788732394366197 0.24556992040269787 0.17010100509158235
0 0.2720070422535211 0.027582159624413145 0.45586619408351514 0.06571151281712183
0 0.06866197183098592 0.01584507042253521 0.2909028776532434 0.04517849467698208
0 0.2777288732394366 0.12147887323943662 0.4646664925733981 0.1683559396283806
0 0.27992957746478875 0.08039906103286384 0.46686622817893275 0.12025798177169433
