0 0.772887323943662 0.6631455399061033 0.9833746094524897 0.674493459190196
0 0.7486795774647887 0.5404929577464789 0.9983500530028764 0.5659973632877074
0 0.14348591549295775 0.4107981220657277 0.34412698683296966 0.4692424893649849
0 0.6179577464788732 0.26291079812206575 0.7858195608510217 0.3619349115034495
0 0.1426056338028169 0.3374413145539906 0.35777174047807975 0.3971024405431021
0 0.6329225352112676 0.375 0.8016580446587979 0.4675029342723005
0 0.21390845070422534 0.6091549295774648 0.3489375402945844 0.6645486179990743
0 0.19234154929577466 0.6643192488262911 0.33882379333217616 0.7167462915206418
0 0.8974471830985915 0.2546948356807512 0.9674747151482842 0.4617049912936146
0 0.167693661971831 0.25938967136150237 0.35115858553610396 0.32437829244638405
0 0.3930457746478873 0.40023474178403756 0.6116227791484825 0.47629094205294364
0 0.386443661971831 0.32981220657276994 0.6037031497966674 0.3971069177191474
0 0.39348591549295775 0.2881455399061033 0.5940169516217021 0.33727221505874055
0 0.06382042253521127 0.6132629107981221 0.15358106495487006 0.6598513715312218
0 0.00044014084507042255 0.31690140845070425 0.11619698937462805 0.4734055742908153
0 0.823943661971831 0.24413145539906103 0.8904824191628645 0.4734482796623245
0 0.2108274647887324 0.8726525821596244 0.3683050935454275 0.960168631113756
0 0.608274647887324 0.8820422535211268 0.7290456537641341 0.9396232146399524
0 0.610475352112676 0.9477699530516432 0.7413686288062884 0.9924015434547819
0 0.6144366197183099 0.7230046948356808 0.7607330824737155 0.760139081751857
0 0.8811619718309859 0.937206572769953 0.9855276575828209 0.9918208881615199
0 0.7662852112676056 0.9172535211267606 0.864539487142928 0.9800955084969913
0 0.7411971830985915 0.5762910798122066 0.9970329237750447 0.6041218949062136
0 0.7794894366197183 0.6132629107981221 0.9794104359874033 0.624640103925588
0 0.809419014084507 0.6437793427230047 0.9815979669832374 0.6492700825453503
0 0.7816901408450704 0.6895539906103286 0.9851312983535013 0.7067549565782802
0 0.7918133802816901 0.7230046948356808 0.9939296596037492 0.737251757808195
0 0.7882922535211268 0.7482394366197183 0.9917305051701052 0.7624716904714672
0 0.06426056338028169 0.2300469483568075 0.1874717163013291 0.26101523066410987
0 0.846830985915493 0.04401408450704225 0.9045568525590161 0.13905867718045362
0 0.7874119718309859 0.1467136150234742 0.8693717376884547 0.22115803191606603
0 0.8842429577464789 0.1449530516431925 0.9639594001066256 0.21998535619035023
0 0.37235915492957744 0.6584507042253521 0.4527410391043443 0.6756699232956425
0 0.363556338028169 0.7188967136150235 0.429417448794882 0.7595546380788644
0 0.14040492957746478 0.7365023474178404 0.3370860893795874 0.7665865596552712
0 0.05897887323943662 0.6848591549295775 0.05895291422832772 0.6844572422799708
0 0.05237676056338028 0.6836854460093896 0.13466004543989288 0.7349274146443607
0 0.0048415492957746475 0.5481220657276995 0.14920561551527475 0.5994435903370142
0 0.04225352112676056 0.2875586854460094 0.13598492362626463 0.32377490687473826
0 0.02244718309859155 0.8814553990610329 0.14919786655673478 0.9648583008221473
0 0.3921654929577465 0.24471830985915494 0.5781724623710573 0.2721568554519606
0 0.613556338028169 0.6584507042253521 0.7453285403441777 0.6874070124975203
0 0.6179577464788732 0.6895539906103286 0.7440061805693315 0.713797210099407
