0 0.335387323943662 0.6220657276995305 0.414905199241222 0.7736959708170777
0 0.26188380281690143 0.13321596244131456 0.37224388917129536 0.32269177466992877
0 0.3886443661971831 0.12793427230046947 0.5033500685007934 0.32210801979325093
0 0.5946302816901409 0.630868544600939 0.7316925042774252 0.7185264855958915
0 0.6386443661971831 0.4137323943661972 0.7594020051205118 0.5578557908483767
0 0.5858274647887324 0.7276995305164319 0.718052012559512 0.8270377350173025
0 0.2658450704225352 0.6214788732394366 0.32690763861337035 0.7478747189711036
0 0.7953345070422535 0.1602112676056338 0.9120619126289427 0.28394353798849437
0 0.7588028169014085 0.6349765258215962 0.8676237663658004 0.7367165630717009
0 0.4630281690140845 0.6115023474178404 0.5768208502777227 0.8200636723313276
0 0.8882042253521126 0.6320422535211268 0.9714400509571514 0.7220469235601402
0 0.2482394366197183 0.4231220657276995 0.3621266551775441 0.5431789189755118
0 0.797975352112676 0.2934272300469484 0.8992966657781194 0.40886535960677994
0 0.3732394366197183 0.3996478873239437 0.49983572207895255 0.5367372958407723
0 0.6470070422535211 0.17370892018779344 0.7475145215483039 0.33557880931913864
0 0.13776408450704225 0.1572769953051643 0.24817880101914305 0.30800629284313075
0 0.5303697183098591 0.16725352112676056 0.6340095203704622 0.33440888877868147
0 0.5387323943661971 0.4242957746478873 0.623882600178536 0.5660655541228592
0 0.1694542253521127 0.6496478873239436 0.22615781064024998 0.7813088920849038
0 0.15272887323943662 0.40082159624413144 0.2292461580663559 0.5484736962463356
0 0.00044014084507042255 0.6431924882629108 0.09859135557181116 0.7695755912627565
0 0.8912852112676056 0.5 0.9868436244668717 0.6041666666666666
0 0.9181338028169014 0.15610328638497653 0.9978353284318587 0.29157505675681633
0 0.7931338028169014 0.517018779342723 0.8764114727980559 0.6217623129229208
0 0.9150528169014085 0.29401408450704225 0.999 0.4176678321100311
0 0.8613556338028169 0.8045774647887324 0.9586877836118826 0.8944808817694901
0 0.6227992957746479 0.8884976525821596 0.7197963031268597 0.9965443088893298
0 0.5057218309859155 0.8896713615023474 0.61509431257439 0.9865670942714188
0 0.7482394366197183 0.9154929577464789 0.8363784157409244 0.999
0 0.7574823943661971 0.812793427230047 0.8491384320447332 0.8933023512750998
0 0.4397007042253521 0.8703051643192489 0.49232407539426704 0.9724939523683572
0 0.3569542253521127 0.8556338028169014 0.42061753775292604 0.999
0 0.1742957746478873 0.9066901408450704 0.24420145432453877 0.9894913790253257
0 0.8692781690140845 0.9336854460093896 0.9608850008058916 0.9912361000903701
0 0.0048415492957746475 0.19190140845070422 0.060297164811049395 0.326178461614759
0 0.0013204225352112676 0.8268779342723005 0.1368832216450109 0.9854302359540655
