0 0.761443661971831 0.0005868544600938967 0.8685028857121603 0.15962406874738258
0 0.29973591549295775 0.3034037558685446 0.3695863838400119 0.47282664098834004
0 0.08758802816901408 0.34976525821596244 0.1636938432974608 0.49157877625691554
0 0.44630281690140844 0.6220657276995305 0.517849338548899 0.7866067689391435
0 0.03433098591549296 0.34330985915492956 0.08141094586887522 0.4839534566554255
0 0.7473591549295775 0.2822769953051643 0.8280161271325134 0.4745996027022857
0 0.534330985915493 0.27875586854460094 0.6194831289674668 0.449953781767286
0 0.5990316901408451 0.6431924882629108 0.6634687360518746 0.7783784081641649
0 0.7381161971830986 0.5592723004694836 0.8280201953357469 0.7772539481804757
0 0.5259683098591549 0.6349765258215962 0.581634697046717 0.7678198494566774
0 0.6738556338028169 0.6543427230046949 0.7307773522738544 0.7848272636602085
0 0.6258802816901409 0.2793427230046948 0.7145132569182702 0.44995343736912874
0 0.18838028169014084 0.29518779342723006 0.2767656776929181 0.4839816973043268
0 0.3221830985915493 0.6719483568075117 0.3801398841995636 0.7783615326544557
0 0.12147887323943662 0.6161971830985915 0.18656625049593334 0.7801548138596839
0 0.3904049295774648 0.6367370892018779 0.4430499978302916 0.7519737458396702
0 0.27420774647887325 0.0017605633802816902 0.348911000111585 0.17077361469285193
0 0.35475352112676056 0.0005868544600938967 0.43778399933048995 0.1578635053671009
0 0.386443661971831 0.25528169014084506 0.5095130089515969 0.4840051163790253
0 0.2601232394366197 0.6731220657276995 0.31150522744743103 0.7830556795388922
0 0.6694542253521126 0.0029342723004694834 0.7457440782458837 0.15962269115475325
0 0.00044014084507042255 0.5956572769953051 0.10695403162814918 0.7737114687341576
0 0.20202464788732394 0.67018779342723 0.2481505173204721 0.7783625658489277
0 0.17341549295774647 0.0029342723004694834 0.2688497290964095 0.16138325453503494
0 0.07394366197183098 0.0011737089201877935 0.1716223839515969 0.1672528323304459
0 0.4454225352112676 0.0005868544600938967 0.540737049940488 0.15199496076616192
0 0.8384683098591549 0.5592723004694836 0.9437330685255901 0.7907516007626353
0 0.8507922535211268 0.33568075117370894 0.9230410245363024 0.4728076990896868
0 0.5523767605633803 0.8767605633802817 0.6150737778342591 0.999
0 0.8428697183098591 0.8785211267605634 0.908079722835251 0.9977238725781922
0 0.7015845070422535 0.8896713615023474 0.7734588096359849 0.999
0 0.6263204225352113 0.8744131455399061 0.6867841899548701 0.9977262833652936
0 0.3076584507042254 0.8802816901408451 0.371783601034021 0.9977228393837201
0 0.46963028169014087 0.8838028169014085 0.5376454092070025 0.999
0 0.3842429577464789 0.9008215962441315 0.45757735785310455 0.999
0 0.061179577464788734 0.9008215962441315 0.11617025546766516 0.999
0 0.230193661971831 0.8720657276995305 0.2978740344797659 0.9977276609579229
0 0.9212147887323944 0.8720657276995305 0.9894712963077762 0.999
0 0.0035211267605633804 0.022300469483568074 0.07438225302519341 0.17956437765875377
0 0.5492957746478874 0.007042253521126761 0.6555680916484825 0.1613808437479336
0 0.8802816901408451 0.002347417840375587 0.9868484675659592 0.16607843461394345
0 0.002640845070422535 0.31866197183098594 0.03256926019143028 0.4792730856972823
0 0.028169014084507043 0.8609154929577465 0.061607319976195195 0.9930393688421609
0 0.7799295774647887 0.8761737089201878 0.835924326770482 0.9959646867905398
