0 0.7865316901408451 0.7059859154929577 0.8821362096434239 0.8710645622561661
0 0.5858274647887324 0.4113849765258216 0.6520308857989486 0.5819182013048557
0 0.41153169014084506 0.6948356807511737 0.4918963328828605 0.8740053781216249
0 0.7394366197183099 0.4078638497652582 0.8121745437413211 0.586028248914457
0 0.6694542253521126 0.40199530516431925 0.7307792895134894 0.581923711675373
0 0.3824823943661972 0.11678403755868545 0.4338105271151557 0.2575605727479116
0 0.40933098591549294 0.38086854460093894 0.494978287418171 0.5807624010888492
0 0.5035211267605634 0.1068075117370892 0.5574368304899822 0.25815328197668014
0 0.3058978873239437 0.6801643192488263 0.4039146576200159 0.8616900444135863
0 0.22887323943661972 0.6913145539906104 0.3079978550882761 0.8511201205669069
0 0.5607394366197183 0.10974178403755869 0.6199116463747272 0.2646069590469263
0 0.5074823943661971 0.40199530516431925 0.5741604390869867 0.5842711295157487
0 0.1681338028169014 0.40199530516431925 0.2582886735022813 0.5836842750556548
0 0.6817781690140845 0.13262910798122066 0.7395766821439199 0.2692883631995415
0 0.6241197183098591 0.7235915492957746 0.6753414966028566 0.8722279392316339
0 0.3283450704225352 0.40316901408450706 0.4039047776978774 0.5731202059776499
0 0.14084507042253522 0.7030516431924883 0.22352955762745488 0.8511132326037603
0 0.2601232394366197 0.40492957746478875 0.3198679035037691 0.5854431164451498
0 0.945862676056338 0.4583333333333333 0.9925414336813131 0.5912803208137715
0 0.19058098591549297 0.09917840375586855 0.25827879358014283 0.26696057605413387
0 0.8785211267605634 0.4336854460093897 0.9340323410533625 0.5731022972734687
0 0.7367957746478874 0.15140845070422534 0.7928095089020036 0.27514588705944587
0 0.31866197183098594 0.14084507042253522 0.3735393213152152 0.2634149970243999
0 0.0528169014084507 0.4278169014084507 0.10737111932156318 0.5748663046353236
0 0.8560739436619719 0.14847417840375587 0.8975105308346558 0.2581288297075095
0 0.125 0.13908450704225353 0.18260343309859156 0.27867424618131326
0 0.6263204225352113 0.11737089201877934 0.6779813730534616 0.26460248187088103
0 0.5563380281690141 0.721244131455399 0.6128713300932355 0.8739898802045449
0 0.5008802816901409 0.7200704225352113 0.552156302692918 0.8751642779210475
0 0.10695422535211267 0.4289906103286385 0.16236489690785558 0.5836684327404175
0 0.02772887323943662 0.6995305164319249 0.0730511756719897 0.8370307919504508
0 0.05765845070422535 0.13086854460093897 0.12497462216078158 0.2728105231545769
0 0.2601232394366197 0.13732394366197184 0.3167869175882761 0.2710461713945646
0 0.4432218309859155 0.12089201877934272 0.492322525602559 0.2669478333223126
0 0.9264964788732394 0.7306338028169014 0.9771450279582424 0.8563787360312107
0 0.8142605633802817 0.4307511737089202 0.8720007655971038 0.5912965075271661
0 0.7913732394366197 0.15610328638497653 0.8456023885389804 0.259298061451652
0 0.9119718309859155 0.09859154929577464 0.9982781814124182 0.26167923031144613
0 0.07790492957746478 0.6965962441314554 0.13068754184437611 0.8411404951618947
0 0.6769366197183099 0.7365023474178404 0.7334168412765324 0.8751546347726421
0 0.053257042253521125 0.9448356807511737 0.11265261573844475 0.999
0 0.7376760563380281 0.7376760563380281 0.784886586242809 0.8692854013753886
0 0.007922535211267605 0.4336854460093897 0.05413383691231899 0.5578440813110274
0 0.0022007042253521128 0.12969483568075119 0.05765748208440786 0.2857220100729573
