0 0.40889084507042256 0.5534037558685446 0.53195031212805 0.595332509532941
0 0.8235035211267606 0.1443661971830986 0.9234931762671097 0.1953378132645639
0 0.20290492957746478 0.7910798122065728 0.3080092848021226 0.8346296479975314
0 0.1329225352112676 0.5557511737089202 0.23893797423626265 0.6017865310013446
0 0.3257042253521127 0.25704225352112675 0.4716876301825034 0.30031863717516366
0 0.6875 0.1414319248826291 0.7875495158450704 0.19475268079525668
0 0.40580985915492956 0.1068075117370892 0.5174270203084705 0.1536931880799665
0 0.20246478873239437 0.3615023474178404 0.30404821092045226 0.417041371861844
0 0.2658450704225352 0.10446009389671361 0.37532313157111685 0.15017343891203244
0 0.4845950704225352 0.8045774647887324 0.5829733296344971 0.861617032004232
0 0.2746478873239437 0.5504694835680751 0.3717981303312835 0.6000290672044788
0 0.4867957746478873 0.7147887323943662 0.5785709525639754 0.7566227765654964
0 0.14348591549295775 0.4847417840375587 0.24289459246677245 0.5343399402675836
0 0.2711267605633803 0.05516431924882629 0.3814827787145408 0.09855917586898542
0 0.6725352112676056 0.0892018779342723 0.7959187785161674 0.13375046838149396
0 0.7403169014084507 0.2564553990610329 0.770360776011704 0.43646921631510505
0 0.764524647887324 0.5745305164319249 0.8214064592218806 0.6563529750490423
0 0.04401408450704225 0.3744131455399061 0.150948937462805 0.42114177632303995
0 0.503080985915493 0.3644366197183099 0.6467856157632415 0.4317110113734048
0 0.34683098591549294 0.7400234741784038 0.45627340185479076 0.7818427092287686
0 0.6875 0.556924882629108 0.7492572623239436 0.6270205839890675
0 0.6012323943661971 0.7306338028169014 0.6960381899672684 0.7824350740593797
0 0.1153169014084507 0.09330985915492958 0.2094562865750843 0.14431143787608278
0 0.40536971830985913 0.6120892018779343 0.5297511576944058 0.6522229523463158
0 0.8362676056338029 0.3333333333333333 0.9419734737651259 0.37597809076682315
0 0.2125880281690141 0.7083333333333334 0.3150472763960524 0.7589739827856026
0 0.19718309859154928 0.29518779342723006 0.30273011307280306 0.34548404472216715
0 0.2706866197183099 0.4935446009389671 0.37752170483287045 0.5355084832154113
0 0.4084507042253521 0.04460093896713615 0.5086230410632812 0.09210997597478454
0 0.051056338028169015 0.6883802816901409 0.17735428858361438 0.7255349880975996
0 0.3371478873239437 0.3515258215962441 0.45495724124677644 0.3988547383676078
0 0.320862676056338 0.3004694835680751 0.4659679301601865 0.33843869161762435
0 0.8160211267605634 0.07570422535211267 0.9199753428139259 0.12319500925742247
0 0.055897887323943664 0.31690140845070425 0.1641479322679032 0.36307693579316275
0 0.8279049295774648 0.2658450704225352 0.9406567319852212 0.30735572472393047
0 0.07174295774647887 0.7359154929577465 0.18042616947282283 0.7789108477154004
0 0.017605633802816902 0.10093896713615023 0.09550281442174172 0.16132574004276048
0 0.4925176056338028 0.32335680751173707 0.6340261806313231 0.36072572957305654
0 0.7231514084507042 0.7230046948356808 0.8324281904012101 0.7777447155546738
0 0.8525528169014085 0.4025821596244131 0.9828994045700257 0.44635998699552554
0 0.8433098591549296 0.7294600938967136 0.9287661488295973 0.8176470304613283
0 0.6038732394366197 0.7963615023474179 0.69867787269391 0.8487110554563688
0 0.06998239436619719 0.7881455399061033 0.18262764859402897 0.8275891164671912
0 0.733274647887324 0.8221830985915493 0.8509096502430074 0.8792123338623289
0 0.34903169014084506 0.8098591549295775 0.45759285577018444 0.8528111155194075
0 0.07922535211267606 0.9436619718309859 0.21299329870065462 0.9918170997817893
0 0.41153169014084506 0.92018779342723 0.5438329526011704 0.978333223125923
0 0.4863556338028169 0.7634976525821596 0.5763704420625868 0.8164533464480151
0 0.08714788732394366 0.8879107981220657 0.2046271356129736 0.9226009913156561
0 0.23283450704225353 0.9019953051643192 0.3467285059388018 0.999
0 0.7055457746478874 0.9424882629107981 0.8179112914724261 0.9894703707377285
0 0.5576584507042254 0.9419014084507042 0.6643672277945845 0.9841890249950406
0 0.7090669014084507 0.9184272300469484 0.8170294599905772 0.9560337868368269
0 0.8556338028169014 0.9454225352112676 0.984658611882563 0.9912292121272235
0 0.05985915492957746 0.27699530516431925 0.1799912591747669 0.3120440168396923
0 0.721830985915493 0.7805164319248826 0.8429921518547907 0.8140959410610769
0 0.948943661971831 0.7464788732394366 0.9934203593037095 0.8481534748396482
