0 0.7893926056338029 0.38380281690140844 0.18265845070422534 0.036384976525821594
0 0.7449383802816901 0.27875586854460094 0.1192781690140845 0.017605633802816902
0 0.3956866197183099 0.5404929577464789 0.13996478873239437 0.057511737089201875
0 0.6128961267605634 0.2916666666666667 0.09727112676056338 0.10328638497652583
0 0.48151408450704225 0.3908450704225352 0.136443661971831 0.06338028169014084
0 0.4883362676056338 0.289612676056338 0.13776408450704225 0.09213615023474178
0 0.7548415492957746 0.8397887323943662 0.11707746478873239 0.11854460093896714
0 0.6265404929577465 0.4069835680751174 0.11223591549295775 0.09800469483568075
0 0.3246038732394366 0.8283450704225352 0.09463028169014084 0.1414319248826291
0 0.23789612676056338 0.2623239436619718 0.10607394366197183 0.0528169014084507
0 0.35255281690140844 0.2705399061032864 0.09242957746478873 0.05985915492957746
0 0.3514524647887324 0.38761737089201875 0.08846830985915492 0.051056338028169015
0 0.08626760563380281 0.8218896713615024 0.14524647887323944 0.04870892018779343
0 0.7387764084507042 0.5586854460093896 0.12720070422535212 0.07746478873239436
0 0.05765845070422535 0.4920774647887324 0.09066901408450705 0.058098591549295774
0 0.06778169014084508 0.6109154929577465 0.10475352112676056 0.0539906103286385
0 0.2106073943661972 0.8386150234741784 0.10783450704225352 0.1267605633802817
0 0.5684419014084507 0.6235328638497653 0.13424295774647887 0.041666666666666664
0 0.5783450704225352 0.517018779342723 0.1382042253521127 0.04342723004694836
0 0.22359154929577466 0.6428990610328639 0.1522887323943662 0.09330985915492958
0 0.04863556338028169 0.35093896713615025 0.07702464788732394 0.07042253521126761
0 0.07680457746478873 0.7708333333333334 0.13776408450704225 0.056924882629107984
0 0.784330985915493 0.42077464788732394 0.15933098591549297 0.008215962441314555
0 0.21720950704225353 0.5352112676056338 0.1386443661971831 0.07042253521126761
0 0.9198943661971831 0.7467723004694836 0.07658450704225352 0.05927230046948357
0 0.4410211267605634 0.846830985915493 0.09154929577464789 0.1255868544600939
0 0.07592429577464789 0.8905516431924883 0.12367957746478873 0.056924882629107984
0 0.6349031690140845 0.8609154929577465 0.11751760563380281 0.13849765258215962
0 0.1637323943661972 0.07394366197183098 0.11971830985915492 0.14553990610328638
0 0.316681338028169 0.0806924882629108 0.13952464788732394 0.10269953051643192
0 0.6023327464788732 0.08039906103286384 0.09463028169014084 0.15258215962441316
0 0.7084066901408451 0.0818661971830986 0.10871478873239436 0.14964788732394366
0 0.8490316901408451 0.07071596244131455 0.10475352112676056 0.1402582159624413
0 0.05215669014084507 0.25880281690140844 0.09463028169014084 0.07511737089201878
0 0.2462588028169014 0.3277582159624413 0.12455985915492958 0.07453051643192488
0 0.7480193661971831 0.30721830985915494 0.13952464788732394 0.031103286384976527
0 0.7508802816901409 0.3306924882629108 0.136443661971831 0.02171361502347418
0 0.7695862676056338 0.44571596244131456 0.16505281690140844 0.03227699530516432
0 0.7506602112676056 0.6343896713615024 0.1738556338028169 0.028169014084507043
0 0.38974471830985913 0.6408450704225352 0.1694542253521127 0.09976525821596244
0 0.7304137323943662 0.6828051643192489 0.1113556338028169 0.04870892018779343
0 0.9214348591549296 0.545481220657277 0.028609154929577465 0.1613849765258216
0 0.9691901408450704 0.5425469483568075 0.04753521126760563 0.13791079812206572
0 0.9658890845070423 0.32365023474178406 0.06734154929577464 0.1742957746478873
0 0.9163732394366197 0.8764671361502347 0.10651408450704225 0.08039906103286384
0 0.043133802816901406 0.06073943661971831 0.07482394366197183 0.11326291079812206
0 0.5268485915492958 0.8544600938967136 0.06073943661971831 0.13028169014084506
