0 0.5398327464788732 0.215962441314554 0.08934859154929578 0.2312206572769953
0 0.4212147887323944 0.22036384976525822 0.0994718309859155 0.22359154929577466
0 0.3017165492957746 0.22065727699530516 0.10871478873239436 0.20422535211267606
0 0.6643926056338029 0.22359154929577466 0.10783450704225352 0.2136150234741784
0 0.6527288732394366 0.5783450704225352 0.0880281690140845 0.22359154929577466
0 0.7695862676056338 0.5774647887323944 0.09991197183098592 0.18779342723004694
0 0.18243838028169015 0.5269953051643192 0.09727112676056338 0.18896713615023475
0 0.3069982394366197 0.5619131455399061 0.10871478873239436 0.22476525821596244
0 0.4161531690140845 0.5625 0.08318661971830986 0.18720657276995306
0 0.0820862676056338 0.22857981220657278 0.10607394366197183 0.1965962441314554
0 0.19476232394366197 0.22740610328638497 0.08230633802816902 0.17194835680751175
0 0.2460387323943662 0.8333333333333334 0.0528169014084507 0.13145539906103287
0 0.06602112676056338 0.5580985915492958 0.11795774647887323 0.17488262910798122
0 0.9132922535211268 0.2353286384976526 0.10475352112676056 0.20422535211267606
0 0.7878521126760564 0.22975352112676056 0.09330985915492958 0.22007042253521128
0 0.9540052816901409 0.590669014084507 0.09198943661971831 0.20129107981220656
0 0.5944102112676056 0.8770539906103286 0.09022887323943662 0.18720657276995306
0 0.7326144366197183 0.8882042253521126 0.09639084507042253 0.15669014084507044
0 0.8501320422535211 0.8899647887323944 0.09110915492957747 0.15082159624413147
0 0.32504401408450706 0.8650234741784038 0.09110915492957747 0.16784037558685447
0 0.08604753521126761 0.8430164319248826 0.05941901408450704 0.11561032863849766
0 0.17121478873239437 0.8280516431924883 0.06426056338028169 0.11737089201877934
0 0.4685299295774648 0.8879107981220657 0.08582746478873239 0.1467136150234742
0 0.023987676056338027 0.8339201877934272 0.04709507042253521 0.142018779342723
