0 0.4766725352112676 0.1596244131455399 0.5948606194827415 0.344389891776323
0 0.7249119718309859 0.49061032863849763 0.8504731901532434 0.6405571535630056
0 0.8441901408450704 0.18368544600938966 0.9234840712408252 0.375479057836849
0 0.4198943661971831 0.4618544600938967 0.5975264549444554 0.526137409354405
0 0.7024647887323944 0.13497652582159625 0.8187929292303114 0.35203346448015166
0 0.2363556338028169 0.45422535211267606 0.3973431533301924 0.49855972690603717
0 0.24867957746478872 0.5176056338028169 0.39425674314372144 0.5601422502149044
0 0.12411971830985916 0.2875586854460094 0.1993291726591946 0.46638054067755513
0 0.17693661971830985 0.8028169014084507 0.28865451733287045 0.8592706473583284
0 0.41813380281690143 0.5446009389671361 0.5953265256149572 0.6129433093081179
0 0.05149647887323944 0.2916666666666667 0.1135336723244396 0.4528804773082942
0 0.24735915492957747 0.6150234741784038 0.39557774685082325 0.6440052679142146
0 0.6131161971830986 0.17312206572769953 0.684589297448423 0.35611905982058234
0 0.3331866197183099 0.2153755868544601 0.43163151997371557 0.3666576434349446
0 0.025528169014084508 0.04518779342723005 0.16636200344673677 0.19187488979258968
0 0.6060739436619719 0.7863849765258216 0.7088001435107121 0.8880361590513346
0 0.6003521126760564 0.4272300469483568 0.7242075914997024 0.6376600762635279
0 0.3204225352112676 0.7664319248826291 0.43823925064471336 0.813517352156759
0 0.6131161971830986 0.6971830985915493 0.7202407058991273 0.7812809958341599
0 0.3362676056338028 0.11150234741784038 0.44043298080737947 0.18831484604024773
0 0.21390845070422534 0.20187793427230047 0.30844458254810553 0.37546838149397166
0 0.7372359154929577 0.7136150234741784 0.8258198785583218 0.841130507615332
0 0.00044014084507042255 0.7834507042253521 0.14128501754364214 0.8704322472393045
0 0.4647887323943662 0.7130281690140845 0.5490912021424321 0.8804501008397805
0 0.1857394366197183 0.8832159624413145 0.282928811867685 0.9302328544821354
0 0.3085387323943662 0.8421361502347418 0.43296279105088276 0.8844823144658247
0 0.1813380281690141 0.7517605633802817 0.2811701857270383 0.8047231452092839
0 0.9000880281690141 0.8145539906103286 0.9850791866073199 0.9285125856862615
0 0.19410211267605634 0.007629107981220657 0.3445448494222376 0.05281242423240539
0 0.36223591549295775 0.008802816901408451 0.4734321144738148 0.05105117205580903
0 0.5352112676056338 0.0005868544600938967 0.6269651358857369 0.05399026593048117
0 0.6320422535211268 0.008802816901408451 0.7866936433743305 0.029337557032334854
0 0.032130281690140844 0.545774647887324 0.08273233702390399 0.6845388646432586
0 0.002640845070422535 0.31396713615023475 0.04225235878297957 0.45756222585906675
