0 0.7378961267605634 0.36502347417840375 0.12455985915492958 0.19718309859154928
0 0.2110475352112676 0.36971830985915494 0.10431338028169014 0.14084507042253522
0 0.25440140845070425 0.8518192488262911 0.056338028169014086 0.14730046948356806
0 0.7249119718309859 0.6461267605633803 0.1311619718309859 0.1772300469483568
0 0.5913292253521126 0.6153169014084507 0.11223591549295775 0.13908450704225353
0 0.4588468309859155 0.35357981220657275 0.12544014084507044 0.19072769953051644
0 0.3455105633802817 0.3659037558685446 0.09154929577464789 0.15434272300469484
0 0.2169894366197183 0.6669600938967136 0.14524647887323944 0.0733568075117371
0 0.2106073943661972 0.5921361502347418 0.1307218309859155 0.06572769953051644
0 0.6223591549295775 0.09008215962441314 0.13204225352112675 0.16842723004694835
0 0.6005721830985915 0.36120892018779344 0.12720070422535212 0.20129107981220656
0 0.46192781690140844 0.625 0.10255281690140845 0.18192488262910797
0 0.1956426056338028 0.12001173708920188 0.10079225352112677 0.11443661971830986
0 0.7524207746478874 0.11267605633802817 0.10255281690140845 0.13262910798122066
0 0.3578345070422535 0.6214788732394366 0.08450704225352113 0.17370892018779344
0 0.3047975352112676 0.09976525821596244 0.08670774647887323 0.11150234741784038
0 0.9275968309859155 0.6528755868544601 0.10431338028169014 0.06396713615023474
0 0.9293573943661971 0.7221244131455399 0.12720070422535212 0.03697183098591549
0 0.5871478873239436 0.8659037558685446 0.11883802816901408 0.1402582159624413
0 0.4198943661971831 0.8612089201877934 0.09859154929577464 0.14612676056338028
0 0.7304137323943662 0.8796948356807511 0.11399647887323944 0.15375586854460094
0 0.8840228873239436 0.9216549295774648 0.08582746478873239 0.06866197183098592
0 0.8776408450704225 0.8389084507042254 0.0625 0.05575117370892019
0 0.9652288732394366 0.9066901408450704 0.040492957746478875 0.09976525821596244
0 0.042473591549295774 0.3615023474178404 0.07702464788732394 0.1596244131455399
0 0.11817781690140845 0.3826291079812207 0.06382042253521127 0.15845070422535212
0 0.41923415492957744 0.09008215962441314 0.06734154929577464 0.15434272300469484
0 0.515625 0.08714788732394366 0.07702464788732394 0.14847417840375587
0 0.9621478873239436 0.4298708920187793 0.07042253521126761 0.03814553990610329
0 0.9652288732394366 0.47417840375586856 0.06954225352112677 0.03873239436619718
0 0.06998239436619719 0.607981220657277 0.06602112676056338 0.18896713615023475
0 0.1837588028169014 0.846244131455399 0.06029929577464789 0.11737089201877934
0 0.035651408450704226 0.8330399061032864 0.06602112676056338 0.1449530516431925
