0 0.4234154929577465 0.17018779342723006 0.48748969388514185 0.34497054706958497
0 0.5158450704225352 0.17018779342723006 0.5860405611485816 0.3614024719522141
0 0.6668133802816901 0.1772300469483568 0.7369424236882564 0.373135428376204
0 0.15360915492957747 0.20715962441314553 0.19799577061842888 0.33908030538473405
0 0.7429577464788732 0.20833333333333334 0.7914863742313033 0.3607932316118936
0 0.5994718309859155 0.18427230046948356 0.6555460071166435 0.37137073221803435
0 0.5752640845070423 0.7300469483568075 0.6995707464416782 0.7947593621195089
0 0.09903169014084508 0.1942488262910798 0.1496042994321563 0.3191348305010029
0 0.20422535211267606 0.2112676056338028 0.25211081630628845 0.33849104013753883
0 0.45598591549295775 0.7194835680751174 0.5684612738048007 0.7930049979060593
0 0.2592429577464789 0.20657276995305165 0.3027027979939496 0.3490571756044877
0 0.022887323943661973 0.15316901408450703 0.08713781367784171 0.3062481402499504
0 0.33274647887323944 0.176056338028169 0.39289931933148187 0.3355774317265093
0 0.9322183098591549 0.7816901408450704 0.9987094109551675 0.9003628578985651
0 0.7279929577464789 0.5886150234741784 0.8231831016911327 0.6275888409486654
0 0.36311619718309857 0.4471830985915493 0.4795936988568737 0.5009112775243008
0 0.48547535211267606 0.5252347417840375 0.5935363224682603 0.6305603082501268
0 0.5008802816901409 0.45481220657276994 0.6120154576224955 0.5114701806299455
0 0.6139964788732394 0.5475352112676056 0.7083565156342987 0.6205706952985519
0 0.34991197183098594 0.5410798122065728 0.4738776795898631 0.6199876292181886
0 0.2539612676056338 0.7447183098591549 0.3696065311322158 0.8370042732923362
0 0.8177816901408451 0.00528169014084507 0.8680379481997619 0.06689830886728823
0 0.07878521126760564 0.4841549295774648 0.16897940791757587 0.5237769043840508
0 0.7601232394366197 0.0035211267605633804 0.8126055795601071 0.06455192422138464
0 0.8648767605633803 0.2130281690140845 0.9586862338201746 0.37252756562851286
0 0.8067781690140845 0.22593896713615025 0.8486765941157509 0.36019604520707976
0 0.7174295774647887 0.5193661971830986 0.8174659200803411 0.5665966160814653
0 0.9352992957746479 0.6173708920187794 0.999 0.6692386321056228
0 0.8120598591549296 0.744131455399061 0.9045721567521325 0.7853614252022305
0 0.45598591549295775 0.8098591549295775 0.566700710424519 0.8651350591813793
0 0.570862676056338 0.812793427230047 0.6815269090334259 0.8721755907117195
0 0.01584507042253521 0.8879107981220657 0.07833809635984924 0.9877418363860786
0 0.1624119718309859 0.7353286384976526 0.2336433045898631 0.7924088446957174
0 0.1153169014084507 0.8961267605633803 0.1724844555891688 0.9783473434503736
0 0.6923415492957746 0.8022300469483568 0.7875473848814719 0.8557498649959223
0 0.804137323943662 0.8280516431924883 0.9168995874454474 0.9085516128854504
0 0.38380281690140844 0.7059859154929577 0.45229586143622297 0.8440692570918469
0 0.058538732394366196 0.738849765258216 0.1465411361213053 0.8258574825321254
0 0.17825704225352113 0.9072769953051644 0.26400604883703627 0.999
0 0.2460387323943662 0.5522300469483568 0.3326381871776433 0.6305444659348894
0 0.05765845070422535 0.5463615023474179 0.15578448131571115 0.6047263136723313
0 0.18705985915492956 0.5252347417840375 0.2367134419634001 0.5865462237430845
0 0.00044014084507042255 0.528169014084507 0.057658256980261856 0.6153003702968987
0 0.0035211267605633804 0.44072769953051644 0.07658295725054552 0.5161732818664727
0 0.8371478873239436 0.596244131455399 0.9195259032186074 0.6680773215190989
0 0.8327464788732394 0.5134976525821596 0.9146862911624678 0.5671869145231325
0 0.9242957746478874 0.5146713615023474 0.9916706444653839 0.5671862257268179
0 0.0013204225352112676 0.7200704225352113 0.06602054558867289 0.809436578390531
