0 0.6283010563380281 0.8107394366197183 0.09551056338028169 0.1437793427230047
0 0.6340228873239436 0.5768779342723005 0.08318661971830986 0.14553990610328638
0 0.7546214788732394 0.5721830985915493 0.09991197183098592 0.1443661971830986
0 0.43485915492957744 0.3392018779342723 0.14612676056338028 0.06690140845070422
0 0.4119718309859155 0.1675469483568075 0.1892605633802817 0.04636150234741784
0 0.6331426056338029 0.3799882629107981 0.16153169014084506 0.1273474178403756
0 0.6243397887323944 0.2007042253521127 0.1738556338028169 0.062206572769953054
0 0.6274207746478874 0.1352699530516432 0.15272887323943662 0.0534037558685446
0 0.5305897887323944 0.5783450704225352 0.08318661971830986 0.15199530516431925
0 0.2007042253521127 0.5751173708920188 0.06954225352112677 0.13732394366197184
0 0.8996478873239436 0.19307511737089203 0.10123239436619719 0.07042253521126761
0 0.2911531690140845 0.5589788732394366 0.06294014084507042 0.1273474178403756
0 0.4394806338028169 0.5762910798122066 0.07702464788732394 0.1443661971830986
0 0.22513204225352113 0.1643192488262911 0.1624119718309859 0.035211267605633804
0 0.4183538732394366 0.08744131455399061 0.1914612676056338 0.03051643192488263
0 0.7814700704225352 0.142018779342723 0.0840669014084507 0.12910798122065728
0 0.764524647887324 0.8133802816901409 0.11355633802816902 0.16901408450704225
0 0.22161091549295775 0.11737089201877934 0.1624119718309859 0.035211267605633804
0 0.05413732394366197 0.11150234741784038 0.061619718309859156 0.11150234741784038
0 0.23085387323943662 0.21654929577464788 0.14656690140845072 0.03286384976525822
0 0.24515845070422534 0.30134976525821594 0.20774647887323944 0.04870892018779343
0 0.4480633802816901 0.42282863849765256 0.1522887323943662 0.04284037558685446
0 0.9119718309859155 0.6983568075117371 0.11267605633802817 0.1443661971830986
0 0.887544014084507 0.47476525821596244 0.08494718309859155 0.12441314553990611
0 0.9773327464788732 0.4794600938967136 0.050616197183098594 0.11032863849765258
0 0.7764084507042254 0.35768779342723006 0.08274647887323944 0.10035211267605634
0 0.40360915492957744 0.7995892018779343 0.08714788732394366 0.1402582159624413
0 0.5143045774647887 0.8086854460093896 0.08494718309859155 0.13497652582159625
0 0.30963908450704225 0.7995892018779343 0.08582746478873239 0.13321596244131456
0 0.20796654929577466 0.7981220657276995 0.06294014084507042 0.11737089201877934
0 0.40008802816901406 0.9700704225352113 0.07306338028169014 0.05046948356807512
0 0.4900968309859155 0.9688967136150235 0.058538732394366196 0.045774647887323945
0 0.30875880281690143 0.971244131455399 0.061179577464788734 0.04812206572769953
0 0.9438820422535211 0.9172535211267606 0.10871478873239436 0.13849765258215962
0 0.426056338028169 0.12764084507042253 0.1892605633802817 0.03814553990610329
0 0.2286531690140845 0.3541666666666667 0.16857394366197184 0.02523474178403756
0 0.2304137323943662 0.3893779342723005 0.17825704225352113 0.03345070422535211
0 0.23415492957746478 0.4289906103286385 0.17253521126760563 0.02464788732394366
0 0.41571302816901406 0.21097417840375587 0.2011443661971831 0.03814553990610329
0 0.8525528169014085 0.9404342723004695 0.06073943661971831 0.10856807511737089
0 0.7431778169014085 0.9788732394366197 0.07526408450704225 0.04225352112676056
0 0.03455105633802817 0.8368544600938967 0.05501760563380282 0.14788732394366197
0 0.027948943661971832 0.6343896713615024 0.050616197183098594 0.1807511737089202
0 0.355193661971831 0.602406103286385 0.04753521126760563 0.12617370892018778
