0 0.17913732394366197 0.6103286384976526 0.25564298533277124 0.7179516850713042
0 0.8912852112676056 0.24706572769953053 0.9806816526358857 0.4059582947607397
0 0.582306338028169 0.5815727699530516 0.6621556750272762 0.7338136310035487
0 0.4898767605633803 0.5710093896713615 0.5666857936793295 0.7238433043487844
0 0.6892605633802817 0.5985915492957746 0.7677424029210475 0.7455407326588639
0 0.3727992957746479 0.6056338028169014 0.48311056369024 0.7302783839185346
0 0.3701584507042254 0.1449530516431925 0.4888335570199366 0.26693371299786195
0 0.772887323943662 0.596244131455399 0.8574943277623487 0.7349787299698031
0 0.2425176056338028 0.15023474178403756 0.3511256524623091 0.24110901717031452
0 0.2539612676056338 0.2834507042253521 0.3621241367660186 0.38070220029094753
0 0.8067781690140845 0.24647887323943662 0.8913702560875818 0.4088929114593665
0 0.6672535211267606 0.45598591549295775 0.7576288496826027 0.5689812289228328
0 0.7064260563380281 0.2505868544600939 0.7989848476864709 0.4077167917520774
0 0.2566021126760563 0.6220657276995305 0.35464058005604043 0.721465923868721
0 0.037852112676056336 0.48884976525821594 0.1254234805842095 0.5936098299499658
0 0.4942781690140845 0.21244131455399062 0.5790078001016664 0.40011006965108337
0 0.032130281690140844 0.607981220657277 0.14039078772812935 0.7185399171240275
0 0.5915492957746479 0.22065727699530516 0.6564297758381273 0.35491745464965063
0 0.3732394366197183 0.2857981220657277 0.480469524895854 0.38422194945888166
0 0.1914612676056338 0.49471830985915494 0.265760800498413 0.5936063859683924
0 0.2460387323943662 0.07863849765258216 0.3581663561917278 0.12964868632766868
0 0.8661971830985915 0.5815727699530516 0.9305166385637771 0.7056446169190417
0 0.6976232394366197 0.09213615023474178 0.7910661869544734 0.22999287784610636
0 0.9449823943661971 0.5956572769953051 0.9951826661996629 0.7073969147435474
0 0.6703345070422535 0.7922535211267606 0.7519056626289427 0.8410843582622496
0 0.03345070422535211 0.267018779342723 0.11838316430271771 0.38423297019991626
0 0.7632042253521126 0.8063380281690141 0.8438542234923626 0.8539868908285393
0 0.9075704225352113 0.7852112676056338 0.9859561749900814 0.8575204159227666
0 0.5743838028169014 0.8849765258215962 0.6436732465656615 0.9918515395975225
0 0.48899647887323944 0.875 0.5609643501413409 0.9900968309859155
0 0.6659330985915493 0.8867370892018779 0.7444252055023804 0.9906767974828627
0 0.8494718309859155 0.8832159624413145 0.9129183662715732 0.9930262817121823
0 0.198943661971831 0.8879107981220657 0.27544060578258284 0.9836338551654213
0 0.3904049295774648 0.7816901408450704 0.47914154712606627 0.8416774118891754
0 0.7640845070422535 0.9008215962441315 0.8363714416782384 0.9847999873261477
0 0.36399647887323944 0.8937793427230047 0.46902993112725644 0.9830435567237541
0 0.2913732394366197 0.7852112676056338 0.37135062797560003 0.8358068008992924
0 0.07086267605633803 0.8943661971830986 0.1637012048080738 0.987738048006348
0 0.2869718309859155 0.9014084507042254 0.3616694666236858 0.9730625537261126
0 0.9278169014084507 0.8873239436619719 0.999 0.9912633075447993
0 0.883362676056338 0.09330985915492958 0.9776041537517357 0.23996871487138793
0 0.1800176056338028 0.272887323943662 0.23583625985667528 0.39714032434040863
0 0.3855633802816901 0.08509389671361503 0.49102748090656617 0.1349265880887831
0 0.7715669014084507 0.5193661971830986 0.8548540638638167 0.5765731419030615
0 0.00044014084507042255 0.8902582159624414 0.057658256980261856 0.999
0 0.002640845070422535 0.7775821596244131 0.06029813343086689 0.8851070527232251
0 0.6615316901408451 0.840962441314554 0.7505891145730014 0.8909384023231722
0 0.7566021126760564 0.8532863849765259 0.8456176927320967 0.8956260056426194
0 0.8503521126760564 0.7869718309859155 0.911597556288435 0.8604536550287641
