0 0.6734154929577465 0.30927230046948356 0.8645803628992264 0.3806870467720249
0 0.13732394366197184 0.10504694835680752 0.25037969896845863 0.19301347010072958
0 0.704225352112676 0.3873239436619718 0.8764506050386828 0.4528243404086491
0 0.09639084507042253 0.3761737089201878 0.2297110955787542 0.4422675036919482
0 0.6544894366197183 0.16549295774647887 0.8249760169733188 0.217625884414468
0 0.7002640845070423 0.29225352112676056 0.8474030527797064 0.3360960953514514
0 0.3221830985915493 0.5088028169014085 0.4215131236361833 0.6270488246379686
0 0.514524647887324 0.4061032863849765 0.6476608606303312 0.4463579206065816
0 0.6540492957746479 0.5463615023474179 0.832018464218409 0.6170502573343031
0 0.14788732394366197 0.7752347417840375 0.28338561297361636 0.8457891814895634
0 0.29577464788732394 0.0534037558685446 0.400397986510613 0.11088415272542926
0 0.0013204225352112676 0.7247652582159625 0.13600293995487006 0.8141286588860235
0 0.5180457746478874 0.33039906103286387 0.6511804375991866 0.3718718315369526
0 0.10783450704225352 0.49765258215962443 0.18745253762894268 0.6100365888602349
0 0.5162852112676056 0.11326291079812206 0.6269734660161674 0.1577973809208931
0 0.2051056338028169 0.5041079812206573 0.2736773302668121 0.6423097957856686
0 0.5162852112676056 0.16314553990610328 0.6230121984105337 0.20178219158456215
0 0.17077464788732394 0.6883802816901409 0.2701713139754017 0.7360983683792899
0 0.5140845070422535 0.2805164319248826 0.6388582374528863 0.32553960303290796
0 0.8490316901408451 0.6068075117370892 0.9661756022490577 0.6492917796292623
0 0.13204225352112675 0.06103286384976526 0.2565439954870065 0.1179219290705107
0 0.3926056338028169 0.3427230046948357 0.4791405785062488 0.40883643016156407
0 0.30985915492957744 0.3485915492957746 0.37046220987899225 0.4264386199828077
0 0.8543133802816901 0.5674882629107981 0.964412714181214 0.6082350420992307
0 0.03345070422535211 0.4953051643192488 0.08845358683792899 0.5619159007251647
0 0.15933098591549297 0.26467136150234744 0.25433128037591746 0.3232014839427803
0 0.6606514084507042 0.1056338028169014 0.8144099245561396 0.1642572571579713
0 0.40713028169014087 0.1273474178403756 0.48617643913658004 0.17011305902708898
0 0.4432218309859155 0.5387323943661971 0.5997168917997421 0.6328998049328837
0 0.8301056338028169 0.07629107981220658 0.9824691436470938 0.1302369183803919
0 0.903169014084507 0.3538732394366197 0.9925602249057727 0.39122425279375783
0 0.9185739436619719 0.40375586854460094 0.9969548530177543 0.45750953294099495
0 0.9018485915492958 0.2963615023474178 0.9952016511480857 0.336680539024444
0 0.8591549295774648 0.17018779342723006 0.9789352311049395 0.2152757113888338
0 0.6949823943661971 0.7224178403755869 0.8364018563405078 0.7912427125349909
0 0.4220950704225352 0.8192488262910798 0.5411874581556239 0.8657164032709559
0 0.3485915492957746 0.755868544600939 0.5011669931561198 0.8152841147038727
0 0.9071302816901409 0.8198356807511737 0.999 0.8915376551169301
0 0.5220070422535211 0.6954225352112676 0.674946299717318 0.7607421229253455
0 0.04137323943661972 0.17018779342723006 0.16767545191926206 0.2123414390883643
0 0.6575704225352113 0.04107981220657277 0.7065767735816306 0.11265194846701493
0 0.7376760563380281 0.04988262910798122 0.7725626425808372 0.11851532709559391
