0 0.9579665492957746 0.5108568075117371 0.0743838028169014 0.13556338028169015
0 0.8613556338028169 0.2778755868544601 0.09154929577464789 0.13673708920187794
0 0.9590669014084507 0.27875586854460094 0.07306338028169014 0.1643192488262911
0 0.4253961267605634 0.48884976525821594 0.17825704225352113 0.046948356807511735
0 0.4240757042253521 0.5434272300469484 0.18265845070422534 0.04812206572769953
0 0.46566901408450706 0.3089788732394366 0.13380281690140844 0.041666666666666664
0 0.8514524647887324 0.4982394366197183 0.08758802816901408 0.13849765258215962
0 0.49889964788732394 0.7570422535211268 0.12191901408450705 0.06103286384976526
0 0.6529489436619719 0.5088028169014085 0.055897887323943664 0.12441314553990611
0 0.7506602112676056 0.5082159624413145 0.08230633802816902 0.13732394366197184
0 0.21852992957746478 0.7051056338028169 0.08142605633802817 0.09917840375586855
0 0.7169894366197183 0.6960093896713615 0.1311619718309859 0.062206572769953054
0 0.2462588028169014 0.5196596244131455 0.11575704225352113 0.0534037558685446
0 0.47997359154929575 0.2590962441314554 0.1324823943661972 0.04401408450704225
0 0.6098151408450704 0.060152582159624414 0.1324823943661972 0.04988262910798122
0 0.25308098591549294 0.4169600938967136 0.12147887323943662 0.052230046948356805
0 0.5096830985915493 0.6801643192488263 0.11443661971830986 0.0528169014084507
0 0.7244718309859155 0.76731220657277 0.12059859154929578 0.056924882629107984
0 0.11993838028169014 0.704518779342723 0.058538732394366196 0.08626760563380281
0 0.12191901408450705 0.27875586854460094 0.1056338028169014 0.04225352112676056
0 0.6672535211267606 0.295481220657277 0.05545774647887324 0.07453051643192488
0 0.11619718309859155 0.517018779342723 0.11267605633802817 0.06338028169014084
0 0.1311619718309859 0.2238849765258216 0.09859154929577464 0.041666666666666664
0 0.25704225352112675 0.2819835680751174 0.06954225352112677 0.0710093896713615
0 0.4005281690140845 0.013497652582159625 0.10475352112676056 0.025821596244131457
0 0.2048855633802817 0.8418427230046949 0.11487676056338028 0.04870892018779343
0 0.6106954225352113 0.272593896713615 0.04621478873239437 0.0886150234741784
0 0.09066901408450705 0.05985915492957746 0.14084507042253522 0.035211267605633804
0 0.9625880281690141 0.05076291079812206 0.0801056338028169 0.07453051643192488
0 0.957306338028169 0.7036384976525821 0.06778169014084508 0.07394366197183098
0 0.8972271126760564 0.9245892018779343 0.1034330985915493 0.11326291079812206
0 0.8450704225352113 0.046948356807511735 0.1056338028169014 0.06338028169014084
0 0.8538732394366197 0.7247652582159625 0.08450704225352113 0.13732394366197184
0 0.761443661971831 0.2960680751173709 0.08274647887323944 0.10856807511737089
0 0.19212147887323944 0.9228286384976526 0.1307218309859155 0.04401408450704225
0 0.7046654929577465 0.9281103286384976 0.13732394366197184 0.09213615023474178
0 0.3142605633802817 0.8934859154929577 0.06866197183098592 0.11443661971830986
0 0.43221830985915494 0.9102112676056338 0.10299295774647887 0.10211267605633803
0 0.351012323943662 0.7596830985915493 0.10431338028169014 0.04988262910798122
0 0.9537852112676056 0.7881455399061033 0.08538732394366197 0.04929577464788732
0 0.19608274647887325 0.8679577464788732 0.11839788732394366 0.045774647887323945
0 0.2480193661971831 0.04460093896713615 0.16065140845070422 0.03403755868544601
0 0.25704225352112675 0.07541079812206573 0.15404929577464788 0.01936619718309859
0 0.24977992957746478 0.015258215962441314 0.15536971830985916 0.012910798122065728
0 0.43794014084507044 0.05780516431924883 0.18397887323943662 0.02523474178403756
0 0.7339348591549296 0.03433098591549296 0.08054577464788733 0.06044600938967136
0 0.3380281690140845 0.295481220657277 0.06690140845070422 0.09800469483568075
0 0.5732834507042254 0.5067488262910798 0.08054577464788733 0.13673708920187794
0 0.34264964788732394 0.6886737089201878 0.1210387323943662 0.056924882629107984
0 0.5398327464788732 0.9160798122065728 0.08582746478873239 0.13028169014084506
0 0.2438380281690141 0.4671361502347418 0.11003521126760564 0.04342723004694836
