0 0.5387323943661971 0.8884976525821596 0.6111185156714938 0.999
0 0.554137323943662 0.49413145539906106 0.6560061015299544 0.8371513313055169
0 0.659330985915493 0.4970657276995305 0.7668752944604246 0.8459524262161389
0 0.6870598591549296 0.16725352112676056 0.7488173152028368 0.41187367751107584
0 0.20378521126760563 0.5005868544600939 0.28952298186123787 0.8166076368224999
0 0.6254401408450704 0.176056338028169 0.6867845774027971 0.41480278383918534
0 0.43617957746478875 0.20246478873239437 0.4945263294113271 0.4089187413211664
0 0.46346830985915494 0.49119718309859156 0.5508523466946043 0.8330450720756464
0 0.11355633802816902 0.5041079812206573 0.1993338220343186 0.8195398427340255
0 0.3512323943661972 0.1936619718309859 0.42722216884050784 0.40188165377239965
0 0.289612676056338 0.20246478873239437 0.3524253465334259 0.4106793047014481
0 0.559419014084507 0.17018779342723006 0.6251939176874628 0.4136325189005709
0 0.7495598591549296 0.1742957746478873 0.8099693838648085 0.4194986527144085
0 0.3076584507042254 0.4994131455399061 0.3775054320199365 0.7960684195155283
0 0.11575704225352113 0.1936619718309859 0.17644552947083914 0.39718681809164846
0 0.03697183098591549 0.4982394366197183 0.1139802060603055 0.806632488593533
0 0.386443661971831 0.4823943661971831 0.45449540331779414 0.7990126793625603
0 0.22799295774647887 0.1977699530516432 0.2908327495784567 0.3971844073045472
0 0.17517605633802816 0.19483568075117372 0.23363768659492162 0.3930781480746765
0 0.49559859154929575 0.20539906103286384 0.5622818668170998 0.41478556393131877
0 0.8846830985915493 0.5751173708920188 0.9397514599037888 0.7068221142189601
0 0.945862676056338 0.7171361502347418 0.9925414336813131 0.8411284412263881
0 0.7702464788732394 0.49413145539906106 0.8693792929230311 0.8518226928078644
0 0.9436619718309859 0.5704225352112676 0.9859402896250745 0.7079985783244065
0 0.9639084507042254 0.20833333333333334 0.999 0.3003472222222222
0 0.9502640845070423 0.3174882629107981 0.9824162570050585 0.4252831641649584
0 0.8877640845070423 0.7142018779342723 0.9428310897515374 0.8446512899777381
0 0.3842429577464789 0.9107981220657277 0.4430527099657806 0.9982917851396328
0 0.1368838028169014 0.8802816901408451 0.20944679410087286 0.998309693843814
0 0.6232394366197183 0.9019953051643192 0.6920672361634596 0.9953626788115233
0 0.4480633802816901 0.9061032863849765 0.524010535484031 0.9971208314047036
0 0.0488556338028169 0.9254694835680751 0.12805948255554453 0.9941751939650422
0 0.7002640845070423 0.9078638497652582 0.7703784048923824 0.9953592348299499
0 0.29313380281690143 0.9019953051643192 0.36298717702340805 0.999
0 0.21170774647887325 0.8902582159624414 0.2877589314496132 0.999
0 0.0017605633802816902 0.8656103286384976 0.04005204200555445 0.999
0 0.00044014084507042255 0.4677230046948357 0.03433079219152946 0.8007818526967754
0 0.0488556338028169 0.25821596244131456 0.09064751072455862 0.39714893429434195
0 0.002640845070422535 0.2494131455399061 0.025527006670303512 0.3942198279662324
0 0.8345070422535211 0.18192488262910797 0.8605481923229518 0.26808572483413784
0 0.8419894366197183 0.2652582159624413 0.8702279976071216 0.34139362780753374
0 0.8389084507042254 0.3444835680751174 0.862746959308669 0.42350675846943947
0 0.8992077464788732 0.22593896713615025 0.9265408416608807 0.3296796132821971
0 0.9115316901408451 0.3268779342723005 0.9428206286575085 0.42645136271462897
0 0.9423415492957746 0.20657276995305165 0.9617331243180917 0.31384590799885387
0 0.8794014084507042 0.3257042253521127 0.8957397000843086 0.4252783425907558
0 0.8683978873239436 0.18016431924882628 0.8944241206481849 0.25341539652626244
