0 0.5889084507042254 0.30927230046948356 0.12411971830985916 0.16784037558685447
0 0.4392605633802817 0.7881455399061033 0.1698943661971831 0.07276995305164319
0 0.44872359154929575 0.32130281690140844 0.10255281690140845 0.20481220657276994
0 0.5805457746478874 0.5724765258215962 0.1426056338028169 0.17194835680751175
0 0.08450704225352113 0.7359154929577465 0.1382042253521127 0.09741784037558686
0 0.8857834507042254 0.6358568075117371 0.10079225352112677 0.06631455399061033
0 0.7293133802816901 0.5880281690140845 0.1073943661971831 0.176056338028169
0 0.2092869718309859 0.29401408450704225 0.13160211267605634 0.05868544600938967
0 0.40757042253521125 0.573650234741784 0.11707746478873239 0.1637323943661972
0 0.3175616197183099 0.06103286384976526 0.10431338028169014 0.11267605633802817
0 0.3439700704225352 0.3198356807511737 0.08758802816901408 0.20774647887323944
0 0.15955105633802816 0.5625 0.06910211267605634 0.13908450704225353
0 0.4430017605633803 0.7397300469483568 0.1580105633802817 0.052230046948356805
0 0.1797975352112676 0.09389671361502347 0.09551056338028169 0.06338028169014084
0 0.7414172535211268 0.33098591549295775 0.12279929577464789 0.18661971830985916
0 0.7601232394366197 0.07365023474178403 0.14172535211267606 0.1402582159624413
0 0.9738116197183099 0.6279342723004695 0.05501760563380282 0.09272300469483569
0 0.49867957746478875 0.06396713615023474 0.06954225352112677 0.1267605633802817
0 0.2579225352112676 0.7857981220657277 0.16109154929577466 0.1596244131455399
0 0.6575704225352113 0.8083920187793427 0.1892605633802817 0.10856807511737089
0 0.8457306338028169 0.8497652582159625 0.11751760563380281 0.07394366197183098
0 0.4511443661971831 0.8509389671361502 0.15933098591549297 0.035211267605633804
0 0.22007042253521128 0.3761737089201878 0.1267605633802817 0.08098591549295775
0 0.08582746478873239 0.06455399061032864 0.06954225352112677 0.1056338028169014
0 0.5974911971830986 0.06895539906103286 0.12632042253521128 0.12030516431924883
0 0.4170334507042254 0.061326291079812204 0.06029929577464789 0.12030516431924883
0 0.9436619718309859 0.3585680751173709 0.11267605633802817 0.08098591549295775
0 0.2579225352112676 0.5654342723004695 0.07922535211267606 0.13908450704225353
0 0.971830985915493 0.8286384976525821 0.056338028169014086 0.0880281690140845
0 0.023547535211267605 0.07042253521126761 0.03301056338028169 0.1056338028169014
0 0.1795774647887324 0.033157276995305164 0.10651408450704225 0.06514084507042253
