0 0.8589348591549296 0.2737676056338028 0.11223591549295775 0.1238262910798122
0 0.6256602112676056 0.6088615023474179 0.10519366197183098 0.1073943661971831
0 0.6216989436619719 0.7901995305164319 0.09727112676056338 0.11913145539906103
0 0.3923855633802817 0.15140845070422534 0.1034330985915493 0.1255868544600939
0 0.3970070422535211 0.5936032863849765 0.0977112676056338 0.09565727699530517
0 0.5057218309859155 0.15404929577464788 0.1056338028169014 0.11678403755868545
0 0.5165052816901409 0.7887323943661971 0.08494718309859155 0.09507042253521127
0 0.5103433098591549 0.6035798122065728 0.10079225352112677 0.09565727699530517
0 0.4038292253521127 0.27699530516431925 0.10695422535211267 0.09976525821596244
0 0.6241197183098591 0.4879694835680751 0.10387323943661972 0.10269953051643192
0 0.2913732394366197 0.267018779342723 0.09330985915492958 0.09624413145539906
0 0.7381161971830986 0.6047535211267606 0.10123239436619719 0.10622065727699531
0 0.5085827464788732 0.4800469483568075 0.10255281690140845 0.09507042253521127
0 0.28169014084507044 0.15669014084507044 0.10211267605633803 0.107981220657277
0 0.19586267605633803 0.2573356807511737 0.06514084507042253 0.13086854460093897
0 0.7356954225352113 0.812793427230047 0.1034330985915493 0.10211267605633803
0 0.7420774647887324 0.2772887323943662 0.10387323943661972 0.11678403755868545
0 0.413512323943662 0.7796361502347418 0.08934859154929578 0.09800469483568075
0 0.11729753521126761 0.26115023474178406 0.06382042253521127 0.12323943661971831
0 0.30215669014084506 0.7778755868544601 0.08494718309859155 0.09213615023474178
0 0.10167253521126761 0.5017605633802817 0.09154929577464789 0.15492957746478872
0 0.5136443661971831 0.26848591549295775 0.09683098591549295 0.09096244131455399
0 0.6203785211267606 0.15639671361502347 0.1034330985915493 0.10622065727699531
0 0.3972271126760563 0.48444835680751175 0.09463028169014084 0.08509389671361503
0 0.6263204225352113 0.2802230046948357 0.10387323943661972 0.10856807511737089
0 0.1637323943661972 0.7136150234741784 0.09242957746478873 0.13615023474178403
0 0.28014964788732394 0.4841549295774648 0.09639084507042253 0.0892018779342723
0 0.2830105633802817 0.5956572769953051 0.09683098591549295 0.0903755868544601
0 0.7251320422535211 0.488556338028169 0.07790492957746478 0.09683098591549295
0 0.9575264084507042 0.27318075117370894 0.08494718309859155 0.11326291079812206
0 0.04423415492957746 0.2640845070422535 0.06734154929577464 0.13497652582159625
0 0.19806338028169015 0.4982394366197183 0.04929577464788732 0.11267605633802817
0 0.9559859154929577 0.48532863849765256 0.08362676056338028 0.10328638497652583
0 0.954225352112676 0.4131455399061033 0.07922535211267606 0.056338028169014086
0 0.9551056338028169 0.613849765258216 0.07834507042253522 0.0903755868544601
0 0.6120158450704225 0.9198943661971831 0.09727112676056338 0.10269953051643192
0 0.5066021126760564 0.8981807511737089 0.08538732394366197 0.08274647887323944
0 0.7279929577464789 0.9269366197183099 0.09683098591549295 0.09213615023474178
0 0.4064700704225352 0.8946596244131455 0.08758802816901408 0.08744131455399061
0 0.2909330985915493 0.8949530516431925 0.08890845070422536 0.0880281690140845
0 0.14964788732394366 0.8870305164319249 0.11795774647887323 0.08039906103286384
0 0.15294894366197184 0.9451291079812206 0.14216549295774647 0.07570422535211267
0 0.9350792253521126 0.9342723004694836 0.10167253521126761 0.09859154929577464
0 0.9066901408450704 0.8195422535211268 0.06426056338028169 0.0897887323943662
0 0.8202024647887324 0.15757042253521128 0.04621478873239437 0.07570422535211267
0 0.03675176056338028 0.9107981220657277 0.0682218309859155 0.17136150234741784
0 0.05743838028169014 0.7092136150234741 0.10079225352112677 0.12969483568075119
