0 0.8734595070422535 0.23796948356807512 0.07262323943661972 0.16255868544600938
0 0.9584066901408451 0.2353286384976526 0.07790492957746478 0.1431924882629108
0 0.7882922535211268 0.24559859154929578 0.09066901408450705 0.15434272300469484
0 0.5693221830985915 0.607981220657277 0.08846830985915492 0.1467136150234742
0 0.6727552816901409 0.6106220657276995 0.08318661971830986 0.14964788732394366
0 0.20994718309859156 0.2549882629107981 0.08274647887323944 0.13556338028169015
0 0.3001760563380282 0.2602699530516432 0.0801056338028169 0.13908450704225353
0 0.45774647887323944 0.24853286384976525 0.10123239436619719 0.1273474178403756
0 0.2819102112676056 0.7937206572769953 0.09022887323943662 0.10504694835680752
0 0.5717429577464789 0.2511737089201878 0.0880281690140845 0.13145539906103287
0 0.46742957746478875 0.6106220657276995 0.09154929577464789 0.1602112676056338
0 0.6784771126760564 0.2549882629107981 0.10079225352112677 0.17077464788732394
0 0.10167253521126761 0.5924295774647887 0.07746478873239436 0.15316901408450703
0 0.265625 0.6106220657276995 0.09815140845070422 0.15786384976525822
0 0.5715228873239436 0.4442488262910798 0.07702464788732394 0.12323943661971831
0 0.3668573943661972 0.6091549295774648 0.08758802816901408 0.15140845070422534
0 0.3785211267605634 0.8177816901408451 0.0897887323943662 0.05575117370892019
0 0.7440580985915493 0.4442488262910798 0.06205985915492958 0.13732394366197184
0 0.7893926056338029 0.12881455399061034 0.09286971830985916 0.04753521126760563
0 0.7603433098591549 0.6068075117370892 0.07350352112676056 0.14788732394366197
0 0.46500880281690143 0.45539906103286387 0.0840669014084507 0.10328638497652583
0 0.6822183098591549 0.07482394366197183 0.09507042253521127 0.05575117370892019
0 0.4722711267605634 0.13732394366197184 0.06338028169014084 0.04460093896713615
0 0.9075704225352113 0.5848004694835681 0.06954225352112677 0.15669014084507044
0 0.8307658450704225 0.585093896713615 0.055897887323943664 0.1467136150234742
0 0.7869718309859155 0.0733568075117371 0.09242957746478873 0.05516431924882629
0 0.563600352112676 0.9284037558685446 0.07790492957746478 0.14084507042253522
0 0.4685299295774648 0.9284037558685446 0.0761443661971831 0.13849765258215962
0 0.6654929577464789 0.931924882629108 0.09419014084507042 0.11971830985915492
0 0.3699383802816901 0.9275234741784038 0.08054577464788733 0.13086854460093897
0 0.761443661971831 0.9269366197183099 0.0818661971830986 0.13673708920187794
0 0.2722271126760563 0.9325117370892019 0.08846830985915492 0.13497652582159625
0 0.171875 0.9307511737089202 0.09639084507042253 0.13849765258215962
0 0.08736795774647887 0.931924882629108 0.08142605633802817 0.13615023474178403
0 0.8996478873239436 0.8744131455399061 0.0721830985915493 0.13262910798122066
0 0.8241637323943662 0.8788145539906104 0.05149647887323944 0.1402582159624413
0 0.36465669014084506 0.2529342723004695 0.037411971830985914 0.15140845070422534
0 0.6723151408450704 0.13321596244131456 0.10695422535211267 0.046948356807511735
0 0.5702024647887324 0.1449530516431925 0.08582746478873239 0.04107981220657277
0 0.3789612676056338 0.49413145539906106 0.0880281690140845 0.046948356807511735
0 0.2746478873239437 0.448943661971831 0.10123239436619719 0.1467136150234742
0 0.6432658450704225 0.7737676056338029 0.07702464788732394 0.0721830985915493
0 0.6621919014084507 0.4465962441314554 0.08054577464788733 0.1396713615023474
0 0.7293133802816901 0.7752347417840375 0.08450704225352113 0.0715962441314554
0 0.8169014084507042 0.7758215962441315 0.07042253521126761 0.05868544600938967
0 0.8886443661971831 0.4856220657276995 0.07394366197183098 0.03697183098591549
