0 0.5550176056338029 0.12089201877934272 0.6617275450679428 0.22117318543498865
0 0.4863556338028169 0.3075117370892019 0.5077084702316009 0.4070965306707223
0 0.8683978873239436 0.33274647887323944 0.9419593319157904 0.45755120511803216
0 0.7015845070422535 0.10152582159624413 0.8165926124528863 0.21179487921267828
0 0.3644366197183099 0.1643192488262911 0.5130438219103353 0.22584253565209725
0 0.058538732394366196 0.16666666666666666 0.1755904318959532 0.2299491392801252
0 0.3732394366197183 0.09213615023474178 0.5064378347550089 0.15487550695408758
0 0.06338028169014084 0.09213615023474178 0.18615168121404485 0.15018067127333642
0 0.20290492957746478 0.30927230046948356 0.23362548198522118 0.43526451156075735
0 0.3908450704225352 0.022887323943661973 0.526236423824638 0.0809724839648218
0 0.5955105633802817 0.3215962441314554 0.6493857788013291 0.43936526042011065
0 0.11883802816901408 0.7435446009389671 0.19096882129041856 0.8581317226520311
0 0.37632042253521125 0.5639671361502347 0.5112780279830391 0.6105845263285503
0 0.06073943661971831 0.7382629107981221 0.11396974496627653 0.8481582964138509
0 0.7953345070422535 0.7775821596244131 0.8654069830514779 0.9203183203288589
0 0.2306338028169014 0.07981220657276995 0.3462893337135489 0.13551654213229297
0 0.7099471830985915 0.31866197183098594 0.767733297894763 0.45814632513390197
0 0.3882042253521127 0.6349765258215962 0.5024699805346161 0.6803785349026868
0 0.6544894366197183 0.33039906103286387 0.6990957352831779 0.45755258271066146
0 0.7755281690140845 0.5721830985915493 0.8332854189396945 0.6862839301064604
0 0.20598591549295775 0.551056338028169 0.3317755343681809 0.602962995106791
0 0.4194542253521127 0.3039906103286385 0.458002000781095 0.4669577519892438
0 0.1993838028169014 0.6144366197183099 0.331338299382563 0.6645455184156582
0 0.04401408450704225 0.5504694835680751 0.08888907830787542 0.6434562972514272
0 0.22579225352112675 0.14084507042253522 0.3370485069306685 0.1971004430337896
0 0.3767605633802817 0.3274647887323944 0.41180600327316014 0.4569674502413542
0 0.4907570422535211 0.7652582159624414 0.529713575245487 0.8974382287465009
0 0.8529929577464789 0.11150234741784038 0.9644132953531045 0.21707071458484867
0 0.09330985915492958 0.5498826291079812 0.15136738122396348 0.6434566416495845
0 0.12455985915492958 0.3075117370892019 0.1566353169634001 0.45169746963785845
0 0.06602112676056338 0.36913145539906106 0.11264699774350327 0.46105097919284094
0 0.3001760563380282 0.2992957746478873 0.3312939365949216 0.38421402830126294
0 0.022007042253521125 0.3720657276995305 0.06513115887224756 0.46457038396261763
0 0.002640845070422535 0.5422535211267606 0.04313264047312042 0.6469822455861932
0 0.3569542253521127 0.3192488262910798 0.37440274902053167 0.46636194317705926
0 0.5572183098591549 0.3198356807511737 0.584261787715731 0.4106104250699817
0 0.8626760563380281 0.5780516431924883 0.9120322728625273 0.6868673405849809
0 0.5404929577464789 0.767018779342723 0.5908712619024004 0.9191508105755031
0 0.6980633802816901 0.7541079812206573 0.7677385284417775 0.9009658990720536
0 0.43045774647887325 0.7564553990610329 0.4747225097946836 0.8974433947188609
0 0.613556338028169 0.7676056338028169 0.6753461459779805 0.9109345037360312
0 0.37059859154929575 0.7652582159624414 0.4170904055494941 0.9021330644272522
0 0.5184859154929577 0.30633802816901406 0.5349830607766316 0.40885778284731866
0 0.2636443661971831 0.2992957746478873 0.30094029737403294 0.43527036632943195
0 0.29797535211267606 0.7916666666666666 0.35506251084854196 0.8751222613458528
0 0.16549295774647887 0.30927230046948356 0.19755039922634396 0.448762164142917
0 0.02464788732394366 0.3532863849765258 0.05324619371156517 0.4458020619806476
0 0.7948943661971831 0.3034037558685446 0.8297557683247371 0.4264651386409222
0 0.5422535211267606 0.5868544600938967 0.7004655574290816 0.6258293107628556
0 0.2227112676056338 0.7259389671361502 0.29523648271672287 0.8604894724371266
0 0.5378521126760564 0.6214788732394366 0.703108339739139 0.6721704936189908
