0 0.07724471830985916 0.18603286384976525 0.05941901408450704 0.11854460093896714
0 0.018926056338028168 0.19102112676056338 0.020246478873239437 0.10856807511737089
0 0.03697183098591549 0.1880868544600939 0.01584507042253521 0.12030516431924883
0 0.136443661971831 0.18427230046948356 0.05897887323943662 0.11267605633802817
0 0.19344190140845072 0.1789906103286385 0.06205985915492958 0.12323943661971831
0 0.26122359154929575 0.18368544600938966 0.05501760563380282 0.1056338028169014
0 0.3224031690140845 0.18045774647887325 0.050616197183098594 0.10856807511737089
0 0.3727992957746479 0.17752347417840375 0.04841549295774648 0.10856807511737089
0 0.42649647887323944 0.1807511737089202 0.05897887323943662 0.11150234741784038
0 0.4918573943661972 0.18867370892018778 0.06558098591549295 0.10387323943661972
0 0.5574383802816901 0.1880868544600939 0.05149647887323944 0.10269953051643192
0 0.6161971830985915 0.25146713615023475 0.0448943661971831 0.21654929577464788
0 0.6804577464788732 0.2482394366197183 0.027288732394366196 0.2136150234741784
0 0.7275528169014085 0.2529342723004695 0.05897887323943662 0.2347417840375587
0 0.7684859154929577 0.25880281690140844 0.022887323943661973 0.22887323943661972
0 0.8287852112676056 0.31396713615023475 0.05985915492957746 0.12206572769953052
0 0.9042693661971831 0.3145539906103286 0.05765845070422535 0.11384976525821597
0 0.9619278169014085 0.3130868544600939 0.050616197183098594 0.12030516431924883
0 0.9650088028169014 0.19865023474178403 0.05413732394366197 0.09917840375586855
0 0.914612676056338 0.19806338028169015 0.03697183098591549 0.0886150234741784
0 0.8628961267605634 0.20158450704225353 0.04621478873239437 0.10856807511737089
0 0.813600352112676 0.19571596244131456 0.042693661971830985 0.10504694835680752
0 0.06536091549295775 0.5079225352112676 0.05413732394366197 0.16960093896713616
0 0.12015845070422536 0.5117370892018779 0.051056338028169015 0.18309859154929578
0 0.1956426056338028 0.5363849765258216 0.08670774647887323 0.1431924882629108
0 0.2814700704225352 0.5352112676056338 0.06910211267605634 0.07981220657276995
0 0.351012323943662 0.5636737089201878 0.058538732394366196 0.09800469483568075
0 0.41241197183098594 0.5531103286384976 0.05985915492957746 0.13086854460093897
0 0.4117517605633803 0.4460093896713615 0.058538732394366196 0.07981220657276995
0 0.47183098591549294 0.5551643192488263 0.056338028169014086 0.11737089201877934
0 0.5387323943661971 0.533744131455399 0.0528169014084507 0.15786384976525822
0 0.6230193661971831 0.5472417840375586 0.05413732394366197 0.15786384976525822
0 0.684419014084507 0.5492957746478874 0.051056338028169015 0.15023474178403756
0 0.7623239436619719 0.5498826291079812 0.051056338028169015 0.15492957746478872
0 0.8100792253521126 0.528169014084507 0.03829225352112676 0.12910798122065728
0 0.8536531690140845 0.5070422535211268 0.04181338028169014 0.08098591549295775
0 0.9185739436619719 0.5487089201877934 0.05457746478873239 0.15492957746478872
0 0.9720510563380281 0.5372652582159625 0.04621478873239437 0.16255868544600938
0 0.04621478873239437 0.7259389671361502 0.07658450704225352 0.1068075117370892
0 0.14898767605633803 0.7200704225352113 0.08582746478873239 0.1396713615023474
0 0.22161091549295775 0.7074530516431925 0.037411971830985914 0.10856807511737089
0 0.2889524647887324 0.7315140845070423 0.09463028169014084 0.17781690140845072
0 0.3939260563380282 0.7244718309859155 0.09242957746478873 0.125
0 0.5675616197183099 0.8057511737089202 0.19410211267605634 0.06455399061032864
0 0.7537411971830986 0.7089201877934272 0.16505281690140844 0.057511737089201875
0 0.7746478873239436 0.8133802816901409 0.19718309859154928 0.05868544600938967
0 0.953125 0.7532276995305164 0.09375 0.0733568075117371
0 0.9496038732394366 0.8259976525821596 0.10079225352112677 0.0534037558685446
0 0.9348591549295775 0.960093896713615 0.09154929577464789 0.07863849765258216
0 0.8496919014084507 0.9533450704225352 0.07702464788732394 0.07687793427230047
0 0.7678257042253521 0.9571596244131455 0.06910211267605634 0.07863849765258216
0 0.6804577464788732 0.9495305164319249 0.09507042253521127 0.08450704225352113
0 0.3543133802816901 0.9421948356807511 0.0721830985915493 0.11443661971830986
0 0.27002640845070425 0.9328051643192489 0.07966549295774648 0.13438967136150234
0 0.17847711267605634 0.9304577464788732 0.08582746478873239 0.13908450704225353
0 0.09330985915492958 0.931924882629108 0.08098591549295775 0.13615023474178403
0 0.03147007042253521 0.3048708920187793 0.04973591549295775 0.11326291079812206
0 0.0840669014084507 0.30839201877934275 0.051056338028169015 0.11443661971830986
0 0.13776408450704225 0.3028169014084507 0.056338028169014086 0.11737089201877934
0 0.1952024647887324 0.2972417840375587 0.058538732394366196 0.125
0 0.27002640845070425 0.28843896713615025 0.04621478873239437 0.10387323943661972
0 0.3279049295774648 0.3034037558685446 0.06426056338028169 0.12793427230046947
0 0.3842429577464789 0.3004694835680751 0.03697183098591549 0.1068075117370892
0 0.4311179577464789 0.3004694835680751 0.058538732394366196 0.11267605633802817
0 0.4909771126760563 0.29782863849765256 0.06998239436619719 0.10856807511737089
0 0.5574383802816901 0.3039906103286385 0.061179577464788734 0.11737089201877934
