0 0.01914612676056338 0.23268779342723006 0.03389084507042254 0.10974178403755869
0 0.06426056338028169 0.22946009389671362 0.0448943661971831 0.10093896713615023
0 0.1150968309859155 0.22593896713615025 0.05413732394366197 0.1056338028169014
0 0.16307218309859156 0.2244718309859155 0.037411971830985914 0.10856807511737089
0 0.20752640845070422 0.22359154929577466 0.04973591549295775 0.11032863849765258
0 0.2623239436619718 0.21889671361502347 0.051056338028169015 0.11267605633802817
0 0.31536091549295775 0.23650234741784038 0.037411971830985914 0.07511737089201878
0 0.34749119718309857 0.23327464788732394 0.025088028169014086 0.07805164319248827
0 0.38600352112676056 0.22593896713615025 0.04753521126760563 0.08098591549295775
0 0.4608274647887324 0.22359154929577466 0.06866197183098592 0.09154929577464789
0 0.617737676056338 0.21830985915492956 0.17737676056338028 0.107981220657277
0 0.7425176056338029 0.05663145539906103 0.05897887323943662 0.11208920187793427
0 0.7984154929577465 0.06103286384976526 0.0528169014084507 0.11854460093896714
0 0.7566021126760564 0.18955399061032863 0.06426056338028169 0.1443661971830986
0 0.8142605633802817 0.18896713615023475 0.0528169014084507 0.13732394366197184
0 0.9350792253521126 0.0886150234741784 0.10255281690140845 0.16549295774647887
0 0.015625 0.4357394366197183 0.02948943661971831 0.08274647887323944
0 0.045554577464788734 0.4410211267605634 0.03477112676056338 0.08392018779342723
0 0.08736795774647887 0.43427230046948356 0.0488556338028169 0.0892018779342723
0 0.1386443661971831 0.43427230046948356 0.04753521126760563 0.09154929577464789
0 0.20246478873239437 0.414612676056338 0.051056338028169015 0.13438967136150234
0 0.2539612676056338 0.42077464788732394 0.04753521126760563 0.12206572769953052
0 0.3100792253521127 0.4216549295774648 0.05413732394366197 0.12030516431924883
0 0.3904049295774648 0.4193075117370892 0.05193661971830986 0.11913145539906103
0 0.45928697183098594 0.4137323943661972 0.05413732394366197 0.12323943661971831
0 0.528169014084507 0.42869718309859156 0.0448943661971831 0.09330985915492958
0 0.5686619718309859 0.4363262910798122 0.03169014084507042 0.08744131455399061
0 0.6183978873239436 0.426056338028169 0.04929577464788732 0.10211267605633803
0 0.6703345070422535 0.4289906103286385 0.043133802816901406 0.09976525821596244
0 0.7092869718309859 0.41607981220657275 0.053257042253521125 0.12793427230046947
0 0.7702464788732394 0.414612676056338 0.0528169014084507 0.13086854460093897
0 0.8334066901408451 0.40874413145539906 0.04181338028169014 0.125
0 0.8921654929577465 0.44688967136150237 0.09154929577464789 0.20481220657276994
0 0.13204225352112675 0.6176643192488263 0.12411971830985916 0.0710093896713615
0 0.13358274647887325 0.6907276995305164 0.12279929577464789 0.06338028169014084
0 0.2944542253521127 0.6508215962441315 0.10123239436619719 0.11267605633802817
0 0.3904049295774648 0.6660798122065728 0.10123239436619719 0.1431924882629108
0 0.5400528169014085 0.6431924882629108 0.08450704225352113 0.17018779342723006
0 0.6172975352112676 0.6291079812206573 0.058538732394366196 0.19248826291079812
0 0.6747359154929577 0.6335093896713615 0.056338028169014086 0.18955399061032863
0 0.7638644366197183 0.619131455399061 0.03829225352112676 0.19718309859154928
0 0.8028169014084507 0.6223591549295775 0.03961267605633803 0.19072769953051644
0 0.8807218309859155 0.7238849765258216 0.0801056338028169 0.2142018779342723
0 0.9608274647887324 0.7532276995305164 0.07570422535211267 0.16960093896713616
0 0.11685739436619719 0.7878521126760564 0.11399647887323944 0.04988262910798122
0 0.12852112676056338 0.8436032863849765 0.10387323943661972 0.05575117370892019
0 0.0332306338028169 0.846537558685446 0.05765845070422535 0.04988262910798122
0 0.24317781690140844 0.7907863849765259 0.11399647887323944 0.04401408450704225
0 0.23965669014084506 0.8494718309859155 0.10695422535211267 0.06514084507042253
0 0.3514524647887324 0.8441901408450704 0.10959507042253522 0.0721830985915493
0 0.4744718309859155 0.8488849765258216 0.13468309859154928 0.08157276995305164
0 0.6221390845070423 0.8427230046948356 0.13424295774647887 0.08450704225352113
0 0.7623239436619719 0.8441901408450704 0.13908450704225353 0.07805164319248827
0 0.8904049295774648 0.9504107981220657 0.07922535211267606 0.09448356807511737
0 0.9608274647887324 0.9495305164319249 0.07130281690140845 0.0903755868544601
0 0.26518485915492956 0.954225352112676 0.10607394366197183 0.06338028169014084
0 0.3734595070422535 0.9586267605633803 0.1131161971830986 0.056924882629107984
