0 0.04665492957746479 0.04606807511737089 0.05985915492957746 0.0886150234741784
0 0.015404929577464789 0.1728286384976526 0.02992957746478873 0.12852112676056338
0 0.061399647887323945 0.16637323943661972 0.05765845070422535 0.13673708920187794
0 0.1212588028169014 0.16343896713615025 0.05501760563380282 0.1402582159624413
0 0.17715669014084506 0.16784037558685447 0.04533450704225352 0.11854460093896714
0 0.21368838028169015 0.1643192488262911 0.02596830985915493 0.12323943661971831
0 0.2566021126760563 0.1552230046948357 0.05985915492957746 0.13556338028169015
0 0.3204225352112676 0.14994131455399062 0.06514084507042253 0.14612676056338028
0 0.3965669014084507 0.14906103286384975 0.05985915492957746 0.1443661971830986
0 0.45994718309859156 0.15199530516431925 0.05985915492957746 0.15023474178403756
0 0.5246478873239436 0.11062206572769953 0.04753521126760563 0.06748826291079812
0 0.5466549295774648 0.18838028169014084 0.05985915492957746 0.07511737089201878
0 0.5675616197183099 0.10915492957746478 0.02948943661971831 0.07042253521126761
0 0.6115757042253521 0.0994718309859155 0.05677816901408451 0.08157276995305164
0 0.6091549295774648 0.18955399061032863 0.05193661971830986 0.08450704225352113
0 0.6663732394366197 0.10035211267605634 0.0528169014084507 0.06455399061032864
0 0.6681338028169014 0.1875 0.05193661971830986 0.0886150234741784
0 0.7183098591549296 0.1443661971830986 0.028169014084507043 0.17136150234741784
0 0.745818661971831 0.1467136150234742 0.02244718309859155 0.1607981220657277
0 0.811399647887324 0.14231220657276994 0.07702464788732394 0.17312206572769953
0 0.02772887323943662 0.44865023474178406 0.05457746478873239 0.20833333333333334
0 0.11487676056338028 0.45217136150234744 0.10387323943661972 0.2153755868544601
0 0.2169894366197183 0.44923708920187794 0.09595070422535211 0.21185446009389672
0 0.323943661971831 0.4524647887323944 0.10387323943661972 0.22417840375586853
0 0.426056338028169 0.44630281690140844 0.05545774647887324 0.2306338028169014
0 0.4949383802816901 0.44835680751173707 0.05765845070422535 0.24061032863849766
0 0.5686619718309859 0.45011737089201875 0.08098591549295775 0.25
0 0.6608714788732394 0.4562793427230047 0.09815140845070422 0.23767605633802816
0 0.7933538732394366 0.4515845070422535 0.10607394366197183 0.22593896713615025
0 0.8809419014084507 0.4515845070422535 0.06205985915492958 0.2106807511737089
0 0.9661091549295775 0.4480633802816901 0.06778169014084508 0.20715962441314553
0 0.9694102112676056 0.30839201877934275 0.061179577464788734 0.06631455399061033
0 0.8716989436619719 0.3145539906103286 0.10519366197183098 0.0539906103286385
0 0.6639524647887324 0.3039906103286385 0.11839788732394366 0.057511737089201875
0 0.8871038732394366 0.1481807511737089 0.0743838028169014 0.17312206572769953
0 0.8983274647887324 0.03755868544600939 0.056338028169014086 0.04812206572769953
0 0.11663732394366197 0.7796361502347418 0.09595070422535211 0.18368544600938966
0 0.21544894366197184 0.772887323943662 0.10167253521126761 0.21830985915492956
0 0.3199823943661972 0.7702464788732394 0.1073943661971831 0.2106807511737089
0 0.4372799295774648 0.7593896713615024 0.08230633802816902 0.23943661971830985
0 0.5253080985915493 0.755575117370892 0.08230633802816902 0.24706572769953053
0 0.6324823943661971 0.7946009389671361 0.08274647887323944 0.18309859154929578
0 0.7757482394366197 0.789612676056338 0.10255281690140845 0.20011737089201878
0 0.8943661971830986 0.7567488262910798 0.11619718309859155 0.25880281690140844
0 0.047755281690140844 0.7494131455399061 0.037411971830985914 0.21948356807511737
