0 0.040492957746478875 0.13086854460093897 0.19496457176155524 0.3614255466287553
0 0.19982394366197184 0.13673708920187794 0.3044895141093037 0.3461638866847407
0 0.30809859154929575 0.08274647887323944 0.4435263650565364 0.3520641159161542
0 0.4669894366197183 0.06924882629107981 0.5041958673254314 0.2951471544446649
0 0.6148767605633803 0.06807511737089202 0.7175990859328506 0.23470183385130816
0 0.7231514084507042 0.040492957746478875 0.8346288946265622 0.20185417079944454
0 0.8428697183098591 0.12206572769953052 0.8988367650887721 0.24992836518327494
0 0.922975352112676 0.12323943661971831 0.9868296763414998 0.2405380050254579
0 0.690580985915493 0.4301643192488263 0.7985516809040866 0.5038555373713329
0 0.02596830985915493 0.45011737089201875 0.058527302680519734 0.5683978184443121
0 0.06426056338028169 0.4753521126760563 0.1328942515125967 0.6393923989949084
0 0.1386443661971831 0.5234741784037559 0.21208686427544138 0.6452327029469461
0 0.24163732394366197 0.4395539906103286 0.314594349769391 0.6288500270008155
0 0.31382042253521125 0.45598591549295775 0.38674567763092643 0.6511408533359784
0 0.4251760563380282 0.4876760563380282 0.5108163837780203 0.6616856361171726
0 0.5259683098591549 0.5011737089201878 0.5517051195819282 0.655809170358615
0 0.6307218309859155 0.3685446009389671 0.6788597175039675 0.49215460997597477
0 0.6804577464788732 0.3057511737089202 0.7761089534566554 0.34606470001542905
0 0.6927816901408451 0.34917840375586856 0.7906281770730014 0.3818373366175141
0 0.690580985915493 0.38380281690140844 0.8007523851294387 0.4270048105534616
0 0.8045774647887324 0.3174882629107981 0.9688360134397938 0.39711415008045137
0 0.8111795774647887 0.40199530516431925 0.9789563470169609 0.49037441590072517
0 0.03829225352112676 0.6907276995305164 0.13290568122644317 0.8511204649650642
0 0.1500880281690141 0.6924882629107981 0.2310078837904186 0.8751804646344421
0 0.25264084507042256 0.7030516431924883 0.32163176019143025 0.8440709790826335
0 0.3283450704225352 0.7071596244131455 0.42855266502182104 0.9009934509246401
0 0.43794014084507044 0.7147887323943662 0.5345783714168816 0.8962941380678437
0 0.5563380281690141 0.7177230046948356 0.6744910484030946 0.8816210545747096
0 0.8080985915492958 0.7312206572769953 0.8909295340706209 0.8681154808349314
0 0.8912852112676056 0.7312206572769953 0.9564739061570126 0.881613133417091
0 0.00044014084507042255 0.13262910798122066 0.04049276402251537 0.35027427869249933
