0 0.05501760563380282 0.11150234741784038 0.12409550281442175 0.25286883665057636
0 0.14568661971830985 0.10269953051643192 0.19755911680470145 0.23468151436002557
0 0.2007042253521127 0.11443661971830986 0.25607363370363023 0.25110655127950804
0 0.258362676056338 0.11267605633802817 0.3101855798080738 0.25110758447398
0 0.3089788732394366 0.11913145539906103 0.3810259776086094 0.25286435947453106
0 0.3890845070422535 0.12793427230046947 0.45009283252330884 0.2540329024223589
0 0.4537852112676056 0.11737089201877934 0.5222474536922238 0.26460248187088103
0 0.5268485915492958 0.1238262910798122 0.5987998025565364 0.26342498457096253
0 0.6025528169014085 0.1267605633802817 0.6744707073869272 0.2604889902797064
0 0.6782570422535211 0.12030516431924883 0.7039268234849236 0.24992939837774694
0 0.7209507042253521 0.11737089201877934 0.7862143702886333 0.2452362846877824
0 0.7944542253521126 0.11619718309859155 0.8574848352881372 0.24817124578456656
0 0.8701584507042254 0.11913145539906103 0.9384374302593731 0.2481695237937799
0 0.9533450704225352 0.1267605633802817 0.999 0.25051246445811015
0 0.9432218309859155 0.2664319248826291 0.999 0.3924492770393881
0 0.026848591549295774 0.25880281690140844 0.09593888706357866 0.389519481914964
0 0.09903169014084508 0.2546948356807512 0.14080148253074787 0.37485053119971784
0 0.1443661971830986 0.2576291079812207 0.17819350079349336 0.38658589841080915
0 0.1795774647887324 0.26173708920187794 0.24155828456655426 0.3989074312856796
0 0.2425176056338028 0.2681924882629108 0.31371368063132316 0.4018379152064185
0 0.3160211267605634 0.27406103286384975 0.3810228780251934 0.4030081801450329
0 0.38688380281690143 0.25586854460093894 0.45449520959383055 0.40184514756772244
0 0.45686619718309857 0.2711267605633803 0.5222460976244793 0.40477046551610135
0 0.5338908450704225 0.27230046948356806 0.5987967029731205 0.4018355044193172
0 0.6003521126760564 0.27406103286384975 0.675792098541956 0.41650583272719255
0 0.6738556338028169 0.24237089201877934 0.7206541128372347 0.3760314724812096
0 0.7222711267605634 0.24706572769953053 0.753203225736461 0.3836578252771716
0 0.758362676056338 0.2605633802816901 0.8244901572728626 0.4030161013026516
0 0.827024647887324 0.25410798122065725 0.856150077179627 0.37602458451806303
0 0.8701584507042254 0.2482394366197183 0.936236726034021 0.3924599533822654
0 0.00044014084507042255 0.5088028169014085 0.05501741190983932 0.693363378628579
0 0.06866197183098592 0.4800469483568075 0.16810358187859553 0.6875117095373493
0 0.1817781690140845 0.5252347417840375 0.2675256258058917 0.6827903551984835
0 0.26848591549295775 0.5387323943661971 0.36563887063578654 0.6904115420220855
0 0.39172535211267606 0.482981220657277 0.4602149096161476 0.6816414429456237
0 0.4669894366197183 0.4859154929577465 0.528843754649375 0.6751843218938042
0 0.5572183098591549 0.5404929577464789 0.6507230553213649 0.6933447811280831
0 0.664612676056338 0.5686619718309859 0.7536687444207498 0.6528352922700522
0 0.7618838028169014 0.6050469483568075 0.8236083257910136 0.6950674607110582
0 0.8318661971830986 0.5387323943661971 0.8944401997371554 0.6827824340408649
0 0.8182218309859155 0.46068075117370894 0.8834426840532632 0.5431568774934427
0 0.9119718309859155 0.5375586854460094 0.9665880405673478 0.6921727941986819
0 0.00044014084507042255 0.7599765258215962 0.07570403162814918 0.9631690278604332
0 0.12279929577464789 0.7928403755868545 0.22001637354939496 0.9490652345213693
0 0.24163732394366197 0.7646713615023474 0.3167950539947431 0.9596451459146113
0 0.32702464788732394 0.8204225352112676 0.43075395041906367 0.9220537426436554
0 0.36311619718309857 0.7582159624413145 0.44086130449067645 0.8135221737309617
0 0.4524647887323944 0.7570422535211268 0.5504170489486213 0.9250252099451167
0 0.5598591549295775 0.7617370892018779 0.626954287343781 0.8827689336330975
0 0.6500880281690141 0.7570422535211268 0.7602772499876017 0.9567153507901871
0 0.7605633802816901 0.7541079812206573 0.8548589069629042 0.893336791090833
0 0.9163732394366197 0.8714788732394366 0.999 0.9425636861072538
