0 0.0448943661971831 0.12793427230046947 0.150948550014878 0.3279765643941899
0 0.15360915492957747 0.11150234741784038 0.21560140442124578 0.32505193524212567
0 0.2051056338028169 0.1068075117370892 0.282920288013291 0.32212041812691483
0 0.3578345070422535 0.0886150234741784 0.41401503762894265 0.31626254986885316
0 0.46170774647887325 0.0029342723004694834 0.5570150934214442 0.12499827800921333
0 0.5787852112676056 0.0005868544600938967 0.6788825769316604 0.12676021898212436
0 0.6883802816901409 0.0029342723004694834 0.7884294100872843 0.12675884138949503
0 0.7909330985915493 0.0029342723004694834 0.9736835681784367 0.1279325503096828
0 0.44014084507042256 0.19248826291079812 0.5460210647688951 0.4365067557142542
0 0.5391725352112676 0.2605633802816901 0.6406077585672486 0.44409591350922434
0 0.7051056338028169 0.20011737089201878 0.8236333161823052 0.37781683252881926
0 0.9040492957746479 0.18838028169014084 0.9758344853451696 0.3913213730741255
0 0.8125 0.2605633802816901 0.9001705545774648 0.37602079613833234
0 0.1443661971830986 0.4272300469483568 0.2706230782582821 0.4932938790804294
0 0.2830105633802817 0.3714788732394366 0.4320937453506249 0.41820922601335714
0 0.2944542253521127 0.4242957746478873 0.4378105395134894 0.4950561644514977
0 0.0044014084507042256 0.40199530516431925 0.1329205979716326 0.49624296050166417
0 0.010123239436619719 0.579225352112676 0.08230188237700853 0.6933220508496991
0 0.0801056338028169 0.5780516431924883 0.1421302351963896 0.6962570119464833
0 0.1443661971830986 0.5856807511737089 0.2107639233287046 0.6921445535497808
0 0.2108274647887324 0.596244131455399 0.2820374879116247 0.6921383543829487
0 0.2988556338028169 0.5463615023474179 0.35418184171047407 0.6992098817474487
0 0.3600352112676056 0.551056338028169 0.4241373084457449 0.6980334176420022
0 0.4410211267605634 0.5088028169014085 0.5469009590111089 0.7027530499900814
0 0.5303697183098591 0.5193661971830986 0.6485341682577861 0.7174182123255969
0 0.6443661971830986 0.5070422535211268 0.7285896275540568 0.6452423460953515
0 0.7231514084507042 0.5387323943661971 0.7954563594152946 0.7174068471864048
0 0.7671654929577465 0.5117370892018779 0.8460531842020432 0.6587372434922524
0 0.855193661971831 0.5088028169014085 0.9168771154656814 0.6646075100839781
0 0.9242957746478874 0.5117370892018779 0.999 0.6874931120368534
0 0.040492957746478875 0.789906103286385 0.11617936049394961 0.9220716513478366
0 0.11839788732394366 0.7599765258215962 0.19272957839466376 0.8815962579073816
0 0.19058098591549297 0.784037558685446 0.274123864002678 0.9373333112918513
0 0.27420774647887325 0.778169014084507 0.3735588874355287 0.9373367552734245
0 0.3789612676056338 0.8098591549295775 0.44217475296320174 0.9443604112940553
0 0.44014084507042256 0.7687793427230047 0.5684682478674866 0.9625770074279795
0 0.554137323943662 0.7646713615023474 0.6815342705440389 0.9749033618770525
0 0.690580985915493 0.7928403755868545 0.8223192865378893 0.9924924645683176
0 0.8543133802816901 0.789906103286385 0.9789373620685379 0.994254749939386
