0 0.6679137323943662 0.39524647887323944 0.07350352112676056 0.16960093896713616
0 0.7438380281690141 0.392018779342723 0.07482394366197183 0.16666666666666666
0 0.7517605633802817 0.710093896713615 0.11179577464788733 0.16666666666666666
0 0.4579665492957746 0.6734154929577465 0.11399647887323944 0.17194835680751175
0 0.32108274647887325 0.6974765258215962 0.10607394366197183 0.17077464788732394
0 0.6106954225352113 0.6740023474178404 0.10607394366197183 0.20481220657276994
0 0.4672095070422535 0.38585680751173707 0.09727112676056338 0.16607981220657278
0 0.924955985915493 0.1273474178403756 0.08846830985915492 0.19483568075117372
0 0.32922535211267606 0.3770539906103286 0.10387323943661972 0.1402582159624413
0 0.8796214788732394 0.6901408450704225 0.08934859154929578 0.12793427230046947
0 0.07482394366197183 0.38879107981220656 0.07482394366197183 0.15669014084507044
0 0.21830985915492956 0.3908450704225352 0.08450704225352113 0.15258215962441316
0 0.4390404929577465 0.12940140845070422 0.05941901408450704 0.15082159624413147
0 0.7473591549295775 0.0880281690140845 0.1056338028169014 0.15140845070422534
0 0.17209507042253522 0.1238262910798122 0.04137323943661972 0.15258215962441316
0 0.5352112676056338 0.11208920187793427 0.08890845070422536 0.16549295774647887
0 0.6599911971830986 0.11296948356807512 0.05237676056338028 0.16960093896713616
0 0.22711267605633803 0.12147887323943662 0.03961267605633803 0.15258215962441316
0 0.19080105633802816 0.6314553990610329 0.10607394366197183 0.13028169014084506
0 0.12389964788732394 0.1238262910798122 0.035651408450704226 0.14788732394366197
0 0.9317781690140845 0.40874413145539906 0.08362676056338028 0.1613849765258216
0 0.8543133802816901 0.4061032863849765 0.07130281690140845 0.1396713615023474
0 0.8571742957746479 0.9242957746478874 0.09463028169014084 0.1396713615023474
0 0.7207306338028169 0.9363262910798122 0.08318661971830986 0.12852112676056338
0 0.6126760563380281 0.9342723004694836 0.09154929577464789 0.13615023474178403
0 0.4498239436619718 0.920481220657277 0.07922535211267606 0.1273474178403756
0 0.058318661971830985 0.9187206572769953 0.1034330985915493 0.12969483568075119
0 0.18199823943661972 0.9421948356807511 0.1034330985915493 0.11561032863849766
0 0.3102992957746479 0.9389671361502347 0.11443661971830986 0.11737089201877934
0 0.5728433098591549 0.44366197183098594 0.07878521126760564 0.08098591549295775
0 0.9636883802816901 0.9515845070422535 0.06998239436619719 0.09683098591549295
