0 0.0008802816901408451 0.12030516431924883 0.0642601759323547 0.26929559556084554
0 0.08230633802816902 0.12323943661971831 0.15577363277375522 0.26929387357005885
0 0.16461267605633803 0.12969483568075119 0.19623036413905973 0.27222435749079765
0 0.19630281690140844 0.08568075117370892 0.251674162492561 0.2693159150521281
0 0.2539612676056338 0.09624413145539906 0.30666639028714543 0.2710702792655778
0 0.30809859154929575 0.09213615023474178 0.36210030871850823 0.26931212667239746
0 0.36311619718309857 0.10387323943661972 0.41621341716673277 0.26637096640878133
0 0.4278169014084507 0.16255868544600938 0.48044550312438006 0.26457596321276644
0 0.4920774647887324 0.16549295774647887 0.5424770785806388 0.26926907690273094
0 0.5440140845070423 0.1613849765258216 0.5965915430966078 0.2663372153893628
0 0.6003521126760564 0.16842723004694835 0.6542251971335052 0.27220162721241375
0 0.7403169014084507 0.176056338028169 0.7884065506595913 0.27219715003636846
0 0.7922535211267606 0.16725352112676056 0.8345984799642928 0.2739628793890101
0 0.8609154929577465 0.176056338028169 0.9159943153640151 0.2856948026185281
0 0.040492957746478875 0.3761737089201878 0.08360893795873835 0.5191454379642487
0 0.0801056338028169 0.3779342723004695 0.12188375632315017 0.523252385990434
0 0.12279929577464789 0.39906103286384975 0.1782029932677048 0.5220662787365823
0 0.12852112676056338 0.33392018779342725 0.19052441851815116 0.40942845059401795
0 0.2007042253521127 0.3221830985915493 0.25387292947827816 0.40474050287641344
0 0.18485915492957747 0.4061032863849765 0.2437566641043444 0.523235854878882
0 0.25616197183098594 0.39436619718309857 0.3304330273011307 0.5308718508232494
0 0.35651408450704225 0.3926056338028169 0.4355825202092839 0.5373282830787541
0 0.8058978873239436 0.40316901408450706 0.8640819111411426 0.5373220839119223
0 0.866637323943662 0.40492957746478875 0.9203932054031939 0.5337999239568868
0 0.0035211267605633804 0.6214788732394366 0.1016709854195596 0.6979920898631223
0 0.10255281690140845 0.6232394366197183 0.22794782006298356 0.6921225120677114
0 0.2266725352112676 0.5780516431924883 0.36081572511654436 0.6393321293173753
0 0.2266725352112676 0.6408450704225352 0.3564143166658401 0.7056098327051511
0 0.37235915492957744 0.6484741784037559 0.5165614616395556 0.7173424447309836
0 0.3644366197183099 0.5762910798122066 0.5042410050089268 0.6510702517137252
0 0.516725352112676 0.6443661971830986 0.6485401737006546 0.700912930635456
0 0.6430457746478874 0.6338028169014085 0.761600772106229 0.6991585664220062
0 0.7618838028169014 0.6349765258215962 0.8808266356501686 0.7026790043862549
0 0.894806338028169 0.6502347417840375 0.9982857366469947 0.7161677026163239
0 0.8838028169014085 0.5915492957746479 0.9969701572108708 0.6510612973616345
0 0.0022007042253521128 0.7705399061032864 0.07878424264778815 0.828773157332099
0 0.0035211267605633804 0.8339201877934272 0.08450549246181313 0.892116244021248
0 0.07658450704225352 0.7723004694835681 0.1579768554106328 0.8422697767197866
0 0.08362676056338028 0.835093896713615 0.1658962910384844 0.8921155552249332
0 0.17033450704225353 0.8245305164319249 0.24596376122049193 0.8903611910114836
0 0.24691901408450703 0.8245305164319249 0.3735708983212656 0.8932954633119531
0 0.37588028169014087 0.8309859154929577 0.5029155456506645 0.8979865106129736
0 0.5057218309859155 0.8456572769953051 0.6450238900391787 0.92203893352289
0 0.6421654929577465 0.8321596244131455 0.7624814412442967 0.8950515495161895
0 0.7627640845070423 0.8233568075117371 0.8887487834135092 0.9038595323899579
0 0.8912852112676056 0.835093896713615 0.9947661596781393 0.9009183721263417
