0 0.11619718309859155 0.12353286384976526 0.14700704225352113 0.12030516431924883
0 0.23349471830985916 0.06954225352112677 0.05677816901408451 0.13791079812206572
0 0.21764964788732394 0.21214788732394366 0.061179577464788734 0.15316901408450703
0 0.2779489436619718 0.20862676056338028 0.06205985915492958 0.15199530516431925
0 0.2962147887323944 0.0721830985915493 0.05985915492957746 0.13262910798122066
0 0.38688380281690143 0.09653755868544601 0.0994718309859155 0.17781690140845072
0 0.4892165492957746 0.10768779342723005 0.11399647887323944 0.1613849765258216
0 0.5776848591549296 0.12411971830985916 0.08142605633802817 0.1789906103286385
0 0.652068661971831 0.13791079812206572 0.08582746478873239 0.1607981220657277
0 0.7183098591549296 0.1505281690140845 0.051056338028169015 0.1414319248826291
0 0.8175616197183099 0.1255868544600939 0.10255281690140845 0.18192488262910797
0 0.9590669014084507 0.13849765258215962 0.06778169014084508 0.1596244131455399
0 0.022007042253521125 0.43339201877934275 0.032570422535211266 0.1238262910798122
0 0.0682218309859155 0.4357394366197183 0.04841549295774648 0.13086854460093897
0 0.11729753521126761 0.4295774647887324 0.04973591549295775 0.12793427230046947
0 0.19850352112676056 0.4272300469483568 0.043133802816901406 0.12323943661971831
0 0.2442781690140845 0.4284037558685446 0.0528169014084507 0.13380281690140844
0 0.2962147887323944 0.42811032863849763 0.051056338028169015 0.1426056338028169
0 0.03873239436619718 0.6493544600938967 0.07570422535211267 0.17312206572769953
0 0.10255281690140845 0.6329225352112676 0.04753521126760563 0.18838028169014084
0 0.15911091549295775 0.6411384976525821 0.061179577464788734 0.19307511737089203
0 0.2735475352112676 0.6373239436619719 0.04621478873239437 0.18544600938967137
0 0.3846830985915493 0.46449530516431925 0.09507042253521127 0.22124413145539906
0 0.4795334507042254 0.47183098591549294 0.10167253521126761 0.22417840375586853
0 0.5794454225352113 0.47476525821596244 0.09375 0.2335680751173709
0 0.7090669014084507 0.5070422535211268 0.1637323943661972 0.1807511737089202
0 0.8820422535211268 0.43515258215962443 0.08450704225352113 0.15669014084507044
0 0.9597271126760564 0.44630281690140844 0.07350352112676056 0.16725352112676056
0 0.12522007042253522 0.8336267605633803 0.13776408450704225 0.08744131455399061
0 0.2623239436619718 0.8392018779342723 0.11883802816901408 0.06455399061032864
0 0.37411971830985913 0.7300469483568075 0.09595070422535211 0.20774647887323944
0 0.4581866197183099 0.7629107981220657 0.09683098591549295 0.1596244131455399
0 0.610475352112676 0.7153755868544601 0.0994718309859155 0.15492957746478872
0 0.7092869718309859 0.8104460093896714 0.09815140845070422 0.12441314553990611
0 0.7764084507042254 0.7209507042253521 0.05897887323943662 0.15316901408450703
0 0.9185739436619719 0.7080399061032864 0.07922535211267606 0.15199530516431925
0 0.366637323943662 0.9524647887323944 0.07658450704225352 0.08450704225352113
0 0.45356514084507044 0.9577464788732394 0.09463028169014084 0.07981220657276995
0 0.5484154929577465 0.9565727699530516 0.07482394366197183 0.08568075117370892
0 0.655149647887324 0.9565727699530516 0.07350352112676056 0.08568075117370892
0 0.7317341549295775 0.9598004694835681 0.0664612676056338 0.08039906103286384
0 0.8120598591549296 0.9574530516431925 0.08714788732394366 0.08509389671361503
0 0.8853433098591549 0.960387323943662 0.06029929577464789 0.07922535211267606
0 0.8415492957746479 0.7752347417840375 0.06602112676056338 0.10328638497652583
