0 0.0682218309859155 0.04078638497652582 0.13204225352112675 0.0721830985915493
0 0.2110475352112676 0.04665492957746479 0.15096830985915494 0.0721830985915493
0 0.3842429577464789 0.052230046948356805 0.16109154929577466 0.07981220657276995
0 0.5444542253521126 0.05046948356807512 0.1522887323943662 0.07981220657276995
0 0.6879401408450704 0.0528169014084507 0.12764084507042253 0.07511737089201878
0 0.8199823943661971 0.06044600938967136 0.13204225352112675 0.09624413145539906
0 0.9460827464788732 0.07306338028169014 0.09815140845070422 0.08274647887323944
0 0.037632042253521125 0.21654929577464788 0.07350352112676056 0.06924882629107981
0 0.04401408450704225 0.28667840375586856 0.08098591549295775 0.061619718309859156
0 0.12984154929577466 0.2819835680751174 0.08362676056338028 0.061619718309859156
0 0.24317781690140844 0.27699530516431925 0.14128521126760563 0.07863849765258216
0 0.38534330985915494 0.28169014084507044 0.14128521126760563 0.07511737089201878
0 0.5347711267605634 0.29284037558685444 0.15580985915492956 0.07981220657276995
0 0.6789172535211268 0.2828638497652582 0.12984154929577466 0.06338028169014084
0 0.8142605633802817 0.2875586854460094 0.13908450704225353 0.08098591549295775
0 0.9423415492957746 0.2948943661971831 0.10827464788732394 0.0721830985915493
0 0.11377640845070422 0.4524647887323944 0.15360915492957747 0.06455399061032864
0 0.09198943661971831 0.5372652582159625 0.17693661971830985 0.08157276995305164
0 0.28080985915492956 0.4328051643192488 0.16461267605633803 0.061619718309859156
0 0.2966549295774648 0.48532863849765256 0.176056338028169 0.04107981220657277
0 0.28213028169014087 0.5522300469483568 0.19630281690140844 0.06338028169014084
0 0.5050616197183099 0.48708920187793425 0.18617957746478872 0.10093896713615023
0 0.5008802816901409 0.5645539906103286 0.20774647887323944 0.0539906103286385
0 0.6901408450704225 0.4809272300469484 0.1795774647887324 0.0886150234741784
0 0.6938820422535211 0.5613262910798122 0.17825704225352113 0.051056338028169015
0 0.8915052816901409 0.4154929577464789 0.18089788732394366 0.06338028169014084
0 0.8745598591549296 0.49002347417840375 0.18045774647887325 0.09154929577464789
0 0.8926056338028169 0.5748239436619719 0.18309859154929578 0.06631455399061033
0 0.09264964788732394 0.7849178403755869 0.17825704225352113 0.22124413145539906
0 0.2539612676056338 0.8142605633802817 0.15140845070422534 0.20129107981220656
0 0.4253961267605634 0.7767018779342723 0.2055457746478873 0.25880281690140844
0 0.7363556338028169 0.7740610328638498 0.1637323943661972 0.176056338028169
0 0.8886443661971831 0.7256455399061033 0.17077464788732394 0.1414319248826291
0 0.9231954225352113 0.806631455399061 0.14216549295774647 0.18016431924882628
