0 0.026628521126760563 0.3500586854460094 0.05237676056338028 0.15786384976525822
0 0.09066901408450705 0.3482981220657277 0.06866197183098592 0.1637323943661972
0 0.1679137323943662 0.34683098591549294 0.06998239436619719 0.1643192488262911
0 0.29379401408450706 0.15434272300469484 0.17473591549295775 0.09507042253521127
0 0.2984154929577465 0.28374413145539906 0.18838028169014084 0.08274647887323944
0 0.29797535211267606 0.3770539906103286 0.1875 0.09213615023474178
0 0.48129401408450706 0.3770539906103286 0.17297535211267606 0.0886150234741784
0 0.6595510563380281 0.37764084507042256 0.17297535211267606 0.09330985915492958
0 0.7702464788732394 0.34242957746478875 0.11619718309859155 0.14847417840375587
0 0.867737676056338 0.31836854460093894 0.06998239436619719 0.20950704225352113
0 0.922975352112676 0.3400821596244131 0.040492957746478875 0.16842723004694835
0 0.96875 0.33949530516431925 0.051056338028169015 0.1637323943661972
0 0.7154489436619719 0.528169014084507 0.10871478873239436 0.09624413145539906
0 0.8272447183098591 0.5416666666666666 0.11487676056338028 0.07511737089201878
0 0.9423415492957746 0.5481220657276995 0.1153169014084507 0.07629107981220658
0 0.71875 0.6863262910798122 0.11707746478873239 0.09330985915492958
0 0.8391285211267606 0.704225352112676 0.11399647887323944 0.06924882629107981
0 0.9496038732394366 0.7191901408450704 0.10079225352112677 0.03931924882629108
0 0.704225352112676 0.8503521126760564 0.11267605633802817 0.07511737089201878
0 0.8151408450704225 0.8629694835680751 0.11179577464788733 0.04988262910798122
0 0.9286971830985915 0.8659037558685446 0.11091549295774648 0.04988262910798122
0 0.32372359154929575 0.2197769953051643 0.18529929577464788 0.041666666666666664
0 0.02992957746478873 0.5390258215962441 0.05545774647887324 0.1414319248826291
0 0.11443661971830986 0.5404929577464789 0.09330985915492958 0.13849765258215962
0 0.20818661971830985 0.5401995305164319 0.10299295774647887 0.14730046948356806
0 0.3017165492957746 0.5871478873239436 0.08934859154929578 0.06631455399061033
0 0.398987676056338 0.5161384976525821 0.10255281690140845 0.06279342723004695
0 0.3972271126760563 0.5839201877934272 0.09903169014084508 0.07511737089201878
0 0.4993397887323944 0.5862676056338029 0.09110915492957747 0.07981220657276995
0 0.515625 0.5190727699530516 0.07702464788732394 0.056924882629107984
0 0.6032130281690141 0.5868544600938967 0.10695422535211267 0.06338028169014084
0 0.03851232394366197 0.766725352112676 0.0761443661971831 0.23650234741784038
0 0.13094190140845072 0.7623239436619719 0.09727112676056338 0.2300469483568075
0 0.21654929577464788 0.8151408450704225 0.10827464788732394 0.19718309859154928
0 0.23701584507042253 0.6907276995305164 0.11487676056338028 0.06338028169014084
0 0.3611355633802817 0.7831572769953051 0.09463028169014084 0.18485915492957747
0 0.514524647887324 0.8169014084507042 0.07482394366197183 0.16549295774647887
0 0.5913292253521126 0.8389084507042254 0.08582746478873239 0.1789906103286385
0 0.4480633802816901 0.8098591549295775 0.056338028169014086 0.11737089201877934
0 0.804137323943662 0.9677230046948356 0.09154929577464789 0.05985915492957746
