0 0.00044014084507042255 0.036384976525821594 0.07086248233237454 0.12380493839405761
0 0.00044014084507042255 0.13028169014084506 0.07306318655772664 0.23173105534616148
0 0.0013204225352112676 0.23591549295774647 0.07306279910979965 0.3238052139125835
0 0.00044014084507042255 0.3315727699530516 0.07086248233237454 0.40884297372655337
0 0.07086267605633803 0.03814553990610329 0.23676458508976395 0.13788841224183915
0 0.07306338028169014 0.1449530516431925 0.23676361646994643 0.23289615431241598
0 0.07394366197183098 0.23884976525821597 0.2380836515572307 0.33554058112367474
0 0.0761443661971831 0.33568075117370894 0.23236085195149775 0.40590629063898254
0 0.23899647887323944 0.027582159624413145 0.3942610050709185 0.13202606680773216
0 0.24119718309859156 0.1437793427230047 0.3964607406764531 0.23172313418854285
0 0.24119718309859156 0.23591549295774647 0.3973410223665939 0.32087094161211405
0 0.24031690140845072 0.3268779342723005 0.39646112812438006 0.4135405645925632
0 0.39744718309859156 0.03814553990610329 0.5614447855708192 0.13201986764090018
0 0.39744718309859156 0.13438967136150234 0.5623250672609601 0.23290235347924795
0 0.40096830985915494 0.23767605633802816 0.5614432357791114 0.32380418071811146
0 0.40316901408450706 0.33274647887323944 0.5623225488494346 0.41940566521192885
0 0.5660211267605634 0.04401408450704225 0.7132191808420949 0.1437535128612048
0 0.5660211267605634 0.14788732394366197 0.7163001667575878 0.23876297692256826
0 0.5660211267605634 0.24178403755868544 0.715419885067447 0.3267360422314797
0 0.5682218309859155 0.32981220657276994 0.7140984939124182 0.42527593180365447
0 0.7178697183098591 0.056924882629107984 0.8702826277648283 0.1566567342238092
0 0.7222711267605634 0.1613849765258216 0.8738018172857568 0.24168932806541912
0 0.7209507042253521 0.24647887323943662 0.869400990006943 0.33729666732791114
0 0.7178697183098591 0.3444835680751174 0.8694023460746876 0.42937530307037847
0 0.8741197183098591 0.04401408450704225 0.999 0.18131219830721415
0 0.8772007042253521 0.18603286384976525 0.999 0.3079894173334215
0 0.875 0.31690140845070425 0.999 0.4258703630232097
0 0.002640845070422535 0.5029342723004695 0.12147771089565564 0.6335076676805748
0 0.00044014084507042255 0.6367370892018779 0.12015825698026186 0.7525606002997641
0 0.00044014084507042255 0.7570422535211268 0.12147867951547313 0.8727951629967599
0 0.12455985915492958 0.5029342723004695 0.2776740493577663 0.5953621277744716
0 0.12367957746478873 0.6044600938967136 0.27327302835498907 0.698002077409685
0 0.12808098591549297 0.6995305164319249 0.27415137280549495 0.7801059093213428
0 0.12147887323943662 0.7834507042253521 0.2732739969748066 0.8751270829200556
0 0.28080985915492956 0.5105633802816901 0.4325348548155128 0.6012261951993653
0 0.28213028169014087 0.6073943661971831 0.4347349778689744 0.6950660831184289
0 0.27420774647887325 0.7012910798122066 0.43693916912566955 0.7900814019484671
0 0.27860915492957744 0.7893192488262911 0.43385624597054157 0.8780579112389517
0 0.43617957746478875 0.5105633802816901 0.5922375970169609 0.6053341764200225
0 0.4392605633802817 0.6103286384976526 0.5931165226393573 0.6962380700478301
0 0.4414612676056338 0.7024647887323944 0.5922352723293989 0.7900807131521523
0 0.44366197183098594 0.7992957746478874 0.5909138811743702 0.8780520564702771
0 0.5946302816901409 0.5088028169014085 0.7448967296295378 0.6393727682999405
0 0.5999119718309859 0.6455399061032864 0.7396127148011307 0.7549028521677797
0 0.5999119718309859 0.7658450704225352 0.7418134190264828 0.872203142564306
0 0.7464788732394366 0.5146713615023474 0.8913967962705812 0.6276322351164891
0 0.7473591549295775 0.6396713615023474 0.8913964088226543 0.7449297703277568
0 0.7508802816901409 0.7523474178403756 0.8891941548055942 0.8722110637219247
0 0.894806338028169 0.5223004694835681 0.9969653141117835 0.6346700114615706
0 0.8961267605633803 0.6426056338028169 0.999 0.7478623206374397
0 0.8961267605633803 0.7552816901408451 0.999 0.8657539426701051
0 0.32922535211267606 0.95481220657277 0.4602424184189645 0.999
