0 0.20862676056338028 0.5020539906103286 0.11443661971830986 0.0721830985915493
0 0.19278169014084506 0.6123826291079812 0.11971830985915492 0.09917840375586855
0 0.805237676056338 0.25440140845070425 0.08758802816901408 0.2282863849765258
0 0.16483274647887325 0.23738262910798122 0.07966549295774648 0.21889671361502347
0 0.6963028169014085 0.26789906103286387 0.09154929577464789 0.20011737089201878
0 0.49141725352112675 0.23415492957746478 0.08582746478873239 0.21009389671361503
0 0.3785211267605634 0.23415492957746478 0.08890845070422536 0.21009389671361503
0 0.5886883802816901 0.24266431924882628 0.09551056338028169 0.18720657276995306
0 0.09132922535211267 0.8218896713615024 0.07526408450704225 0.15551643192488263
0 0.2911531690140845 0.24559859154929578 0.05677816901408451 0.1602112676056338
0 0.49141725352112675 0.48444835680751175 0.1113556338028169 0.051056338028169015
0 0.6095950704225352 0.6396713615023474 0.1153169014084507 0.08685446009389672
0 0.06205985915492958 0.6197183098591549 0.12323943661971831 0.08450704225352113
0 0.7255721830985915 0.6458333333333334 0.10607394366197183 0.08039906103286384
0 0.3496919014084507 0.49119718309859156 0.12632042253521128 0.05868544600938967
0 0.07130281690140845 0.2658450704225352 0.06602112676056338 0.1572769953051643
0 0.4784330985915493 0.5856807511737089 0.1329225352112676 0.0903755868544601
0 0.8474911971830986 0.6634389671361502 0.10607394366197183 0.08157276995305164
0 0.4003080985915493 0.8186619718309859 0.0664612676056338 0.08215962441314555
0 0.3362676056338028 0.5941901408450704 0.1443661971830986 0.08509389671361503
0 0.8950264084507042 0.2767018779342723 0.06029929577464789 0.16255868544600938
0 0.7753080985915493 0.8174882629107981 0.09198943661971831 0.06455399061032864
0 0.19872359154929578 0.7963615023474179 0.06205985915492958 0.09272300469483569
0 0.6626320422535211 0.9084507042253521 0.1210387323943662 0.11502347417840375
0 0.866637323943662 0.8870305164319249 0.07482394366197183 0.06044600938967136
0 0.3206426056338028 0.8867370892018779 0.05237676056338028 0.07276995305164319
0 0.5134242957746479 0.9072769953051644 0.1307218309859155 0.0903755868544601
0 0.06998239436619719 0.5123239436619719 0.11971830985915492 0.10093896713615023
0 0.17209507042253522 0.9022887323943662 0.08714788732394366 0.07687793427230047
0 0.258362676056338 0.8615023474178404 0.04753521126760563 0.11267605633802817
0 0.7753080985915493 0.9140258215962441 0.08142605633802817 0.10387323943661972
0 0.9733714788732394 0.2972417840375587 0.050616197183098594 0.14612676056338028
0 0.7255721830985915 0.5516431924882629 0.1034330985915493 0.09154929577464789
0 0.8446302816901409 0.562793427230047 0.1073943661971831 0.07511737089201878
0 0.948943661971831 0.6285211267605634 0.07922535211267606 0.08568075117370892
0 0.6155369718309859 0.5501760563380281 0.10255281690140845 0.08274647887323944
0 0.9337588028169014 0.5401995305164319 0.08494718309859155 0.08157276995305164
