0 0.006602112676056338 0.025821596244131457 0.15096540399970246 0.10855292159844829
0 0.1522887323943662 0.02699530516431925 0.2750209996776433 0.10268368820119465
0 0.28080985915492956 0.028755868544600938 0.40480598157607617 0.10561692730719213
0 0.4141725352112676 0.03169014084507042 0.5539550296940091 0.10854947761687497
0 0.5699823943661971 0.02699530516431925 0.7026540570447332 0.11266021402279089
0 0.7051056338028169 0.02699530516431925 0.8337565556189248 0.11735504970354206
0 0.8384683098591549 0.040492957746478875 0.9736626459903788 0.12321567314686241
0 0.010123239436619719 0.26173708920187794 0.17033005139109303 0.3355271495955388
0 0.16681338028169015 0.2576291079812207 0.2943808039699464 0.3161633631995416
0 0.2966549295774648 0.2576291079812207 0.440010275119024 0.3220319078004805
0 0.43794014084507044 0.25880281690140844 0.5763917516985717 0.332594599285856
0 0.5880281690140845 0.25586854460093894 0.7048468185875818 0.33377003019683044
0 0.7029049295774648 0.17018779342723006 0.8209934397317 0.2680926127972845
0 0.7099471830985915 0.2664319248826291 0.8280325936694108 0.3443272113116886
0 0.8283450704225352 0.24530516431924881 0.9657445664302717 0.3519687176265732
0 0.8349471830985915 0.16549295774647887 0.9714634915567348 0.25107658863982013
0 0.04181338028169014 0.44835680751173707 0.21653089199811545 0.529666457272587
0 0.21875 0.44835680751173707 0.3700621698943662 0.5308401661927749
0 0.3701584507042254 0.4454225352112676 0.5640976415269788 0.5461001041460027
0 0.3904049295774648 0.5387323943661971 0.5821345048725451 0.6152941711300668
0 0.016725352112676055 0.5311032863849765 0.19277432863023208 0.598866723423483
0 0.19278169014084506 0.5375586854460094 0.376675712284269 0.6017972073442219
0 0.3983274647887324 0.3779342723004695 0.594454961503174 0.44696130617822744
0 0.6047535211267606 0.4694835680751174 0.7761422739783773 0.5337620401595803
0 0.8213028169014085 0.45129107981220656 0.9023673843235468 0.6106506507747581
0 0.90625 0.45481220657276994 0.9643898547535211 0.6077143120853447
0 0.0022007042253521128 0.6338028169014085 0.14788635532384448 0.8799097401309264
0 0.2966549295774648 0.7206572769953051 0.468179289203531 0.8739902246027023
0 0.4669894366197183 0.7464788732394366 0.6846536138043047 0.8992098128678172
0 0.6883802816901409 0.6848591549295775 0.812197015721087 0.9039408103550882
0 0.8102992957746479 0.6772300469483568 0.9116151851691132 0.9115743955123543
0 0.9128521126760564 0.6860328638497653 0.9982777939644912 0.9203720464414027
0 0.40492957746478875 0.653169014084507 0.628342900714144 0.8153443843814058
