0 0.11883802816901408 0.5108568075117371 0.11619718309859155 0.18838028169014084
0 0.24647887323943662 0.5032276995305164 0.11179577464788733 0.20598591549295775
0 0.3650968309859155 0.47183098591549294 0.07086267605633803 0.1396713615023474
0 0.4784330985915493 0.5258215962441315 0.11707746478873239 0.176056338028169
0 0.5801056338028169 0.5152582159624414 0.07658450704225352 0.13380281690140844
0 0.717649647887324 0.47417840375586856 0.1131161971830986 0.15610328638497653
0 0.8565140845070423 0.48532863849765256 0.1153169014084507 0.15845070422535212
0 0.7299735915492958 0.738849765258216 0.18970070422535212 0.22887323943661972
0 0.914612676056338 0.7922535211267606 0.15933098591549297 0.2147887323943662
0 0.09925176056338028 0.7359154929577465 0.09022887323943662 0.13497652582159625
0 0.24471830985915494 0.7984154929577465 0.09242957746478873 0.06514084507042253
0 0.269806338028169 0.7186032863849765 0.0880281690140845 0.0733568075117371
0 0.37411971830985913 0.7617370892018779 0.09595070422535211 0.16549295774647887
0 0.176056338028169 0.7749413145539906 0.0448943661971831 0.10504694835680752
0 0.5451144366197183 0.7186032863849765 0.11487676056338028 0.05575117370892019
0 0.20576584507042253 0.2039319248826291 0.10959507042253522 0.2153755868544601
0 0.32944542253521125 0.22359154929577466 0.11487676056338028 0.20892018779342722
0 0.4665492957746479 0.16490610328638497 0.1073943661971831 0.18544600938967137
0 0.5913292253521126 0.20950704225352113 0.09903169014084508 0.25586854460093894
0 0.7233714788732394 0.17370892018779344 0.10167253521126761 0.19131455399061034
0 0.8417693661971831 0.18661971830985916 0.10607394366197183 0.20422535211267606
0 0.9315580985915493 0.19865023474178403 0.0488556338028169 0.20481220657276994
