0 0.0008802816901408451 0.21830985915492956 0.0585383449464392 0.3508108510216227
0 0.06205985915492958 0.2106807511737089 0.12409240323100575 0.3443599291366351
0 0.12852112676056338 0.2106807511737089 0.18480258753223566 0.3490547648173863
0 0.18838028169014084 0.20950704225352113 0.24463539600277723 0.34905545361370094
0 0.26848591549295775 0.2300469483568075 0.30886070162170204 0.34024058277678587
0 0.3102992957746479 0.21654929577464788 0.36782117108460627 0.3414222128545924
0 0.36883802816901406 0.1637323943661972 0.4434996311495735 0.34438748098922173
0 0.5664612676056338 0.1807511737089202 0.601423212470244 0.3537671648041614
0 0.6091549295774648 0.22711267605633803 0.6555417451894465 0.34728455828869936
0 0.6566901408450704 0.2300469483568075 0.6938130765225153 0.3519776719786638
0 0.7539612676056338 0.22417840375586853 0.8086470240899623 0.3566759516409883
0 0.8111795774647887 0.22417840375586853 0.8649598681437215 0.3549153882607066
0 0.8701584507042254 0.22124413145539906 0.9283141908227533 0.3549171102514933
0 0.9330985915492958 0.22593896713615025 0.9916667699861138 0.35960919074698583
0 0.7799295774647887 0.12206572769953052 0.8346039042352708 0.22880160461989466
0 0.6544894366197183 0.1789906103286385 0.7466309465507835 0.24226585058079306
0 0.7257922535211268 0.24413145539906103 0.7536418167898234 0.3549036787233574
0 0.445862676056338 0.20774647887323944 0.4760361519911724 0.34318794220723403
0 0.018926056338028168 0.45598591549295775 0.1227909656442174 0.5173380364345699
0 0.12852112676056338 0.4442488262910798 0.26050681288434835 0.5232134689986555
0 0.10695422535211267 0.4107981220657277 0.21430151662616545 0.44811572880160466
0 0.008802816901408451 0.3884976525821596 0.0642566889010117 0.44402083471092596
0 0.07306338028169014 0.3884976525821596 0.10472136294881967 0.44812881593158327
0 0.3001760563380282 0.37910798122065725 0.42064252814421743 0.43933150940069216
0 0.272887323943662 0.4753521126760563 0.428577074241222 0.5249557792765985
0 0.44366197183098594 0.45011737089201875 0.5468997966673279 0.6499705883973639
0 0.5528169014084507 0.44835680751173707 0.6564468235469153 0.6693378187749344
0 0.5563380281690141 0.4061032863849765 0.6361987948819678 0.4528133196676144
0 0.6580105633802817 0.4471830985915493 0.7558723545055545 0.658775127289559
0 0.7627640845070423 0.45598591549295775 0.85837906510365 0.6558356890167295
0 0.8644366197183099 0.45598591549295775 0.956485723318786 0.6499671444157906
0 0.9639084507042254 0.45011737089201875 0.999 0.6517311517776455
0 0.03389084507042254 0.6126760563380281 0.13862944945199365 0.7009315281359519
0 0.1386443661971831 0.6561032863849765 0.2842699628669907 0.7038403149727788
0 0.2909330985915493 0.6619718309859155 0.43297054000942276 0.7132265423527078
0 0.3283450704225352 0.579225352112676 0.4435174537542154 0.6199652433379621
0 0.00044014084507042255 0.7946009389671361 0.06646107388167032 0.8622097412330005
0 0.00044014084507042255 0.7435446009389671 0.07306318655772664 0.7912303142013268
0 0.08450704225352113 0.7793427230046949 0.18614238246379688 0.8451999162423681
0 0.19630281690140844 0.7723004694835681 0.3022903596756596 0.8305326875179088
0 0.3147007042253521 0.7734741784037559 0.4184354310280698 0.8575273038859133
0 0.4705105633802817 0.7552816901408451 0.5798985428858362 0.8047210788203398
0 0.44454225352112675 0.8726525821596244 0.5807902542898234 0.9460841240715026
0 0.5787852112676056 0.7511737089201878 0.6881255346781393 0.9567187947717605
0 0.6927816901408451 0.7705399061032864 0.7941493038335647 0.9719656455950098
0 0.7389964788732394 0.7165492957746479 0.8302205121131719 0.7654245602724327
0 0.8133802816901409 0.7676056338028169 0.8720011530450308 0.957882860543543
0 0.8860035211267606 0.7928403755868545 0.9679198928164054 0.9701919950847495
0 0.855193661971831 0.7194835680751174 0.9274404957473715 0.7613148570609889
0 0.9727112676056338 0.7552816901408451 0.999 0.9661060553461615
0 0.35079225352112675 0.9342723004694836 0.4342646160855981 0.999
0 0.269806338028169 0.9419014084507042 0.34627209228079747 0.9941655508166368
0 0.17165492957746478 0.9389671361502347 0.2560864194852212 0.9988621084881747
0 0.06294014084507042 0.9301643192488263 0.14301807212110693 0.997106711080253
0 0.4850352112676056 0.2887323943661972 0.5482020091499703 0.35076952324274285
