0 0.05501760563380282 0.16842723004694835 0.21564479858906963 0.2604645380105358
0 0.2244718309859155 0.0903755868544601 0.29215472190537595 0.24525212700301968
0 0.3023767605633803 0.04401408450704225 0.37574719332721684 0.26053755041989024
0 0.3961267605633803 0.07981220657276995 0.47473762026383654 0.23352123696797372
0 0.4784330985915493 0.1056338028169014 0.5323598445868876 0.24993800833168023
0 0.4951584507042254 0.005868544600938967 0.5662433281466971 0.09037214287288678
0 0.5448943661971831 0.0903755868544601 0.6058341133951597 0.24525212700301968
0 0.6183978873239436 0.08157276995305164 0.6995517614932554 0.2393887483744407
0 0.8213028169014085 0.125 0.887842736436223 0.25110035211267606
0 0.8912852112676056 0.11737089201877934 0.9520724977063083 0.2499311203685336
0 0.9612676056338029 0.11443661971830986 0.999 0.23115349963631554
0 0.09154929577464789 0.3415492957746479 0.20286463499305693 0.4135319546386299
0 0.21214788732394366 0.3415492957746479 0.3238502870214243 0.4199873536996628
0 0.3296654929577465 0.3415492957746479 0.443516872582325 0.4199873536996628
0 0.4537852112676056 0.3550469483568075 0.5662615381992661 0.42291370484251356
0 0.5757042253521126 0.3474178403755869 0.6824050597599682 0.42291818201855896
0 0.6870598591549296 0.352112676056338 0.8020743574563579 0.4229154268333003
0 0.8080985915492958 0.3597417840375587 0.929661928436818 0.42408465857744276
0 0.9308978873239436 0.3597417840375587 0.999 0.43171376655866345
0 0.9330985915492958 0.2963615023474178 0.999 0.3578072995878243
0 0.0008802816901408451 0.3926056338028169 0.07658411959432652 0.464558330027111
0 0.10827464788732394 0.5041079812206573 0.20285727348244398 0.57775580517534
0 0.20290492957746478 0.5193661971830986 0.31901280592888315 0.5883102311049395
0 0.35079225352112675 0.5117370892018779 0.448789263972922 0.5853804359805153
0 0.4524647887323944 0.5252347417840375 0.571983950357072 0.5865462237430845
0 0.44014084507042256 0.46830985915492956 0.5675879661773457 0.5190913674535476
0 0.5809859154929577 0.4618544600938967 0.67580062239635 0.5912782544248275
0 0.6769366197183099 0.4694835680751174 0.769508390572307 0.59244748616897
0 0.7742077464788732 0.5234741784037559 0.8909444508158104 0.5971106372192466
0 0.8939260563380281 0.5387323943661971 0.9982861240949217 0.6000359551676254
0 0.006602112676056338 0.5991784037558685 0.09462737583068835 0.7672540032841809
0 0.10387323943661972 0.6725352112676056 0.20990146424320572 0.7308259769886928
0 0.230193661971831 0.6713615023474179 0.3269233302544138 0.7337609380854768
0 0.33846830985915494 0.6666666666666666 0.4465939840185479 0.7431533646322378
0 0.45026408450704225 0.6895539906103286 0.5460166091177345 0.7507690410853225
0 0.5550176056338029 0.710093896713615 0.660847263377802 0.7718837477131961
0 0.6624119718309859 0.7053990610328639 0.7725957693785955 0.759562559236483
0 0.7772887323943662 0.6895539906103286 0.876418446860742 0.7642666936674821
0 0.16593309859154928 0.7869718309859155 0.23804316324885938 0.9308761902400317
0 0.24031690140845072 0.789906103286385 0.32823929713846456 0.9326350316295269
0 0.33274647887323944 0.8245305164319249 0.40478312214838325 0.9414175290396527
0 0.4163732394366197 0.840962441314554 0.4861723709333466 0.9578398107738765
0 0.5008802816901409 0.8609154929577465 0.5596386970591153 0.9566543923163394
0 0.5629401408450704 0.8245305164319249 0.6476395509943463 0.9672391252837841
0 0.6566901408450704 0.8714788732394366 0.7783201187760365 0.964277301130728
0 0.8111795774647887 0.8456572769953051 0.8856464878620314 0.978963816151998
0 0.10387323943661972 0.8034037558685446 0.13859864734179728 0.9414299273733165
0 0.6060739436619719 0.009389671361502348 0.6925149322431065 0.07100387930084419
0 0.02464788732394366 0.13556338028169015 0.14435534864114263 0.16834767407260465
0 0.0035211267605633804 0.18309859154929578 0.05809704175758777 0.2598690735965086
0 0.0035211267605633804 0.812793427230047 0.06733999950406665 0.9960018817915317
