0 0.00044014084507042255 0.04401408450704225 0.03961248233237453 0.21534975699266018
0 0.05413732394366197 0.04812206572769953 0.12497617195248958 0.21652105512574665
0 0.13556338028169015 0.1068075117370892 0.3269649809065661 0.21237863408935617
0 0.13556338028169015 0.025821596244131457 0.3238839949910732 0.11266090281910555
0 0.3419894366197183 0.12793427230046947 0.5258177863395159 0.20297656439418987
0 0.5369718309859155 0.11267605633802817 0.7220347835250942 0.19418270184487205
0 0.823943661971831 0.01232394366197183 0.8966443909938505 0.18954675824902467
0 0.7231514084507042 0.04988262910798122 0.8165831199786748 0.19421955244770658
0 0.8983274647887324 0.03169014084507042 0.9428264403764135 0.18953539310983272
0 0.945862676056338 0.046948356807511735 0.9982632646672286 0.19128700213802377
0 0.0035211267605633804 0.2681924882629108 0.0858259149970244 0.42413838468998655
0 0.0880281690140845 0.27230046948356806 0.18966195943265227 0.42002799268222796
0 0.18970070422535212 0.34917840375586856 0.28644819511257685 0.41352747746258456
0 0.29577464788732394 0.34330985915492956 0.3915951696092045 0.41822575712490906
0 0.2909330985915493 0.28169014084507044 0.38587546958688757 0.3413839846591285
0 0.4040492957746479 0.34917840375586856 0.5099454008381273 0.41822231314333574
0 0.514524647887324 0.3538732394366197 0.6216925507711764 0.4164589945777954
0 0.43882042253521125 0.301056338028169 0.5209336177717715 0.3460674552006877
0 0.636443661971831 0.27875586854460094 0.7457586075431463 0.3642730305935771
0 0.7548415492957746 0.3028169014084507 0.8707064957969648 0.37012745487006543
0 0.8846830985915493 0.2904929577464789 0.999 0.3566370346492098
0 0.6351232394366197 0.477112676056338 0.7558824281516564 0.5355181263638167
0 0.7618838028169014 0.4724178403755869 0.8887491708614361 0.537281444929357
0 0.8912852112676056 0.4994131455399061 0.9960865822133506 0.5401998749145892
0 0.2649647887323944 0.5269953051643192 0.3563974626810157 0.7039160825673918
0 0.10475352112676056 0.5416666666666666 0.20417924580936322 0.74029244913928
0 0.013644366197183098 0.4753521126760563 0.10254681145853997 0.7203783144878662
0 0.11619718309859155 0.4818075117370892 0.23366364560603053 0.5355153711785581
0 0.4410211267605634 0.5551643192488263 0.5156509590111089 0.720331476338469
0 0.514524647887324 0.556924882629108 0.6045270578134299 0.7461520393881285
0 0.37808098591549294 0.602112676056338 0.43645330942521327 0.6950691827018449
0 0.6205985915492958 0.6273474178403756 0.7422444548452688 0.7114862984637087
0 0.7447183098591549 0.630868544600939 0.8597074303213649 0.7114842320747647
0 0.8723591549295775 0.6338028169014085 0.9802498419212458 0.7056139654830391
0 0.021566901408450703 0.8215962441314554 0.14083557794832374 0.9971704247393596
0 0.1430457746478873 0.8215962441314554 0.27106380027524296 0.999
0 0.28080985915492956 0.829225352112676 0.3722355590408649 0.9989265109435959
0 0.37367957746478875 0.789906103286385 0.5099587677916088 0.9989495856201371
0 0.6544894366197183 0.7822769953051644 0.7457506648606427 0.9267709642046331
0 0.7438380281690141 0.7552816901408451 0.8416620431214045 0.8827727220128281
0 0.8419894366197183 0.8139671361502347 0.9182033497197977 0.9326209113050762
0 0.920774647887324 0.8169014084507042 0.9969538843979369 0.9267506447133504
0 0.36795774647887325 0.01643192488262911 0.45582396225947236 0.08860538032577311
0 0.5404929577464789 0.30985915492957744 0.6247621069728229 0.3413674535475766
0 0.5158450704225352 0.7975352112676056 0.5481884484725253 0.946128207035641
