0 0.8149207746478874 0.20862676056338028 0.0840669014084507 0.18485915492957747
0 0.30809859154929575 0.7617370892018779 0.10475352112676056 0.20774647887323944
0 0.41923415492957744 0.7878521126760564 0.09903169014084508 0.22007042253521128
0 0.9060299295774648 0.7960680751173709 0.09463028169014084 0.18720657276995306
0 0.1993838028169014 0.761443661971831 0.05457746478873239 0.15082159624413147
0 0.5283890845070423 0.7684859154929577 0.0743838028169014 0.18603286384976525
0 0.711487676056338 0.7960680751173709 0.0743838028169014 0.14730046948356806
0 0.6434859154929577 0.4859154929577465 0.09154929577464789 0.17136150234741784
0 0.530149647887324 0.4680164319248826 0.0761443661971831 0.15082159624413147
0 0.5327904929577465 0.2681924882629108 0.1324823943661972 0.08215962441314555
0 0.078125 0.767018779342723 0.0488556338028169 0.12793427230046947
0 0.7548415492957746 0.4903169014084507 0.09859154929577464 0.17312206572769953
0 0.13556338028169015 0.5387323943661971 0.10211267605633803 0.045774647887323945
0 0.6890404929577465 0.176056338028169 0.12544014084507044 0.056338028169014086
0 0.4324383802816901 0.45481220657276994 0.05237676056338028 0.1068075117370892
0 0.5101232394366197 0.17165492957746478 0.14612676056338028 0.06866197183098592
0 0.14128521126760563 0.7664319248826291 0.0448943661971831 0.107981220657277
0 0.8019366197183099 0.7438380281690141 0.05545774647887324 0.12030516431924883
0 0.14942781690140844 0.46830985915492956 0.1113556338028169 0.045774647887323945
0 0.680237676056338 0.26848591549295775 0.13512323943661972 0.08039906103286384
0 0.2794894366197183 0.4724178403755869 0.09859154929577464 0.056338028169014086
0 0.03675176056338028 0.26261737089201875 0.0664612676056338 0.05927230046948357
0 0.019586267605633804 0.7752347417840375 0.03829225352112676 0.13380281690140844
0 0.8648767605633803 0.5 0.10299295774647887 0.17370892018779344
0 0.9575264084507042 0.4665492957746479 0.055897887323943664 0.11150234741784038
0 0.8855633802816901 0.1789906103286385 0.0528169014084507 0.10211267605633803
0 0.9804137323943662 0.7948943661971831 0.04621478873239437 0.15551643192488263
0 0.620818661971831 0.8104460093896714 0.08494718309859155 0.15492957746478872
0 0.9174735915492958 0.3001760563380282 0.10607394366197183 0.10974178403755869
0 0.32702464788732394 0.4424882629107981 0.0 0.0
0 0.3617957746478873 0.2068661971830986 0.14788732394366197 0.16725352112676056
0 0.176056338028169 0.20099765258215962 0.1875 0.18838028169014084
0 0.5277288732394366 0.09477699530516431 0.15404929577464788 0.06514084507042253
