0 0.5013204225352113 0.352406103286385 0.0994718309859155 0.20246478873239437
0 0.6258802816901409 0.36384976525821594 0.11971830985915492 0.215962441314554
0 0.6582306338028169 0.7004107981220657 0.09727112676056338 0.24002347417840375
0 0.7627640845070423 0.7098004694835681 0.11971830985915492 0.24002347417840375
0 0.3769806338028169 0.6660798122065728 0.08582746478873239 0.19248826291079812
0 0.27178697183098594 0.6898474178403756 0.09022887323943662 0.15786384976525822
0 0.891725352112676 0.3700117370892019 0.1153169014084507 0.2142018779342723
0 0.12477992957746478 0.3312793427230047 0.08846830985915492 0.19072769953051644
0 0.7647447183098591 0.3562206572769953 0.11575704225352113 0.18779342723004694
0 0.37125880281690143 0.3274647887323944 0.09375 0.18309859154929578
0 0.47755281690140844 0.7065727699530516 0.08450704225352113 0.18192488262910797
0 0.2746478873239437 0.2992957746478873 0.09066901408450705 0.16549295774647887
0 0.06558098591549295 0.6725352112676056 0.09154929577464789 0.19131455399061034
0 0.577024647887324 0.6607981220657277 0.0721830985915493 0.18544600938967137
0 0.136443661971831 0.6161971830985915 0.0448943661971831 0.11854460093896714
0 0.1855193661971831 0.625 0.050616197183098594 0.1255868544600939
0 0.9397007042253521 0.7458920187793427 0.11179577464788733 0.19014084507042253
0 0.4845950704225352 0.07071596244131455 0.15933098591549297 0.13204225352112675
0 0.6544894366197183 0.07687793427230047 0.15580985915492956 0.1443661971830986
0 0.7977552816901409 0.09419014084507042 0.10167253521126761 0.1426056338028169
0 0.9159330985915493 0.10622065727699531 0.11619718309859155 0.13380281690140844
0 0.08450704225352113 0.0806924882629108 0.11091549295774648 0.10974178403755869
0 0.18287852112676056 0.06572769953051644 0.08142605633802817 0.12206572769953052
0 0.2577024647887324 0.07012910798122066 0.0664612676056338 0.13673708920187794
0 0.3573943661971831 0.0698356807511737 0.08626760563380281 0.13028169014084506
0 0.03587147887323944 0.3333333333333333 0.06998239436619719 0.20305164319248825
