0 0.0008802816901408451 0.08274647887323944 0.044893978749256096 0.18539744924948756
0 0.0528169014084507 0.10856807511737089 0.09900844326522515 0.18186116897000154
0 0.09903169014084508 0.09213615023474178 0.14300218675609996 0.17893653981793736
0 0.1580105633802817 0.08450704225352113 0.19403256577316008 0.17013820009257424
0 0.18397887323943662 0.06338028169014084 0.22439085436917278 0.18071397870792832
0 0.22579225352112675 0.051056338028169015 0.27498864777573895 0.18541604674998347
0 0.2764084507042254 0.04988262910798122 0.3304241159988098 0.17896133648526527
0 0.34066901408450706 0.057511737089201875 0.42502611399027973 0.2605296292622716
0 0.43221830985915494 0.0528169014084507 0.5257780729269986 0.2752037459498777
0 0.5290492957746479 0.0539906103286385 0.6203657353451696 0.275203057153563
0 0.6197183098591549 0.13849765258215962 0.7770159690537592 0.2786745905794706
0 0.823943661971831 0.06338028169014084 0.9080880529656814 0.22707548105534617
0 0.909330985915493 0.06455399061032864 0.9881561043195795 0.23176962793978267
0 0.0022007042253521128 0.2634976525821596 0.08362579194356279 0.4229674309550574
0 0.08230633802816902 0.24706572769953053 0.13640743559065663 0.4200428018029932
0 0.1386443661971831 0.24413145539906103 0.19272066709234278 0.4200445237937799
0 0.25704225352112675 0.23943661971830985 0.3000629215433446 0.4200472789790386
0 0.3261443661971831 0.33098591549295775 0.420631098430371 0.5232799378430205
0 0.4141725352112676 0.3779342723004695 0.500697987440488 0.5326420573519364
0 0.5528169014084507 0.32805164319248825 0.6485242883356477 0.4921783734488307
0 0.6500880281690141 0.4636150234741784 0.7422314753397143 0.5537185357843462
0 0.7367957746478874 0.32805164319248825 0.7954503539724261 0.496286354669488
0 0.855193661971831 0.32805164319248825 0.9375637351839912 0.4798544297868589
0 0.01232394366197183 0.6379107981220657 0.06645584333465582 0.744343949062135
0 0.07086267605633803 0.6455399061032864 0.13289134565314423 0.747860598646653
0 0.12764084507042253 0.6455399061032864 0.18040156652945846 0.7490343075668408
0 0.20202464788732394 0.6232394366197183 0.24903079901061295 0.7384840144151292
0 0.2649647887323944 0.6167840375586855 0.30666154718805794 0.7191216056117613
0 0.3248239436619718 0.5927230046948356 0.40830773594028963 0.7549338480019396
0 0.40492957746478875 0.6097417840375586 0.494980224657806 0.7748769120985695
0 0.5057218309859155 0.5991784037558685 0.5776823407434041 0.7161976652560119
0 0.5765845070422535 0.6455399061032864 0.6247462216078159 0.7719216315105027
0 0.610475352112676 0.596244131455399 0.6735869386654434 0.7279364764486763
0 0.6804577464788732 0.5991784037558685 0.7400174041608808 0.7308690267583593
0 0.746919014084507 0.602112676056338 0.8315374476170402 0.7549283376314223
0 0.8349471830985915 0.602112676056338 0.896639547894763 0.7519940653309528
0 0.8983274647887324 0.6203051643192489 0.9542701023482445 0.7989317457955873
0 0.934419014084507 0.6003521126760564 0.999 0.784858948290683
0 0.03609154929577465 0.8169014084507042 0.11177988928288038 0.9085581564504397
0 0.10607394366197183 0.8321596244131455 0.17688993224310653 0.9596055401265181
0 0.17473591549295775 0.8186619718309859 0.2719301338400119 0.9625477335846062
0 0.2706866197183099 0.8532863849765259 0.32954635272019445 0.9683959586942625
0 0.3261443661971831 0.8080985915492958 0.43999729561346956 0.9913098012960392
0 0.4300176056338028 0.8186619718309859 0.5359022809834358 0.9989327101104278
0 0.542693661971831 0.840962441314554 0.6586519834234279 0.9959853506799797
0 0.6861795774647887 0.840962441314554 0.7919515054676651 0.9971590596001675
0 0.7931338028169014 0.8215962441314554 0.8843340080093235 0.9942361524388901
0 0.9018485915492958 0.8186619718309859 0.9969622145283673 0.999
0 0.007042253521126761 0.47183098591549294 0.0660180271771474 0.5642770944918336
0 0.06954225352112677 0.4823943661971831 0.20067361696587976 0.5824633835879125
0 0.20158450704225353 0.4794600938967136 0.31417183780499897 0.5748359975974785
0 0.6500880281690141 0.38967136150234744 0.7101011936495735 0.45575723511648925
