0 0.22579225352112675 0.41725352112676056 0.06866197183098592 0.16784037558685447
0 0.8111795774647887 0.49061032863849763 0.10827464788732394 0.08215962441314555
0 0.448943661971831 0.7350352112676056 0.10123239436619719 0.19190140845070422
0 0.17539612676056338 0.721244131455399 0.11839788732394366 0.19248826291079812
0 0.30391725352112675 0.7432511737089202 0.10607394366197183 0.14730046948356806
0 0.2970950704225352 0.42869718309859156 0.06338028169014084 0.16607981220657278
0 0.28829225352112675 0.1352699530516432 0.07570422535211267 0.1965962441314554
0 0.1892605633802817 0.12089201877934272 0.06338028169014084 0.17488262910798122
0 0.7081866197183099 0.29577464788732394 0.09683098591549295 0.11971830985915492
0 0.055897887323943664 0.15669014084507044 0.07394366197183098 0.20657276995305165
0 0.7359154929577465 0.07306338028169014 0.11971830985915492 0.1073943661971831
0 0.8380281690140845 0.6857394366197183 0.10123239436619719 0.10974178403755869
0 0.8490316901408451 0.28080985915492956 0.11003521126760564 0.041666666666666664
0 0.3670774647887324 0.4533450704225352 0.05457746478873239 0.1613849765258216
0 0.7169894366197183 0.6892605633802817 0.0880281690140845 0.09800469483568075
0 0.026628521126760563 0.4140258215962441 0.04709507042253521 0.15669014084507044
0 0.8882042253521126 0.10856807511737089 0.13468309859154928 0.09507042253521127
0 0.592649647887324 0.30369718309859156 0.1113556338028169 0.11678403755868545
0 0.15911091549295775 0.4565727699530516 0.04973591549295775 0.07981220657276995
0 0.5963908450704225 0.06895539906103286 0.11003521126760564 0.12265258215962441
0 0.8463908450704225 0.34624413145539906 0.10387323943661972 0.04107981220657277
0 0.9581866197183099 0.352112676056338 0.07570422535211267 0.04929577464788732
0 0.956205985915493 0.2761150234741784 0.08318661971830986 0.051056338028169015
0 0.22799295774647887 0.937793427230047 0.10035211267605634 0.10328638497652583
0 0.34330985915492956 0.9427816901408451 0.07394366197183098 0.09213615023474178
0 0.45840669014084506 0.9465962441314554 0.1034330985915493 0.08568075117370892
0 0.7962147887323944 0.8585680751173709 0.08714788732394366 0.10093896713615023
0 0.5776848591549296 0.835387323943662 0.09727112676056338 0.08392018779342723
0 0.0977112676056338 0.9251760563380281 0.10299295774647887 0.1238262910798122
0 0.7013644366197183 0.8400821596244131 0.07702464788732394 0.09096244131455399
0 0.9163732394366197 0.8544600938967136 0.10915492957746478 0.10328638497652583
0 0.4949383802816901 0.4307511737089202 0.05149647887323944 0.17488262910798122
0 0.47909330985915494 0.14055164319248825 0.0488556338028169 0.22241784037558684
0 0.952024647887324 0.5038145539906104 0.09595070422535211 0.09565727699530517
0 0.6784771126760564 0.4923708920187793 0.13424295774647887 0.08098591549295775
0 0.573943661971831 0.48826291079812206 0.0625 0.06455399061032864
0 0.5818661971830986 0.6924882629107981 0.1073943661971831 0.08685446009389672
0 0.9597271126760564 0.7098004694835681 0.08054577464788733 0.11913145539906103
0 0.04357394366197183 0.7095070422535211 0.07042253521126761 0.17253521126760563
0 0.43045774647887325 0.42370892018779344 0.06866197183098592 0.17018779342723006
