0 0.016725352112676055 0.18309859154929578 0.147879962433049 0.28569066984064007
0 0.02772887323943662 0.2887323943661972 0.15447723201001787 0.3812859551676255
0 0.14128521126760563 0.1056338028169014 0.2644624624950407 0.2024027970640746
0 0.15536971830985916 0.20539906103286384 0.26753724924370165 0.29624096299235164
0 0.16549295774647887 0.3034037558685446 0.2776560330291609 0.3853853264343495
0 0.2733274647887324 0.10093896713615023 0.41273181009472326 0.17012855694416892
0 0.2764084507042254 0.1772300469483568 0.41713186247768297 0.2328772124137627
0 0.28080985915492956 0.23591549295774647 0.41404893932255504 0.28742023738676187
0 0.2852112676056338 0.2857981220657277 0.40832517109700456 0.3384473015715577
0 0.2909330985915493 0.34624413145539906 0.4105233569108312 0.3912287299698032
0 0.4216549295774648 0.1056338028169014 0.5570327223021226 0.1847971632612577
0 0.426056338028169 0.18896713615023475 0.5513089540765721 0.2551707939341841
0 0.4273767605633803 0.26115023474178406 0.5469069644539774 0.3255509681720999
0 0.43045774647887325 0.32981220657276994 0.5438246224707399 0.37950128391633053
0 0.5638204225352113 0.18603286384976525 0.686811698757687 0.24930397132403181
0 0.5669014084507042 0.2494131455399061 0.6854899201547312 0.3167550392338381
0 0.5536971830985915 0.3198356807511737 0.6714112248313826 0.3765728663845357
0 0.6980633802816901 0.10856807511737089 0.8262772608361436 0.184795441270471
0 0.7011443661971831 0.18896713615023475 0.824075200543047 0.2463679770327757
0 0.6914612676056338 0.25528169014084506 0.8042731244420749 0.3050145060503868
0 0.6892605633802817 0.31103286384976525 0.7945909944703432 0.36953577883576894
0 0.8345070422535211 0.12323943661971831 0.961780586689149 0.19652392051841566
0 0.829225352112676 0.1965962441314554 0.9485786860245983 0.25516631675813883
0 0.8111795774647887 0.2564553990610329 0.9243788822282285 0.3167509064559501
0 0.8058978873239436 0.3198356807511737 0.9120572632538186 0.3765728663845357
0 0.954225352112676 0.20363849765258216 0.999 0.253988475060063
0 0.9313380281690141 0.2652582159624413 0.999 0.3091166325023694
0 0.9203345070422535 0.3198356807511737 0.999 0.3730517396239723
0 0.03345070422535211 0.7188967136150235 0.1729606290914501 0.8076767038065639
0 0.043133802816901406 0.5663145539906104 0.17735777561495736 0.6522498154025876
0 0.05765845070422535 0.4970657276995305 0.19275631230162665 0.5613280130705989
0 0.1949823943661972 0.48826291079812206 0.3181360112700853 0.5613331790429589
0 0.18397887323943662 0.5616197183098591 0.30845775577762347 0.6393417724657806
0 0.17649647887323944 0.6408450704225352 0.30405964063429874 0.7390605369305032
0 0.1817781690140845 0.79518779342723 0.30405731594673674 0.8534065799334347
0 0.19190140845070422 0.8626760563380281 0.31153525466177345 0.9044233121735106
0 0.04973591549295775 0.8697183098591549 0.17867529229071613 0.9102877239965615
0 0.037852112676056336 0.8157276995305164 0.17515939607716724 0.8680658875002756
0 0.323943661971831 0.4735915492957746 0.4501215036699068 0.5496046997950143
0 0.31294014084507044 0.5575117370892019 0.4470453608535013 0.6405178921730696
0 0.3107394366197183 0.6467136150234741 0.451447737924023 0.7460993464700567
0 0.31514084507042256 0.7963615023474179 0.4413225612477683 0.8457767831558993
0 0.3204225352112676 0.8491784037558685 0.4435209407855584 0.8915204352090635
0 0.4581866197183099 0.4724178403755869 0.577703262931462 0.5437368439903899
0 0.4537852112676056 0.5528169014084507 0.5821066086218012 0.6452154830390795
0 0.4546654929577465 0.6936619718309859 0.5900287563851419 0.791846442504794
0 0.4590669014084507 0.8315727699530516 0.5768225937933942 0.8827279502523749
0 0.5902288732394366 0.6965962441314554 0.706606413348046 0.8035818097158853
0 0.5867077464788732 0.45892018779342725 0.7162910617313033 0.5396367839273513
0 0.5902288732394366 0.5780516431924883 0.7022050048973417 0.6452006739183143
0 0.5880281690140845 0.6455399061032864 0.7044066777425114 0.6950436972382023
0 0.5779049295774648 0.8345070422535211 0.6920871897317 0.8956370263836541
0 0.7605633802816901 0.5381455399061033 0.890070174568538 0.6346607127113227
0 0.7517605633802817 0.676056338028169 0.870267711019639 0.74608212656219
0 0.7420774647887324 0.7453051643192489 0.8495853532285261 0.8006189523683572
0 0.7407570422535211 0.7981220657276995 0.8482655118652053 0.8416677687407701
0 0.735475352112676 0.8450704225352113 0.841665723876711 0.8868280103154136
0 0.8851232394366197 0.6338028169014085 0.992568167588276 0.7361303974079217
0 0.8851232394366197 0.7306338028169014 0.9793639422361634 0.7959327266415394
0 0.8675176056338029 0.7934272300469484 0.9604456348566751 0.8592761577288457
0 0.8661971830985915 0.8609154929577465 0.9573652301130728 0.9003163641473253
0 0.9300176056338029 0.5469483568075117 0.9947491119693512 0.6317212744384932
0 0.9630281690140845 0.79518779342723 0.999 0.8856835752385991
0 0.8199823943661971 0.4823943661971831 0.9120510640869868 0.5407967169212459
0 0.04665492957746479 0.6514084507042254 0.16547242300634796 0.7155801593599154
