0 0.6298415492957746 0.7350352112676056 0.1056338028169014 0.21185446009389672
0 0.7420774647887324 0.7476525821596244 0.09066901408450705 0.20657276995305165
0 0.5 0.7306338028169014 0.10827464788732394 0.20657276995305165
0 0.8908450704225352 0.4533450704225352 0.1698943661971831 0.10152582159624413
0 0.6492077464788732 0.10944835680751173 0.12940140845070422 0.10856807511737089
0 0.710387323943662 0.44160798122065725 0.16109154929577466 0.10152582159624413
0 0.1894806338028169 0.7007042253521126 0.08934859154929578 0.2312206572769953
0 0.24735915492957747 0.36619718309859156 0.1056338028169014 0.19131455399061034
0 0.38798415492957744 0.7318075117370892 0.09198943661971831 0.1784037558685446
0 0.08912852112676056 0.7109741784037559 0.09727112676056338 0.23650234741784038
0 0.8272447183098591 0.7579225352112676 0.06558098591549295 0.21185446009389672
0 0.14568661971830985 0.3532863849765258 0.08274647887323944 0.19014084507042253
0 0.390625 0.35475352112676056 0.10783450704225352 0.20833333333333334
0 0.5473151408450704 0.2793427230046948 0.15272887323943662 0.06807511737089202
0 0.3873239436619718 0.06924882629107981 0.13556338028169015 0.04929577464788732
0 0.3899647887323944 0.12206572769953052 0.11267605633802817 0.04107981220657277
0 0.8824823943661971 0.35181924882629106 0.15580985915492956 0.06044600938967136
0 0.5314700704225352 0.4061032863849765 0.1694542253521127 0.15375586854460094
0 0.22975352112676056 0.07775821596244131 0.11003521126760564 0.07687793427230047
0 0.8866637323943662 0.7520539906103286 0.05677816901408451 0.2106807511737089
0 0.961487676056338 0.738849765258216 0.0743838028169014 0.24413145539906103
0 0.8065580985915493 0.12793427230046947 0.12544014084507044 0.08098591549295775
0 0.527068661971831 0.07834507042253522 0.09727112676056338 0.15316901408450703
0 0.10167253521126761 0.08890845070422536 0.12411971830985916 0.13204225352112675
0 0.03939260563380282 0.3456572769953052 0.0743838028169014 0.22417840375586853
0 0.945862676056338 0.11883802816901408 0.1056338028169014 0.125
