0 0.09419014084507042 0.08597417840375587 0.11883802816901408 0.08392018779342723
0 0.22777288732394366 0.10856807511737089 0.1580105633802817 0.04812206572769953
0 0.2746478873239437 0.05193661971830986 0.12323943661971831 0.034624413145539906
0 0.40008802816901406 0.04665492957746479 0.12323943661971831 0.04518779342723005
0 0.3886443661971831 0.11120892018779342 0.14788732394366197 0.04518779342723005
0 0.6692341549295775 0.2875586854460094 0.10167253521126761 0.2136150234741784
0 0.5422535211267606 0.35357981220657275 0.136443661971831 0.0721830985915493
0 0.5473151408450704 0.23767605633802816 0.1289612676056338 0.0539906103286385
0 0.8140404929577465 0.1698943661971831 0.10255281690140845 0.04518779342723005
0 0.7775088028169014 0.2981220657276995 0.09727112676056338 0.19248826291079812
0 0.8745598591549296 0.2904929577464789 0.06338028169014084 0.1983568075117371
0 0.9575264084507042 0.3060446009389671 0.08494718309859155 0.18720657276995306
0 0.9388204225352113 0.18163145539906103 0.06073943661971831 0.034624413145539906
0 0.9253961267605634 0.14524647887323944 0.0743838028169014 0.028755868544600938
0 0.5308098591549296 0.545774647887324 0.09595070422535211 0.20305164319248825
0 0.6382042253521126 0.5830399061032864 0.10475352112676056 0.22711267605633803
0 0.7447183098591549 0.5748239436619719 0.09683098591549295 0.20481220657276994
0 0.8549735915492958 0.5563380281690141 0.08230633802816902 0.20305164319248825
0 0.9359595070422535 0.5856807511737089 0.0664612676056338 0.20774647887323944
0 0.9859154929577465 0.5936032863849765 0.028169014084507043 0.13321596244131456
0 0.4251760563380282 0.4515845070422535 0.0880281690140845 0.15669014084507044
0 0.3871038732394366 0.25586854460093894 0.10167253521126761 0.06572769953051644
0 0.27816901408450706 0.25440140845070425 0.1073943661971831 0.07570422535211267
0 0.15845070422535212 0.2676056338028169 0.1073943661971831 0.08685446009389672
0 0.046875 0.2147887323943662 0.08934859154929578 0.05868544600938967
0 0.04423415492957746 0.2775821596244131 0.08758802816901408 0.06690140845070422
0 0.034991197183098594 0.5041079812206573 0.06294014084507042 0.06338028169014084
0 0.1269806338028169 0.4642018779342723 0.07790492957746478 0.12206572769953052
0 0.22403169014084506 0.4709507042253521 0.08450704225352113 0.12030516431924883
0 0.3430897887323944 0.45539906103286387 0.0743838028169014 0.07981220657276995
0 0.06756161971830986 0.687793427230047 0.06294014084507042 0.06338028169014084
0 0.14612676056338028 0.7056924882629108 0.10299295774647887 0.09683098591549295
0 0.25044014084507044 0.6998239436619719 0.08538732394366197 0.09917840375586855
0 0.3362676056338028 0.6945422535211268 0.09507042253521127 0.11561032863849766
0 0.4319982394366197 0.7012910798122066 0.09022887323943662 0.11737089201877934
0 0.13534330985915494 0.8518192488262911 0.11047535211267606 0.0721830985915493
0 0.339568661971831 0.8773474178403756 0.1131161971830986 0.06338028169014084
0 0.45686619718309857 0.8873239436619719 0.11267605633802817 0.05868544600938967
0 0.608274647887324 0.8744131455399061 0.18045774647887325 0.06924882629107981
0 0.9355193661971831 0.863556338028169 0.1289612676056338 0.06866197183098592
0 0.5248679577464789 0.038438967136150234 0.10607394366197183 0.0733568075117371
0 0.639524647887324 0.03931924882629108 0.1153169014084507 0.07746478873239436
0 0.7508802816901409 0.04137323943661972 0.10035211267605634 0.07687793427230047
0 0.8547535211267606 0.04401408450704225 0.10035211267605634 0.08685446009389672
0 0.9533450704225352 0.047828638497652586 0.09330985915492958 0.09448356807511737
