0 0.18265845070422534 0.125 0.23803580173824637 0.2827904929577465
0 0.2425176056338028 0.13086854460093897 0.29566790598343584 0.2845476123564548
0 0.29797535211267606 0.1267605633802817 0.35066110239783777 0.28278945976327446
0 0.40625 0.12793427230046947 0.4602085167253521 0.2904178789481805
0 0.4907570422535211 0.13086854460093897 0.5389565329919659 0.29804526493861444
0 0.5484154929577465 0.13673708920187794 0.6009910143076771 0.2980418209570412
0 0.4942781690140845 0.07042253521126761 0.5424761099608213 0.13200092574224692
0 0.610475352112676 0.07511737089201878 0.6744672203555843 0.16251460248187088
0 0.6769366197183099 0.07511737089201878 0.7342971229666733 0.16544887478234035
0 0.6091549295774648 0.16255868544600938 0.6665452663162071 0.306829484339527
0 0.6738556338028169 0.16255868544600938 0.7466224226963897 0.306829484339527
0 0.7640845070422535 0.15492957746478872 0.8447341177345764 0.3144630694967929
0 0.8838028169014085 0.16255868544600938 0.9564771994643919 0.3162191557010293
0 0.0880281690140845 0.15786384976525822 0.17953871999603255 0.40601064328065417
0 0.08098591549295775 0.5011737089201878 0.1826228054949415 0.7326871046309155
0 0.01584507042253521 0.812793427230047 0.12983457523308867 0.9760488301483392
0 0.2244718309859155 0.7723004694835681 0.3361688064124182 0.9250162555930261
0 0.34991197183098594 0.7769953051643192 0.4703565528292997 0.9344031717692698
0 0.488556338028169 0.8697183098591549 0.6621969382315016 0.9431515737618198
0 0.4964788732394366 0.789906103286385 0.6608730286649473 0.857517660737508
0 0.6848591549295775 0.7869718309859155 0.8425682838226543 0.8375663310851021
0 0.6839788732394366 0.8380281690140845 0.8641355726790318 0.8827241618726444
0 0.6941021126760564 0.8802816901408451 0.8676522437884349 0.9595772994776168
0 0.9005281690140845 0.9014084507042254 0.999 0.959564901143953
0 0.8882042253521126 0.8309859154929577 0.9947675157458837 0.890357402631753
0 0.8701584507042254 0.7734741784037559 0.9925747542030351 0.830531998721594
0 0.19278169014084506 0.5134976525821596 0.2899679658053958 0.6710601539597523
0 0.29313380281690143 0.5252347417840375 0.400399148854394 0.6786823739778263
0 0.4005281690140845 0.5252347417840375 0.44788709147490574 0.6827903551984835
0 0.4524647887323944 0.5328638497652582 0.5402938095120016 0.6375980845952082
0 0.5440140845070423 0.5311032863849765 0.6282816839416782 0.6440545168507131
0 0.4524647887323944 0.6426056338028169 0.5416142320472128 0.7056087995106791
0 0.5470950704225352 0.6484741784037559 0.629600750409145 0.709713336749763
0 0.6307218309859155 0.5387323943661971 0.7140709851096012 0.7068434669047147
0 0.7152288732394366 0.5375586854460094 0.8517978746156516 0.7009756111000904
0 0.8529929577464789 0.5446009389671361 0.9859801967615551 0.7097742952236109
0 0.18265845070422534 0.33098591549295775 0.30581749187909146 0.4047353369040534
0 0.1795774647887324 0.4096244131455399 0.30229772118627257 0.4710037415415812
0 0.3067781690140845 0.36561032863849763 0.43208328425659587 0.47689811600432014
0 0.4335387323943662 0.35093896713615025 0.5618690410508828 0.4827752705591924
0 0.5721830985915493 0.3568075117370892 0.7127763278615354 0.48159811765743127
0 0.7200704225352113 0.3550469483568075 0.8649999690041659 0.43171652174392205
0 0.7200704225352113 0.4301643192488263 0.8548767295675461 0.4991607016905817
0 0.8890845070422535 0.3568075117370892 0.9982882550585201 0.4405183054508585
0 0.8860035211267606 0.4471830985915493 0.999 0.5067798221252398
0 0.042693661971830985 0.0005868544600938967 0.13422416652201943 0.09213580583658446
