0 0.6461267605633803 0.4102112676056338 0.08890845070422536 0.1807511737089202
0 0.4201144366197183 0.44923708920187794 0.12015845070422536 0.21654929577464788
0 0.2827904929577465 0.45217136150234744 0.07966549295774648 0.23415492957746478
0 0.8362676056338029 0.44571596244131456 0.05457746478873239 0.20598591549295775
0 0.7370158450704225 0.11678403755868545 0.09727112676056338 0.21830985915492956
0 0.4753521126760563 0.7623239436619719 0.07306338028169014 0.14788732394366197
0 0.8714788732394366 0.1238262910798122 0.07394366197183098 0.21948356807511737
0 0.5627200704225352 0.749706572769953 0.07878521126760564 0.1437793427230047
0 0.33846830985915494 0.7476525821596244 0.09683098591549295 0.1619718309859155
0 0.5363116197183099 0.420481220657277 0.07086267605633803 0.1813380281690141
0 0.4038292253521127 0.10123239436619719 0.07702464788732394 0.15786384976525822
0 0.3058978873239437 0.13204225352112675 0.09507042253521127 0.20305164319248825
0 0.6329225352112676 0.12206572769953052 0.043133802816901406 0.16666666666666666
0 0.14744718309859156 0.11737089201877934 0.08626760563380281 0.2136150234741784
0 0.05743838028169014 0.14935446009389672 0.055897887323943664 0.12969483568075119
0 0.5231073943661971 0.13321596244131456 0.055897887323943664 0.17370892018779344
0 0.06756161971830986 0.4721244131455399 0.047975352112676055 0.1637323943661972
0 0.06536091549295775 0.7394366197183099 0.08582746478873239 0.13615023474178403
0 0.9667693661971831 0.07482394366197183 0.055897887323943664 0.12969483568075119
0 0.9575264084507042 0.3852699530516432 0.07350352112676056 0.10387323943661972
0 0.19806338028169015 0.9747652582159625 0.11267605633802817 0.06103286384976526
0 0.6410651408450704 0.7417840375586855 0.07086267605633803 0.1619718309859155
0 0.33516725352112675 0.9595070422535211 0.11047535211267606 0.07629107981220658
0 0.7944542253521126 0.9624413145539906 0.12588028169014084 0.08333333333333333
0 0.5365316901408451 0.9589201877934272 0.051056338028169015 0.07042253521126761
0 0.7484595070422535 0.7482394366197183 0.06205985915492958 0.1643192488262911
0 0.05149647887323944 0.948650234741784 0.09419014084507042 0.07922535211267606
0 0.8466109154929577 0.7411971830985915 0.07790492957746478 0.14788732394366197
0 0.6494278169014085 0.954518779342723 0.09991197183098592 0.06866197183098592
0 0.24361795774647887 0.738849765258216 0.05501760563380282 0.17253521126760563
0 0.17077464788732394 0.7241784037558685 0.06690140845070422 0.13028169014084506
0 0.9269366197183099 0.7987089201877934 0.06602112676056338 0.11150234741784038
