0 0.005721830985915493 0.005868544600938967 0.08890593229269986 0.16842378606537503
0 0.09463028169014084 0.005868544600938967 0.23763440568587582 0.1566866968634971
0 0.3191021126760563 0.007629107981220657 0.3995074374504067 0.07804716601644295
0 0.4027288732394366 0.0029342723004694834 0.5020234467987502 0.08450532026273445
0 0.5158450704225352 0.007629107981220657 0.601005349880976 0.08156829277700633
0 0.6161971830985915 0.0005868544600938967 0.7026337160285657 0.0827461344750821
0 0.7007042253521126 0.0029342723004694834 0.7783007463796865 0.08567902918292225
0 0.7772887323943662 0.004694835680751174 0.8583726722128546 0.11267330115276952
0 0.9027288732394366 0.004694835680751174 0.9969618270804403 0.13673433401661927
0 0.04841549295774648 0.22887323943661972 0.16018995796964888 0.3883633373008001
0 0.1795774647887324 0.27406103286384975 0.28425194653838526 0.37307860268024423
0 0.28565140845070425 0.198943661971831 0.3629904703307876 0.3778175213251339
0 0.4185739436619718 0.19718309859154928 0.49761506428536 0.37488428221913644
0 0.49867957746478875 0.20187793427230047 0.5900093839887919 0.3731209636535961
0 0.5699823943661971 0.22300469483568075 0.65775969084755 0.4499864995922326
0 0.6602112676056338 0.22300469483568075 0.7523502591251735 0.45116020851242034
0 0.7605633802816901 0.21830985915492956 0.8425349633009324 0.45468409045824243
0 0.8543133802816901 0.20305164319248825 0.9274408831952985 0.42711088518591994
0 0.05193661971830986 0.5099765258215962 0.12629756310751833 0.6164847555599638
0 0.1443661971830986 0.5088028169014085 0.20856321910335252 0.6335042236990015
0 0.21214788732394366 0.505868544600939 0.28643831519043844 0.6393744902907272
0 0.28565140845070425 0.5011737089201878 0.38455737173923826 0.6646119872600235
0 0.3882042253521127 0.5099765258215962 0.46681857208391186 0.6604988400670061
0 0.46610915492957744 0.5146713615023474 0.5156399167451894 0.719181530891137
0 0.516725352112676 0.505868544600939 0.6036458075034715 0.6980599363001169
0 0.6025528169014085 0.5070422535211268 0.6903157778094624 0.6857353038418303
0 0.6919014084507042 0.5011737089201878 0.7884278602955762 0.6511143346778638
0 0.8080985915492958 0.505868544600939 0.9146971397044237 0.6828017203376756
0 0.9141725352112676 0.5011737089201878 0.999 0.7174288886684741
0 0.0008802816901408451 0.727112676056338 0.10255242945348145 0.9203479385703894
0 0.08890845070422536 0.7482394366197183 0.22663340297064075 0.9825421130066785
0 0.2482394366197183 0.7482394366197183 0.3779717256000793 0.9825421130066785
0 0.36311619718309857 0.732981220657277 0.4795936988568737 0.9432318185324782
0 0.49867957746478875 0.7224178403755869 0.5908896656789328 0.9414774543190284
0 0.6047535211267606 0.7282863849765259 0.7127619922882366 0.9567322262998963
0 0.7209507042253521 0.7312206572769953 0.8619185956407459 0.9643596122903304
0 0.934419014084507 0.732981220657277 0.9960675972649276 0.9174102222883468
0 0.24339788732394366 0.0005868544600938967 0.31019216642283276 0.083332988935176
