0 0.010123239436619719 0.025821596244131457 0.0699779387150367 0.11618202957966894
0 0.06294014084507042 0.01936619718309859 0.117049762261952 0.10973041889836672
0 0.13996478873239437 0.0029342723004694834 0.18831867746974806 0.11736917002799267
0 0.19058098591549297 0.005868544600938967 0.23891259639704424 0.11267261235645486
0 0.2517605633802817 0.01056338028169014 0.3137096124280897 0.11619098393175957
0 0.3362676056338028 0.004694835680751174 0.3924576286947034 0.1173681368335207
0 0.4084507042253521 0.0029342723004694834 0.466809660781591 0.10387151744583305
0 0.48063380281690143 0.013497652582159625 0.5389609886431264 0.10973386287994005
0 0.5418133802816901 0.015258215962441314 0.5820678638291014 0.10855912076528026
0 0.5902288732394366 0.01056338028169014 0.6375043006719896 0.10562760365006943
0 0.690580985915493 0.0017605633802816902 0.7400129485097203 0.10974075084308668
0 0.7389964788732394 0.0017605633802816902 0.8108543149300733 0.11267502314355617
0 0.8204225352112676 0.009389671361502348 0.8706776309264035 0.10973627366704138
0 0.030369718309859156 0.22887323943661972 0.15579649220144812 0.3097248396482179
0 0.02596830985915493 0.3086854460093897 0.16240054211713947 0.3759925554894311
0 0.31161971830985913 0.2347417840375587 0.4197572096310256 0.3912941656196963
0 0.4850352112676056 0.20011737089201878 0.5697689105584209 0.3760562691485375
0 0.5743838028169014 0.16549295774647887 0.6383915564248165 0.3819451332407591
0 0.6386443661971831 0.16549295774647887 0.7026238361064273 0.3819451332407591
0 0.7517605633802817 0.16842723004694835 0.7804789786252728 0.37783543002931513
0 0.784330985915493 0.16255868544600938 0.8266794317843682 0.3760783106306068
0 0.8485915492957746 0.2846244131455399 0.9239222748462608 0.49220385891247326
0 0.922975352112676 0.32981220657276994 0.9969529157781194 0.5068487017567062
0 0.8745598591549296 0.005868544600938967 0.9635235211887522 0.20187449029072713
0 0.03389084507042254 0.43485915492957744 0.13862944945199365 0.47861804040203665
0 0.03477112676056338 0.47417840375586856 0.153593850736461 0.5325855760541338
0 0.15669014084507044 0.46068075117370894 0.2719380765225154 0.5372883328925037
0 0.1602112676056338 0.4184272300469484 0.268415399970244 0.46923801218893957
0 0.269806338028169 0.4694835680751174 0.3858847683371355 0.541391148140801
0 0.38688380281690143 0.4636150234741784 0.5301994349459432 0.5507842634838767
0 0.5391725352112676 0.4636150234741784 0.686822547299643 0.5413945921223743
0 0.690580985915493 0.4647887323943662 0.8209988640026781 0.5490230113072803
0 0.0022007042253521128 0.6443661971830986 0.08450607363370363 0.7191054188983668
0 0.08362676056338028 0.6561032863849765 0.1870230516018647 0.7267276389164408
0 0.18705985915492956 0.6684272300469484 0.28997048421692123 0.7296546788556062
0 0.19410211267605634 0.5886150234741784 0.28996738463350524 0.6528235827327029
0 0.29005281690140844 0.5839201877934272 0.40964346266861734 0.6528263379179616
0 0.2878521126760563 0.6549295774647887 0.4096444312884348 0.7308363089334127
0 0.4097711267605634 0.6273474178403756 0.4703302063702639 0.7296787867266195
0 0.47403169014084506 0.6185446009389671 0.5358829085870859 0.732618224999449
0 0.5462147887323944 0.6426056338028169 0.6045131096880579 0.7296698323745289
0 0.6069542253521126 0.6455399061032864 0.6634652490205316 0.7372972183649629
0 0.6725352112676056 0.6003521126760564 0.7364997644316604 0.7478871173047675
0 0.7504401408450704 0.602112676056338 0.8064478696563182 0.705632562983535
0 0.8384683098591549 0.5598591549295775 0.9406520826100971 0.7461503173973417
0 0.9242957746478874 0.5821596244131455 0.999 0.7625691551499922
0 0.0035211267605633804 0.812793427230047 0.08230478823646102 0.8933023512750998
0 0.17825704225352113 0.8169014084507042 0.3036187248933743 0.8844971235865899
0 0.3204225352112676 0.8157276995305164 0.4017075605038683 0.9748733992373647
0 0.4027288732394366 0.8204225352112676 0.4703333059536798 0.9701758083713549
0 0.4762323943661972 0.8233568075117371 0.5570087005306487 0.9279205652538076
0 0.554137323943662 0.8245305164319249 0.6339990592764332 0.968412834203972
0 0.6351232394366197 0.8204225352112676 0.7444387661798254 0.964307263770416
0 0.7345950704225352 0.8515258215962441 0.7976520268175957 0.9807209355507065
0 0.8032570422535211 0.7975352112676056 0.9226218058792899 0.9960108361436223
0 0.9278169014084507 0.8274647887323944 0.996950784814521 0.9959932718375983
