0 0.797975352112676 0.8703051643192489 0.8777297643696688 0.9842310415702352
0 0.596830985915493 0.8673708920187794 0.670511958192819 0.9912750170821486
0 0.28829225352112675 0.409037558685446 0.3665104347475699 0.5249946962683771
0 0.9181338028169014 0.26936619718309857 0.9912332157558024 0.3548888696025921
0 0.733274647887324 0.6748826291079812 0.80161387559512 0.7936180266261104
0 0.65625 0.670774647887324 0.7140597491197183 0.7889256017324605
0 0.4242957746478873 0.1954225352112676 0.49453155995834164 0.3255895407657211
0 0.7398767605633803 0.19718309859154928 0.8051320964962309 0.32558850757124913
0 0.34286971830985913 0.1983568075117371 0.41226106086341996 0.32441410985474667
0 0.2623239436619718 0.19248826291079812 0.331750737700853 0.3273518261367894
0 0.41813380281690143 0.653169014084507 0.4892525819529855 0.7871753702968987
0 0.18397887323943662 0.1977699530516432 0.2459577557776235 0.3291092899336551
0 0.5127640845070423 0.20246478873239437 0.5789996636951993 0.3285196802883026
0 0.6786971830985915 0.051643192488262914 0.736056911451101 0.1912842469527651
0 0.8970070422535211 0.6789906103286385 0.9450277257736561 0.771315146355441
0 0.7887323943661971 0.42194835680751175 0.893138762150367 0.5361373542506997
0 0.09375 0.18544600938967137 0.17029324383802816 0.31855314201326895
0 0.3419894366197183 0.04284037558685446 0.41446215253669905 0.18189974156362274
0 0.4273767605633803 0.031103286384976527 0.4896886545948224 0.16606155910423417
0 0.8301056338028169 0.20422535211267606 0.9006029464639953 0.32323695695298554
0 0.5946302816901409 0.6555164319248826 0.6383826451224955 0.7906951194648327
0 0.511443661971831 0.6643192488262911 0.5671164420501885 0.7883425356520972
0 0.0994718309859155 0.6795774647887324 0.19845973951100973 0.7343429709713681
0 0.3023767605633803 0.6789906103286385 0.38366972853848447 0.8194372120831405
0 0.44850352112676056 0.45129107981220656 0.49980259528119425 0.549030932464899
0 0.04137323943661972 0.448943661971831 0.0981331983981353 0.5402294931561198
0 0.5184859154929577 0.03755868544600939 0.5785570044386035 0.17368687870572416
0 0.5757042253521126 0.409037558685446 0.6744825245487006 0.548468874672133
0 0.596830985915493 0.1960093896713615 0.6595084370660583 0.3138521071656858
0 0.6822183098591549 0.41607981220657275 0.7734673334903789 0.5513990141947145
0 0.3930457746478873 0.4477699530516432 0.4390875678808768 0.5402301819524344
0 0.5919894366197183 0.04342723004694836 0.6586302863395159 0.17192287134386916
0 0.1131161971830986 0.43779342723004694 0.15620021294138067 0.5320200742797946
0 0.2169894366197183 0.4325117370892019 0.25430590253669905 0.5361311550838679
0 0.2596830985915493 0.6631455399061033 0.2987413366643523 0.7818878253873791
0 0.9009683098591549 0.4495305164319249 0.9357830245115056 0.5425765665983381
0 0.008362676056338027 0.18896713615023475 0.0699787136108907 0.3361567094271419
0 0.5039612676056338 0.4471830985915493 0.5459929747941876 0.5331882728294651
0 0.9419014084507042 0.4665492957746479 0.9766981067744496 0.5519562504132778
0 0.16285211267605634 0.4295774647887324 0.19887198410533624 0.5314380413939033
0 0.6835387323943662 0.2106807511737089 0.7259315410508828 0.3267542953338182
0 0.7438380281690141 0.034624413145539906 0.8170141557974608 0.17075432839604135
0 0.820862676056338 0.6784037558685446 0.8750788456531442 0.789507979016509
0 0.8248239436619719 0.03931924882629108 0.8900418908698671 0.17720697227181556
0 0.9559859154929577 0.670774647887324 0.9947376822555049 0.7707331134695496
0 0.10079225352112677 0.7458920187793427 0.19581831326869667 0.8006186079701999
0 0.011883802816901408 0.7335680751173709 0.08582223424171792 0.8029732581718795
0 0.2323943661971831 0.9061032863849765 0.3194399672683991 0.999
0 0.09551056338028169 0.9131455399061033 0.19009880697034318 0.9941824263263462
0 0.6910211267605634 0.9107981220657277 0.7655409237998414 0.9865546959377549
0 0.940580985915493 0.8644366197183099 0.9736177020308471 0.9572391803874892
0 0.8829225352112676 0.8697183098591549 0.9208261784616146 0.9548886629636977
0 0.3714788732394366 0.9043427230046949 0.45186114486213047 0.9918401744583306
0 0.4850352112676056 0.9313380281690141 0.5279555302767308 0.999
0 0.006161971830985915 0.9213615023474179 0.07878249913211664 0.997111877052613
0 0.002640845070422535 0.4284037558685446 0.03609038695199365 0.5455232372324715
