0 0.7257922535211268 0.45481220657276994 0.8804023801701051 0.5349443590337014
0 0.3727992957746479 0.44014084507042256 0.5394485918592541 0.5290844243866958
0 0.7257922535211268 0.357981220657277 0.876000971719401 0.44697301571557674
0 0.5589788732394366 0.3562206572769953 0.7088208719748066 0.4440397766095792
0 0.5580985915492958 0.4471830985915493 0.7119022453382265 0.5367093995900285
0 0.00044014084507042255 0.4213615023474178 0.1544892428957548 0.5173583559258524
0 0.3772007042253521 0.3474178403755869 0.5438480630703234 0.43993696136128196
0 0.1329225352112676 0.7599765258215962 0.2864731855038683 0.845798135841654
0 0.5545774647887324 0.25586854460093894 0.7088228092144416 0.34902824615927175
0 0.3767605633802817 0.25234741784037557 0.5350454398928784 0.3414012045669951
0 0.721830985915493 0.1449530516431925 0.8790837011505654 0.2534360604157023
0 0.13512323943661972 0.636150234741784 0.2930743295601071 0.7607769071392361
0 0.5523767605633803 0.14612676056338028 0.7163061722004562 0.2534353716193877
0 0.18794014084507044 0.2734741784037559 0.34454756155772664 0.39420570764178187
0 0.00044014084507042255 0.14553990610328638 0.1544892428957548 0.24463289911613656
0 0.3767605633802817 0.13673708920187794 0.5350454398928784 0.24757233738896606
0 0.7240316901408451 0.25880281690140844 0.8812834367561 0.3531345053891424
0 0.00044014084507042255 0.24706572769953053 0.15757022881124777 0.33729632292975376
0 0.18397887323943662 0.397887323943662 0.33706691070720096 0.5220669675328969
0 0.0017605633802816902 0.33568075117370894 0.15536894341400515 0.42527248782208116
0 0.18970070422535212 0.1414319248826291 0.3533496035632811 0.26810948830699377
0 0.2935739436619718 0.6367370892018779 0.4479341663980361 0.7713399430227689
0 0.44938380281690143 0.6408450704225352 0.6010346021994644 0.786008893738015
0 0.8890845070422535 0.4647887323943662 0.999 0.5349385042650268
0 0.7508802816901409 0.642018779342723 0.9164828871999603 0.7742711157398223
0 0.8908450704225352 0.3761737089201878 0.999 0.45869942857457735
0 0.8908450704225352 0.27699530516431925 0.999 0.36955575392889417
0 0.8886443661971831 0.159037558685446 0.999 0.27396770096321277
0 0.9150528169014085 0.6414319248826291 0.999 0.7507972817342238
0 0.13556338028169015 0.852112676056338 0.2983558259769887 0.9455093235469153
0 0.7662852112676056 0.7816901408450704 0.915595825171097 0.8915600409971567
0 0.608274647887324 0.778755868544601 0.7616160762993454 0.9015382888095396
0 0.13468309859154928 0.9483568075117371 0.299676635960127 0.999
0 0.4507042253521127 0.7816901408450704 0.608516415393771 0.9044708391192224
0 0.2847711267605634 0.7676056338028169 0.44925846341251735 0.8945025788534021
0 0.608274647887324 0.9061032863849765 0.7616160762993454 0.9971208314047036
0 0.28829225352112675 0.8990610328638498 0.4677428291137671 0.999
0 0.44850352112676056 0.9072769953051644 0.6041159755628844 0.9953595792281072
0 0.7623239436619719 0.8996478873239436 0.9199989771374727 0.999
0 0.0035211267605633804 0.6349765258215962 0.13556183048998213 0.7596038870153629
0 0.002640845070422535 0.7629107981220657 0.1302805277970641 0.8827682448367828
0 0.00044014084507042255 0.886150234741784 0.13028149641688158 0.999
0 0.9159330985915493 0.7552816901408451 0.999 0.8475614544071943
0 0.9137323943661971 0.846244131455399 0.999 0.9484470398289581
0 0.9115316901408451 0.9448356807511737 0.9973980934462409 0.999
0 0.6056338028169014 0.6144366197183099 0.740490478079746 0.7578553775705879
