0 0.030589788732394367 0.07687793427230047 0.06029929577464789 0.03873239436619718
0 0.10035211267605634 0.18955399061032863 0.0721830985915493 0.20187793427230047
0 0.18904049295774647 0.18368544600938966 0.10519366197183098 0.2136150234741784
0 0.3091989436619718 0.18720657276995306 0.09903169014084508 0.20305164319248825
0 0.41065140845070425 0.18896713615023475 0.0994718309859155 0.20657276995305165
0 0.515625 0.19043427230046947 0.09463028169014084 0.20363849765258216
0 0.6210387323943662 0.19483568075117372 0.09595070422535211 0.20892018779342722
0 0.7240316901408451 0.18896713615023475 0.09595070422535211 0.2147887323943662
0 0.8147007042253521 0.19718309859154928 0.056338028169014086 0.20774647887323944
0 0.9011883802816901 0.1977699530516432 0.0664612676056338 0.2300469483568075
0 0.9689700704225352 0.19747652582159625 0.06205985915492958 0.2177230046948357
0 0.1382042253521127 0.5469483568075117 0.12764084507042253 0.07394366197183098
0 0.05039612676056338 0.44923708920187794 0.09991197183098592 0.07687793427230047
0 0.1742957746478873 0.4424882629107981 0.0528169014084507 0.057511737089201875
0 0.24031690140845072 0.4847417840375587 0.08362676056338028 0.20187793427230047
0 0.3373679577464789 0.49589201877934275 0.10167253521126761 0.18192488262910797
0 0.3824823943661972 0.37822769953051644 0.10387323943661972 0.04518779342723005
0 0.4553257042253521 0.48444835680751175 0.050616197183098594 0.2106807511737089
0 0.5189260563380281 0.3500586854460094 0.08362676056338028 0.034624413145539906
0 0.5253080985915493 0.38879107981220656 0.08494718309859155 0.034624413145539906
0 0.5231073943661971 0.5108568075117371 0.08230633802816902 0.1789906103286385
0 0.6183978873239436 0.49677230046948356 0.09683098591549295 0.20481220657276994
0 0.7194102112676056 0.5011737089201878 0.08934859154929578 0.20422535211267606
0 0.8142605633802817 0.4823943661971831 0.07130281690140845 0.22769953051643194
0 0.893705985915493 0.48532863849765256 0.07878521126760564 0.23943661971830985
0 0.967649647887324 0.5393192488262911 0.06470070422535211 0.13615023474178403
0 0.03455105633802817 0.6382042253521126 0.0682218309859155 0.1742957746478873
0 0.16087147887323944 0.7397300469483568 0.05765845070422535 0.20598591549295775
0 0.2425176056338028 0.7816901408450704 0.10827464788732394 0.20892018779342722
0 0.3611355633802817 0.7658450704225352 0.08582746478873239 0.2136150234741784
0 0.46434859154929575 0.7690727699530516 0.0801056338028169 0.21654929577464788
0 0.5523767605633803 0.7764084507042254 0.07306338028169014 0.22887323943661972
0 0.6318221830985915 0.7975352112676056 0.06558098591549295 0.16549295774647887
0 0.7097271126760564 0.784037558685446 0.07702464788732394 0.16549295774647887
0 0.9643485915492958 0.7869718309859155 0.07130281690140845 0.18661971830985916
0 0.04511443661971831 0.880575117370892 0.08582746478873239 0.1414319248826291
