0 0.46786971830985913 0.4665492957746479 0.5966250573422932 0.5865806635588178
0 0.14964788732394366 0.35269953051643194 0.2974693451200159 0.46751602140227905
0 0.1544894366197183 0.47007042253521125 0.2886643972550089 0.5701466722872446
0 0.32438380281690143 0.20950704225352113 0.46992764797411224 0.3267549841301329
0 0.7654049295774648 0.4835680751173709 0.8856666351542353 0.5877443849324429
0 0.7750880281690141 0.24413145539906103 0.9199933591425312 0.37250931252617425
0 0.6998239436619719 0.8057511737089202 0.8209947957994446 0.8739402868698892
0 0.3305457746478873 0.3345070422535211 0.4536397245710177 0.4235126132381141
0 0.4533450704225352 0.05985915492957746 0.6010328586837929 0.14198365073067515
0 0.7799295774647887 0.046948356807511735 0.9230722140944257 0.16135742467323505
0 0.13512323943661972 0.051643192488262914 0.26270461125024797 0.11616687606074633
0 0.2557218309859155 0.7717136150234741 0.3524402632786154 0.8270119051555027
0 0.15096830985915494 0.22946009389671362 0.3018701723988296 0.3502174529965395
0 0.608274647887324 0.029342723004694836 0.7616160762993454 0.15667292093720384
0 0.5567781690140845 0.6954225352112676 0.6656880377777227 0.7625026863056272
0 0.28257042253521125 0.0539906103286385 0.4325340799196588 0.13318427781084
0 0.14172535211267606 0.7758215962441315 0.24553621243304902 0.839920292490467
0 0.695862676056338 0.7136150234741784 0.8364014688925808 0.7977032775683837
0 0.03345070422535211 0.7687793427230047 0.13774936148581632 0.8358164440476977
0 0.5620598591549296 0.6484741784037559 0.6590836004141043 0.6891734306464766
0 0.30985915492957744 0.42488262910798125 0.44792699861138663 0.4821450219312747
0 0.8441901408450704 0.6619718309859155 0.9494523810999802 0.7126396878926139
0 0.4586267605633803 0.761150234741784 0.5446925058272168 0.80823876159933
0 0.3089788732394366 0.48532863849765256 0.4492478085945249 0.5789405348365624
0 0.4590669014084507 0.7136150234741784 0.5556958332300138 0.7607314465824682
0 0.45686619718309857 0.8151408450704225 0.5526158159343385 0.8592634149970244
0 0.7649647887323944 0.37910798122065725 0.9032724626810157 0.4809981760673588
0 0.9022887323943662 0.5299295774647887 0.999 0.5836091962573563
0 0.9058098591549296 0.4518779342723005 0.999 0.5279038275033614
0 0.914612676056338 0.37089201877934275 0.999 0.4469654389561154
0 0.8463908450704225 0.7136150234741784 0.9529725392407261 0.7988769864885715
0 0.9313380281690141 0.051643192488262914 0.999 0.16839692300910314
0 0.5585387323943662 0.7664319248826291 0.6705288121776434 0.8428600751614538
0 0.8279049295774648 0.8051643192488263 0.9538609573373339 0.8868514293901122
0 0.25704225352112675 0.8380281690140845 0.3568410905574291 0.8985692322951796
0 0.35651408450704225 0.8303990610328639 0.454508576547312 0.9003342728515065
0 0.3543133802816901 0.9061032863849765 0.4523088409417775 0.9648438360995394
0 0.8257042253521126 0.8838028169014085 0.9309746020134894 0.9660306321497057
0 0.2596830985915493 0.8961267605633803 0.35111809722773263 0.9560468739668055
0 0.14744718309859156 0.8967136150234741 0.2534562292327911 0.9560465295686482
0 0.5611795774647887 0.8403755868544601 0.6744889174394961 0.8985678547025502
0 0.035211267605633804 0.8896713615023474 0.1434704175758778 0.9472478454451276
0 0.14788732394366197 0.8427230046948356 0.24993490874826424 0.8885899512883246
0 0.03301056338028169 0.840962441314554 0.1434713861956953 0.8915252567832661
0 0.35563380281690143 0.7417840375586855 0.45142797807974605 0.8182266525601181
0 0.45686619718309857 0.9166666666666666 0.5534960976244793 0.9736404538341158
0 0.45994718309859156 0.863849765258216 0.5534947415567347 0.9132254402786043
0 0.5580985915492958 0.903169014084507 0.6758106960424519 0.9619112857898564
0 0.7011443661971831 0.8773474178403756 0.8077899892754413 0.9501893501069012
0 0.03653169014084507 0.289906103286385 0.15007194908004365 0.40299888139478496
0 0.639524647887324 0.39730046948356806 0.7594016176725847 0.5161987673301153
0 0.4788732394366197 0.2564553990610329 0.5702117635389804 0.3372908125592365
0 0.4788732394366197 0.20246478873239437 0.5732927494544734 0.252228600476096
0 0.4537852112676056 0.0005868544600938967 0.6054340734105337 0.05399026593048117
0 0.002640845070422535 0.014671361502347418 0.10695306300833167 0.13496791586766294
0 0.002640845070422535 0.4636150234741784 0.1443650348393176 0.5613476437655668
0 0.007042253521126761 0.4102112676056338 0.14568352013489386 0.46337428916220325
0 0.9225352112676056 0.27992957746478875 0.999 0.35957750611651124
0 0.05413732394366197 0.7083333333333334 0.15534589026234874 0.7448894757433491
0 0.15316901408450703 0.7083333333333334 0.2644572319480262 0.7401946400625978
0 0.2632042253521127 0.7083333333333334 0.3568383784219401 0.7390209311424101
0 0.04005281690140845 0.7423708920187794 0.15095068097847647 0.7712779513544491
0 0.15096830985915494 0.7464788732394366 0.25653566535657607 0.7683412682668782
0 0.2557218309859155 0.7453051643192489 0.3546409675039675 0.7695156659833807
0 0.5902288732394366 0.2535211267605634 0.68988106123537 0.31968690074720624
0 0.5990316901408451 0.2142018779342723 0.6876764825307479 0.2504611491326677
0 0.7011443661971831 0.2494131455399061 0.7734590033599484 0.3402292176375939
0 0.5096830985915493 0.3814553990610329 0.6260960901854791 0.4234850613855276
0 0.2852112676056338 0.0005868544600938967 0.4408955936322158 0.039318904428133745
0 0.11487676056338028 0.0005868544600938967 0.26535436762299147 0.04225317672860323
