0 0.37191901408450706 0.10328638497652583 0.47826940184239236 0.1542821089290044
0 0.7566021126760564 0.08274647887323944 0.8671845941405475 0.12905942108047344
0 0.894806338028169 0.7816901408450704 0.9432681310131918 0.8692595715135886
0 0.25528169014084506 0.04929577464788732 0.35992285136877605 0.09738891093037097
0 0.2658450704225352 0.10093896713615023 0.3519956667823845 0.15428348652163373
0 0.31161971830985913 0.45598591549295775 0.4140353786451101 0.5014929660120346
0 0.6716549295774648 0.4800469483568075 0.7862360673725451 0.5167370616500253
0 0.37632042253521125 0.03931924882629108 0.46990478854641937 0.09856847461923339
0 0.2548415492957746 0.7740610328638498 0.3000638901631621 0.8540058327271927
0 0.6179577464788732 0.24413145539906103 0.7171575890200357 0.31969241111772356
0 0.15140845070422534 0.09800469483568075 0.23320800684388018 0.1472429549912936
0 0.7618838028169014 0.1426056338028169 0.8755449455093235 0.17949377603650069
0 0.6650528169014085 0.41431924882629106 0.77831643802073 0.4580901882342569
0 0.1307218309859155 0.7247652582159625 0.19404457665889704 0.862250724613723
0 0.7319542253521126 0.2764084507042254 0.8267024849360246 0.3319974128810421
0 0.4198943661971831 0.5757042253521126 0.5072975817050188 0.6522443050320703
0 0.6241197183098591 0.10035211267605634 0.726837975476096 0.15721810322026053
0 0.8569542253521126 0.23943661971830985 0.9630911293022217 0.2833101897771606
0 0.6285211267605634 0.5915492957746479 0.7123113903491372 0.6727749123851088
0 0.7825704225352113 0.5803990610328639 0.8636520376661377 0.6270068080627741
0 0.5224471830985915 0.5803990610328639 0.615086951063777 0.6610443667482201
0 0.22227112676056338 0.5757042253521126 0.29919794404632016 0.6123382017456853
0 0.00044014084507042255 0.6390845070422535 0.1091547358535013 0.7942258893738015
0 0.5149647887323944 0.09389671361502347 0.6045268640894663 0.15839560052017898
0 0.23547535211267606 0.25 0.3559703013414997 0.3161678403755869
0 0.021566901408450703 0.11032863849765258 0.12455036668071812 0.1531042672309286
0 0.31778169014084506 0.4025821596244131 0.4074305538335648 0.44694684145561947
0 0.31866197183098594 0.57981220657277 0.3933456593433842 0.6680869646675043
0 0.3983274647887324 0.23650234741784038 0.4879408769961317 0.2797907850073839
0 0.10959507042253522 0.6026995305164319 0.19669472047956754 0.6399045190548612
0 0.43705985915492956 0.4612676056338028 0.5240153785831184 0.5126401011704027
0 0.8450704225352113 0.301056338028169 0.9468111485816306 0.344306891820406
0 0.9198943661971831 0.4254694835680751 0.999 0.4786235507725539
0 0.8912852112676056 0.5886150234741784 0.9740795399598294 0.6903822681787123
0 0.9586267605633803 0.7857981220657277 0.999 0.8586937804447972
0 0.9168133802816901 0.4823943661971831 0.999 0.5196699563578655
0 0.8173415492957746 0.4735915492957746 0.8856437757265423 0.516740850029756
0 0.7874119718309859 0.6508215962441315 0.8574879348715533 0.6926931798144107
0 0.6857394366197183 0.7869718309859155 0.7364939527127554 0.8733644531508298
0 0.30633802816901406 0.7805164319248826 0.3563792526284468 0.8540020443474619
0 0.582306338028169 0.7875586854460094 0.6207824355906566 0.8592796017104191
0 0.7544014084507042 0.8075117370892019 0.8156890838871256 0.8739392536754171
0 0.5272887323943662 0.7846244131455399 0.5719510172832771 0.8616287415415812
0 0.3653169014084507 0.7775821596244131 0.41357160347649274 0.8551774752584363
0 0.47403169014084506 0.7816901408450704 0.5200378381645506 0.8528276466309594
0 0.6338028169014085 0.8016431924882629 0.6823794881967864 0.8669004441358638
0 0.41813380281690143 0.7904929577464789 0.460643427023408 0.8551698984989751
0 0.20994718309859156 0.7494131455399061 0.2503477345144812 0.8493254617690494
0 0.7262323943661971 0.5903755868544601 0.7699268343334655 0.6827521270030197
0 0.9150528169014085 0.09154929577464789 0.9934352760488989 0.18069744759637638
0 0.11619718309859155 0.26291079812206575 0.22266012447927 0.3214419537569706
0 0.0743838028169014 0.4289906103286385 0.1751433169881968 0.4932928458859574
0 0.18221830985915494 0.43720657276995306 0.28865219264530845 0.5091330947342899
0 0.0017605633802816902 0.4278169014084507 0.06425978848442769 0.613011844541427
0 0.006161971830985915 0.215962441314554 0.04225080899127157 0.3150141065485243
0 0.545774647887324 0.4595070422535211 0.6542492189049791 0.5331810404681611
