0 0.2662852112676056 0.16725352112676056 0.3722419519316604 0.36727273854393966
0 0.17253521126760563 0.15786384976525822 0.2640085672485618 0.36140970431351804
0 0.050616197183098594 0.27992957746478875 0.16811152456109899 0.3713145953183892
0 0.4163732394366197 0.14612676056338028 0.4690068779756001 0.371393118098261
0 0.31382042253521125 0.11913145539906103 0.4197562410112081 0.1595545003196015
0 0.46830985915492956 0.09213615023474178 0.5495297931957944 0.13081447409023783
0 0.4705105633802817 0.13556338028169015 0.5548105147168221 0.17480307313363752
0 0.47183098591549294 0.18192488262910797 0.5561303560801428 0.3672641285900064
0 0.5607394366197183 0.15669014084507044 0.6577637590507835 0.3625841020300205
0 0.6668133802816901 0.15492957746478872 0.7637910152375521 0.3713879521259009
0 0.7772887323943662 0.1402582159624413 0.8517705595367983 0.37139656207983424
0 0.8543133802816901 0.13556338028169015 0.9318422916460027 0.3684650449646234
0 0.934419014084507 0.24530516431924881 0.9969478789550684 0.376029750490423
0 0.11971830985915492 0.4184272300469484 0.17688392680023807 0.631796697634949
0 0.17693661971830985 0.4454225352112676 0.279851700431462 0.6646447050849699
0 0.3067781690140845 0.43779342723004694 0.3889494814396945 0.6587806376600763
0 0.4141725352112676 0.4454225352112676 0.49189517053907955 0.6664052684652516
0 0.5057218309859155 0.43485915492957744 0.5842844534194604 0.6711063033128347
0 0.5924295774647887 0.5041079812206573 0.6555491067000595 0.6663708286495185
0 0.6580105633802817 0.46830985915492956 0.7488301009844277 0.6423308040732659
0 0.9286971830985915 0.4636150234741784 0.999 0.6575917752209659
0 0.013644366197183098 0.8309859154929577 0.1285151213176949 0.8932916749322225
0 0.15184859154929578 0.8157276995305164 0.3234366863593533 0.8856715213030925
0 0.5158450704225352 0.8157276995305164 0.6859525329795676 0.8903663569838436
0 0.8349471830985915 0.7570422535211268 0.9261289845144813 0.8980299047807975
0 0.9322183098591549 0.7541079812206573 0.9969488475748859 0.9056607347528048
0 0.00044014084507042255 0.5991784037558685 0.07658431331829003 0.7384981347395799
0 0.00044014084507042255 0.34330985915492956 0.04753501754364214 0.5179910153408716
0 0.01584507042253521 0.1954225352112676 0.08229936396548304 0.2710120759769887
0 0.12059859154929578 0.20305164319248825 0.17380255343681808 0.24518600255681192
