0 0.23987676056338028 0.6549295774647887 0.34848596973566753 0.7619395953183892
0 0.6316021126760564 0.37910798122065725 0.7175917244222376 0.5038855000110207
0 0.49867957746478875 0.664906103286385 0.6058544544113271 0.7560651959487756
0 0.25308098591549294 0.32629107981220656 0.3313146650590161 0.49628738786396
0 0.2715669014084507 0.10622065727699531 0.36739807794832374 0.25756677191474353
0 0.8358274647887324 0.6431924882629108 0.9085229632637375 0.7824863893848223
0 0.16549295774647887 0.3374413145539906 0.24200462457845667 0.4962808442989707
0 0.33934859154929575 0.32511737089201875 0.4122626106551279 0.49570122220018076
0 0.42561619718309857 0.33568075117370894 0.5015732323075779 0.48747906059203416
0 0.7451584507042254 0.10974178403755869 0.8077706168790915 0.24171963510326433
0 0.8243838028169014 0.10035211267605634 0.907207577551577 0.2364434553329366
0 0.6404049295774648 0.10093896713615023 0.7268308076894465 0.25933043487844126
0 0.6179577464788732 0.6660798122065728 0.7224392791608808 0.7114635681853247
0 0.09286971830985916 0.33098591549295775 0.1575295467789129 0.4910029425378562
0 0.17781690140845072 0.11971830985915492 0.25476328481452093 0.25579828737684324
0 0.5752640845070423 0.3873239436619718 0.6243066619346359 0.4856881901739073
0 0.08230633802816902 0.11267605633802817 0.1592947595343186 0.25521556569463727
0 0.6258802816901409 0.7276995305164319 0.7197949470591153 0.7718734157684762
0 0.37632042253521125 0.6514084507042254 0.47562661953233487 0.7619416617073332
0 0.508362676056338 0.7224178403755869 0.6018889248784963 0.7759844965725495
0 0.5127640845070423 0.3914319248826291 0.5657954383430867 0.48627263384689984
0 0.11663732394366197 0.715962441314554 0.20857542371305296 0.7613169234499327
0 0.5255281690140845 0.10856807511737089 0.6049623555594128 0.25169684972117523
0 0.37455985915492956 0.14084507042253522 0.4258914789352311 0.2493304899821464
0 0.7130281690140845 0.36502347417840375 0.7466051812636382 0.4886355496043554
0 0.6214788732394366 0.6156103286384976 0.726839137819877 0.6610237028587802
0 0.0048415492957746475 0.10269953051643192 0.08098378452935925 0.2646110918248143
0 0.12544014084507044 0.6302816901408451 0.22573704219152946 0.6821418534682272
0 0.008362676056338027 0.31572769953051644 0.06953857276582028 0.4915987513500408
0 0.516725352112676 0.5950704225352113 0.6080472159541758 0.6481249586722212
0 0.0035211267605633804 0.5956572769953051 0.08406535161674271 0.7402607645088055
0 0.7548415492957746 0.36326291079812206 0.8112874817124578 0.5033079443011749
0 0.9154929577464789 0.11502347417840375 0.9903540964094425 0.25404047918182016
0 0.7486795774647887 0.6261737089201878 0.8192127290592144 0.753740508386784
0 0.8173415492957746 0.36326291079812206 0.8640768743180917 0.4786600569772312
0 0.8683978873239436 0.38673708920187794 0.9239135572679031 0.49331764255328525
0 0.9507042253521126 0.4096244131455399 0.9920991618726442 0.5038675913068394
0 0.2517605633802817 0.8714788732394366 0.3471603166534418 0.958995610989883
0 0.7491197183098591 0.9066901408450704 0.8478216902648283 0.9448904400581896
0 0.36047535211267606 0.8826291079812206 0.47387303021473914 0.9724867200070533
0 0.13160211267605634 0.8867370892018779 0.22749489343632215 0.9425547317551632
0 0.6095950704225352 0.9307511737089202 0.7039570444232295 0.9830218596398422
0 0.7513204225352113 0.95481220657277 0.8548629751661377 0.9912237017567062
0 0.48547535211267606 0.903755868544601 0.575490547820373 0.9677794859926382
0 0.02640845070422535 0.8973004694835681 0.0990200667030351 0.9472433682690824
0 0.7544014084507042 0.8444835680751174 0.839016548675858 0.8850677913332893
0 0.9194542253521126 0.0035211267605633804 0.9833100993726442 0.09506835614626727
0 0.8794014084507042 0.875 0.9732044888167031 0.9771860328638498
0 0.948943661971831 0.6320422535211268 0.9934203593037095 0.7754506794286847
