0 0.03169014084507042 0.20481220657276994 0.11046140398730411 0.3508187721792413
0 0.11487676056338028 0.24061032863849766 0.2402663394539774 0.3777930690559633
0 0.17165492957746478 0.15669014084507044 0.2596075462457846 0.24521321001124116
0 0.272887323943662 0.1643192488262911 0.3938059474806586 0.3643401882342569
0 0.3961267605633803 0.1643192488262911 0.4905826906863717 0.32208666710749634
0 0.4951584507042254 0.14612676056338028 0.6247820605410633 0.3807827894597633
0 0.6342429577464789 0.15199530516431925 0.750160984613668 0.3279624440697393
0 0.8001760563380281 0.301056338028169 0.999 0.3865604129471666
0 0.20642605633802816 0.47124413145539906 0.32605350965830193 0.6511318989838877
0 0.00044014084507042255 0.47417840375586856 0.10035191895209285 0.5924447309837113
0 0.11707746478873239 0.47417840375586856 0.20197311731303313 0.5337592849743217
0 0.34066901408450706 0.4788732394366197 0.4465930153987304 0.636456060305495
0 0.4546654929577465 0.46830985915492956 0.5649407282161277 0.6393965317727964
0 0.5730633802816901 0.4618544600938967 0.6700822784417775 0.616512996208865
0 0.6941021126760564 0.4618544600938967 0.7695008353377306 0.5566538412792876
0 0.00044014084507042255 0.789906103286385 0.06866177810702243 0.9520012288126254
0 0.10695422535211267 0.7312206572769953 0.17380855887968658 0.858725809473429
0 0.17825704225352113 0.8004694835680751 0.2618053446116842 0.953755593026075
0 0.4942781690140845 0.7435446009389671 0.6023352648903988 0.9461598916661156
0 0.6386443661971831 0.7511737089201878 0.7387153854022019 0.9490896867905398
0 0.014084507042253521 0.0005868544600938967 0.16240577266415393 0.09741749597742952
