0 0.7442781690140845 0.2529342723004695 0.8099717085523706 0.4288421747228284
0 0.6835387323943662 0.5316901408450704 0.76466393541708 0.7086081630628843
0 0.5387323943661971 0.0005868544600938967 0.6313649945447332 0.14495270724503515
0 0.13028169014084506 0.5428403755868545 0.22441448869271968 0.7138833096387401
0 0.25528169014084506 0.5311032863849765 0.3612432739039873 0.7133033431417929
0 0.2671654929577465 0.2717136150234742 0.3484739588499306 0.42531002722123035
0 0.42561619718309857 0.7869718309859155 0.5240204154061695 0.917378537657872
0 0.5611795774647887 0.27816901408450706 0.6238727202563975 0.423545675461218
0 0.41329225352112675 0.5299295774647887 0.5183040086912319 0.7379519192620512
0 0.547975352112676 0.5639671361502347 0.6458855742288236 0.7179788925257334
0 0.48723591549295775 0.2681924882629108 0.5393982236287443 0.4182698400890476
0 0.15140845070422534 0.812793427230047 0.2380495561396548 0.9531615062046772
0 0.31690140845070425 0.02640845070422535 0.40082882860543545 0.1654774598293989
0 0.4551056338028169 0.0005868544600938967 0.5152046189992066 0.13028134574268774
0 0.013204225352112676 0.517018779342723 0.10738855447827811 0.6804477589323106
0 0.2227112676056338 0.02699530516431925 0.2820322573646102 0.15726115298992707
0 0.1892605633802817 0.25880281690140844 0.23451176911823055 0.41064624247834425
0 0.7997359154929577 0.6566901408450704 0.8830106796146598 0.7431592194009126
0 0.01056338028169014 0.007042253521126761 0.07569957597698869 0.176052205250281
0 0.8534330985915493 0.15140845070422534 0.930082115713648 0.2669299246181313
0 0.7279929577464789 0.014084507042253521 0.796334510141837 0.15785558420948226
0 0.5585387323943662 0.7934272300469484 0.6331168403466575 0.9191353126584232
0 0.6716549295774648 0.767018779342723 0.7615881800486015 0.9085874302938128
0 0.2962147887323944 0.7717136150234741 0.37486962377256494 0.9027161305076153
0 0.9141725352112676 0.8620892018779343 0.9520624240602062 0.9437429053979589
0 0.960387323943662 0.8615023474178404 0.999 0.951372357777337
0 0.7869718309859155 0.8327464788732394 0.8376817905673477 0.9208728013621635
0 0.8525528169014085 0.8585680751173709 0.8939909538658004 0.9355290093455885
0 0.8591549295774648 0.005868544600938967 0.9679317099781789 0.057508293107628554
0 0.9643485915492958 0.14906103286384975 0.9969347057255504 0.299208297515925
0 0.9106514084507042 0.3761737089201878 0.9899160865279707 0.42642243326941304
0 0.832306338028169 0.352112676056338 0.879035076435727 0.41763373669245524
0 0.8142605633802817 0.528169014084507 0.896208512075977 0.6059106989353964
0 0.9066901408450704 0.5093896713615024 0.9797945906070225 0.61179026427737
0 0.8939260563380281 0.659037558685446 0.9595537297287245 0.7173362455641518
0 0.027288732394366196 0.8086854460093896 0.13291052432553066 0.9707695507945955
0 0.010123239436619719 0.2699530516431925 0.09418568519390995 0.4546537834203972
0 0.1192781690140845 0.2734741784037559 0.17952496559462408 0.39303199872159406
0 0.3961267605633803 0.3397887323943662 0.4593326906863717 0.4176409690537592
0 0.6434859154929577 0.25410798122065725 0.7303505783822655 0.4212123779452931
