0 0.04357394366197183 0.17165492957746478 0.08626760563380281 0.22007042253521128
0 0.14282570422535212 0.17018779342723006 0.10959507042253522 0.22300469483568075
0 0.24779929577464788 0.16960093896713616 0.09595070422535211 0.21830985915492956
0 0.3543133802816901 0.16637323943661972 0.11091549295774648 0.2177230046948357
0 0.4570862676056338 0.15610328638497653 0.06558098591549295 0.24530516431924881
0 0.5314700704225352 0.15434272300469484 0.06734154929577464 0.24178403755868544
0 0.6047535211267606 0.15199530516431925 0.07922535211267606 0.24061032863849766
0 0.8301056338028169 0.16402582159624413 0.11179577464788733 0.22593896713615025
0 0.6965228873239436 0.024354460093896715 0.11663732394366197 0.04753521126760563
0 0.6998239436619719 0.16343896713615025 0.10387323943661972 0.2306338028169014
0 0.921875 0.17165492957746478 0.061179577464788734 0.22007042253521128
0 0.9174735915492958 0.024354460093896715 0.11047535211267606 0.04753521126760563
0 0.09132922535211267 0.4794600938967136 0.03653169014084507 0.20892018779342722
0 0.15404929577464788 0.5005868544600939 0.08890845070422536 0.17018779342723006
0 0.25044014084507044 0.4867957746478873 0.10387323943661972 0.21185446009389672
0 0.3576144366197183 0.4876760563380282 0.10607394366197183 0.21713615023474178
0 0.4702904929577465 0.47300469483568075 0.07262323943661972 0.22769953051643194
0 0.5596390845070423 0.47857981220657275 0.08582746478873239 0.24119718309859156
0 0.6685739436619719 0.5214201877934272 0.08890845070422536 0.15199530516431925
0 0.8107394366197183 0.5079225352112676 0.10475352112676056 0.1965962441314554
0 0.9251760563380281 0.46742957746478875 0.10387323943661972 0.26936619718309857
0 0.05193661971830986 0.7517605633802817 0.07658450704225352 0.22417840375586853
0 0.15074823943661972 0.7617370892018779 0.08230633802816902 0.2347417840375587
0 0.2381161971830986 0.7705399061032864 0.0721830985915493 0.23826291079812206
0 0.32372359154929575 0.7907863849765259 0.0743838028169014 0.15786384976525822
0 0.4159330985915493 0.7590962441314554 0.08450704225352113 0.20011737089201878
0 0.6837588028169014 0.7855046948356808 0.09903169014084508 0.20129107981220656
0 0.8125 0.8204225352112676 0.09683098591549295 0.18661971830985916
0 0.18089788732394366 0.36326291079812206 0.0801056338028169 0.03755868544600939
0 0.18111795774647887 0.33274647887323944 0.08670774647887323 0.02112676056338028
0 0.772887323943662 0.352406103286385 0.10387323943661972 0.04518779342723005
0 0.037411971830985914 0.36561032863849763 0.07394366197183098 0.04812206572769953
