0 0.11487676056338028 0.11267605633802817 0.23102338170749853 0.3655442041922899
0 0.25704225352112675 0.10387323943661972 0.359922076472922 0.36261509786418034
0 0.4119718309859155 0.07981220657276995 0.5077412095814322 0.3614555092684432
0 0.18838028169014084 0.4301643192488263 0.28556849459432654 0.6364846453525534
0 0.27508802816901406 0.426056338028169 0.3678366690016862 0.6306185115387158
0 0.36883802816901406 0.426056338028169 0.45230244805098196 0.6317922204589036
0 0.46170774647887325 0.3961267605633803 0.5389693187735568 0.628875512464458
0 0.0743838028169014 0.7147887323943662 0.15665740149523905 0.9279842789129141
0 0.1681338028169014 0.7376760563380281 0.2547675467417179 0.9221023027838392
0 0.3397887323943662 0.7406103286384976 0.41974481129736163 0.9250348530935221
0 0.4546654929577465 0.7482394366197183 0.5301696014555644 0.9238566669972889
0 0.5946302816901409 0.6185446009389671 0.6969213775168618 0.8423600090370076
0 0.7359154929577465 0.613849765258216 0.9939542625471137 0.8441233276025479
0 0.6025528169014085 0.005868544600938967 0.7840657778094624 0.37910453723908394
0 0.7852112676056338 0.007629107981220657 0.9023832696885539 0.34623965427935377
0 0.59375 0.3714788732394366 0.7457773987676056 0.5748993668584276
0 0.029049295774647887 0.4794600938967136 0.12982876351418368 0.5900942135599198
