0 0.06998239436619719 0.11619718309859155 0.20419455000247966 0.2769271143291675
0 0.19982394366197184 0.07687793427230047 0.35422542960226144 0.2646262453437369
0 0.3600352112676056 0.07394366197183098 0.4558274492908153 0.23469838986973485
0 0.460387323943662 0.11913145539906103 0.5706600407905178 0.28866248154025875
0 0.8441901408450704 0.005868544600938967 0.9485720994098393 0.28168669686349707
0 0.007922535211267605 0.4395539906103286 0.11839440029260068 0.6587796044656042
0 0.12852112676056338 0.36561032863849763 0.253904700208292 0.5625788671780291
0 0.2662852112676056 0.38204225352112675 0.3960095575654632 0.5355739188653045
0 0.3701584507042254 0.40492957746478875 0.5077596133579647 0.6558656516564173
0 0.9049295774647887 0.44835680751173707 0.9982812809958341 0.6241500253477044
0 0.6197183098591549 0.45774647887323944 0.7488469549692521 0.6482055478410368
0 0.4220950704225352 0.7705399061032864 0.6023670356204126 0.9203224531067469
0 0.6298415492957746 0.8274647887323944 0.8043002457969648 0.9549134596310256
0 0.8860035211267606 0.738849765258216 0.999 0.9807870599969142
