0 0.016725352112676055 0.43779342723004694 0.1536017934189645 0.5854238301483392
0 0.16901408450704225 0.0005868544600938967 0.23187983535012896 0.2529339279023122
0 0.23371478873239437 0.0017605633802816902 0.32604149877256494 0.2711257273689083
0 0.3644366197183099 0.0029342723004694834 0.44658255430470145 0.26466963951156075
0 0.7684859154929577 0.18192488262910797 0.9248378142977585 0.27101999713460734
0 0.2777288732394366 0.43779342723004694 0.37883902778466577 0.6018557550309683
0 0.37808098591549294 0.4125586854460094 0.45449908407310063 0.5971757284709824
0 0.4537852112676056 0.3855633802816901 0.5741840734105337 0.6511821811148583
0 0.5757042253521126 0.38673708920187794 0.6802043555346161 0.6441392387974167
0 0.6826584507042254 0.3884976525821596 0.7998755904706408 0.6470724779034143
0 0.8058978873239436 0.4184272300469484 0.898853037901706 0.6546840215786109
0 0.9027288732394366 0.45774647887323944 0.9745146439818488 0.6587689281227269
0 0.0880281690140845 0.8034037558685446 0.2583239312636381 0.9238242935704997
0 0.0035211267605633804 0.7435446009389671 0.09022732344772862 0.8845401733562565
0 0.09242957746478873 0.6907276995305164 0.24379734613667922 0.7460735166082567
0 0.10387323943661972 0.7494131455399061 0.24599301353898034 0.7970954148206926
0 0.3248239436619718 0.704225352112676 0.4408781584755009 0.9356195860609667
0 0.4639084507042254 0.7359154929577465 0.572859195224162 0.9790282186074192
0 0.5743838028169014 0.7417840375586855 0.68372606346707 0.977851065705658
0 0.6848591549295775 0.7764084507042254 0.7769872979071613 0.9960232344772864
0 0.8499119718309859 0.7793427230046949 0.9463688767729618 0.9672656439418986
