0 0.0022007042253521128 0.2963615023474178 0.08450607363370363 0.461680539024444
0 0.07790492957746478 0.2934272300469484 0.1342086686049395 0.4528794441138222
0 0.1307218309859155 0.2857981220657277 0.20988964708143226 0.45581819359033704
0 0.21875 0.18661971830985916 0.3665410431338028 0.40012522317000593
0 0.43661971830985913 0.16725352112676056 0.5763923328704622 0.37020701084440916
0 0.6205985915492958 0.20481220657276994 0.7567691027325928 0.44060750457360753
0 0.8045774647887324 0.13380281690140844 0.9384662951299346 0.3749214772201283
0 0.020246478873239437 0.5299295774647887 0.09154038447232692 0.6604871305296568
0 0.0044014084507042256 0.7059859154929577 0.05501566839416783 0.872238271176354
0 0.04973591549295775 0.6895539906103286 0.1408231796146598 0.861684534043069
0 0.13776408450704225 0.6895539906103286 0.21208725172336837 0.8575765528224117
0 0.21214788732394366 0.6848591549295775 0.2820369067397342 0.8499502000264497
0 0.301056338028169 0.653169014084507 0.35858228154136085 0.8182786566818753
0 0.3587147887323944 0.6696009389671361 0.4298597206035509 0.8347009384160992
0 0.43441901408450706 0.6637323943661971 0.5099320338846459 0.8405729269986114
0 0.5132042253521126 0.6549295774647887 0.5807600333515175 0.8405780929709713
0 0.5831866197183099 0.6097417840375586 0.6449897946216028 0.8048064895633582
0 0.6487676056338029 0.6050469483568075 0.7175841691876612 0.8048092447486168
0 0.7257922535211268 0.6126760563380281 0.790613647775739 0.7989362229716327
0 0.797975352112676 0.6214788732394366 0.8764093418344575 0.8241657987833101
0 0.8802816901408451 0.6484741784037559 0.9485562140448325 0.8200419752474156
0 0.948943661971831 0.659037558685446 0.9982619085994842 0.84057568218387
0 0.8983274647887324 0.4800469483568075 0.9665940460102164 0.6558215686922788
0 0.7561619718309859 0.4982394366197183 0.8539805625123983 0.6200127702836739
0 0.1307218309859155 0.9272300469483568 0.2107699287715731 0.9988689964513214
0 0.23459507042253522 0.9225352112676056 0.2820270268175957 0.999
0 0.28433098591549294 0.9284037558685446 0.34538541769986114 0.999
0 0.352112676056338 0.9242957746478874 0.41753868280103157 0.9988707184421081
0 0.4185739436619718 0.9254694835680751 0.48485097977831776 0.9941751939650422
0 0.4819542253521127 0.920774647887324 0.5429216750768696 0.999
0 0.5470950704225352 0.920774647887324 0.6124352574513985 0.9971122214507704
0 0.6170774647887324 0.914906103286385 0.675784737031343 0.9806837405497146
0 0.6826584507042254 0.9196009389671361 0.7356150270903591 0.999
0 0.0044014084507042256 0.15199530516431925 0.0779029923378298 0.28277465064250923
0 0.07570422535211267 0.15082159624413147 0.14873428511208092 0.28160163051863607
