0 0.07042253521126761 0.26467136150234744 0.09066901408450705 0.12793427230046947
0 0.04203345070422535 0.8843896713615024 0.07790492957746478 0.176056338028169
0 0.12367957746478873 0.9292840375586855 0.09595070422535211 0.26936619718309857
0 0.41483274647887325 0.9360328638497653 0.1993838028169014 0.289906103286385
0 0.6254401408450704 0.8990610328638498 0.19278169014084506 0.1983568075117371
0 0.8983274647887324 0.926349765258216 0.16461267605633803 0.24354460093896713
0 1.061399647887324 0.9160798122065728 0.13600352112676056 0.22300469483568075
0 1.0713028169014085 0.7323943661971831 0.12147887323943662 0.13145539906103287
0 0.8996478873239436 0.5786384976525821 0.15140845070422534 0.15492957746478872
0 0.8796214788732394 0.7004107981220657 0.1835387323943662 0.09096244131455399
0 0.6001320422535211 0.7012910798122066 0.11399647887323944 0.07981220657276995
0 0.47249119718309857 0.5874413145539906 0.10255281690140845 0.176056338028169
0 0.3554137323943662 0.267018779342723 0.10607394366197183 0.1467136150234742
0 0.6679137323943662 0.2802230046948357 0.18794014084507044 0.13791079812206572
0 0.9779929577464789 0.07570422535211267 0.10123239436619719 0.1396713615023474
0 1.0904489436619718 0.10944835680751173 0.10079225352112677 0.06631455399061033
0 1.0827464788732395 0.2632042253521127 0.11619718309859155 0.08744131455399061
0 0.6797975352112676 0.058392018779342726 0.1694542253521127 0.11208920187793427
0 0.8466109154929577 0.058098591549295774 0.14920774647887325 0.09507042253521127
0 0.6927816901408451 0.6141431924882629 0.1892605633802817 0.11913145539906103
