0 0.3001760563380282 0.2347417840375587 0.45893478166534424 0.40479181820185595
0 0.05765845070422535 0.5134976525821596 0.3115943404706407 0.6798629708611608
0 0.2988556338028169 0.5446009389671361 0.47169944734427693 0.6951029337212634
0 0.4762323943661972 0.5886150234741784 0.6406354610940289 0.6950771038594635
0 0.6566901408450704 0.5252347417840375 0.7536722314520928 0.6980485711609249
0 0.7852112676056338 0.5733568075117371 0.852647354195596 0.7173865276951222
0 0.0721830985915493 0.789906103286385 0.3428379475798453 0.9596303367938461
0 0.3362676056338028 0.7752347417840375 0.5561900230609006 0.9684417636491878
0 0.5620598591549296 0.7752347417840375 0.805650501822555 0.9596389467477793
0 0.4951584507042254 0.01232394366197183 0.6679158633579647 0.13379558454010448
0 0.29577464788732394 0.01232394366197183 0.47962333862328904 0.13262187561991667
0 0.03697183098591549 0.01643192488262911 0.28299429056734776 0.13379317375300315
0 0.6839788732394366 0.009389671361502348 0.7849102205663558 0.140252705591924
0 0.7966549295774648 0.01232394366197183 0.8728887962457845 0.13262187561991667
0 0.7055457746478874 0.3204225352112676 0.8606049534442571 0.3883096111882563
0 0.09419014084507042 0.34800469483568075 0.2930923458887126 0.39416196907580064
