0 0.5250880281690141 0.2112676056338028 0.6956315633678833 0.32264596971500364
0 0.6857394366197183 0.4612676056338028 0.8386066287690934 0.5308325894333135
0 0.3591549295774648 0.08098591549295775 0.528451076175362 0.20065669840640085
0 0.5158450704225352 0.3257042253521127 0.6899138005852014 0.42234407029028637
0 0.6976232394366197 0.2142018779342723 0.8641295672361635 0.29330152471952214
0 0.5176056338028169 0.42077464788732394 0.6824306313231502 0.5249878083052304
0 0.3459507042253521 0.30985915492957744 0.5130519583168023 0.41472426105931365
0 0.6919014084507042 0.3767605633802817 0.8408046208589565 0.45752537525623227
0 0.17913732394366197 0.3984741784037559 0.34807256279756 0.5132638062333311
0 0.5294894366197183 0.08450704225352113 0.6965099078183892 0.21708655690008596
0 0.002640845070422535 0.40199530516431925 0.17649531652945846 0.49976408726222754
0 0.1624119718309859 0.1813380281690141 0.34807992430817297 0.30799217251868016
0 0.34419014084507044 0.198943661971831 0.5152534374380083 0.3120898217946175
0 0.3455105633802817 0.4137323943661972 0.5139324337309066 0.5249919410831184
0 0.17341549295774647 0.29694835680751175 0.34807508120908554 0.402994748616897
0 0.698943661971831 0.29460093896713613 0.8562064508530054 0.370719130904362
0 0.5294894366197183 0.6584507042253521 0.6362106120437413 0.6926887026383655
0 0.00044014084507042255 0.06338028169014084 0.15757022881124777 0.18306139654830392
0 0.6575704225352113 0.6085680751173709 0.7602739566802222 0.6874362863408936
0 0.7046654929577465 0.10152582159624413 0.8716088620189447 0.21414229705305385
0 0.5268485915492958 0.8086854460093896 0.6406131828382265 0.8751122737992902
0 0.8019366197183099 0.704225352112676 0.9265836546568141 0.7683660649342062
0 0.00044014084507042255 0.29988262910798125 0.17077445416336046 0.39888504540545305
0 0.269806338028169 0.6995305164319249 0.38764533171741716 0.7607397121382442
0 0.6514084507042254 0.767018779342723 0.7844844152945845 0.8311226415614186
0 0.00044014084507042255 0.1789906103286385 0.16109135557181115 0.29625646090943153
0 0.8441901408450704 0.45129107981220656 0.9868643529309661 0.5279041719015186
0 0.8556338028169014 0.3767605633802817 0.9943417104741122 0.44696199497454214
0 0.8675176056338029 0.27992957746478875 0.999 0.3707277408582953
0 0.8701584507042254 0.1607981220657277 0.999 0.27690094006921023
0 0.6408450704225352 0.9025821596244131 0.7602813181908351 0.9765829916903612
0 0.6434859154929577 0.8333333333333334 0.772604099509026 0.9062010954616588
0 0.1324823943661972 0.8908450704225352 0.25214239331233884 0.9484208655690008
0 0.7627640845070423 0.9160798122065728 0.8702628679205514 0.963077417950583
0 0.7724471830985915 0.8403755868544601 0.8913853665567347 0.9173471974255549
0 0.25 0.8315727699530516 0.3731294014084507 0.8927044760739712
0 0.5220070422535211 0.8761737089201878 0.6326927785905574 0.9484294755229342
0 0.9115316901408451 0.7893192488262911 0.999 0.8557574417553836
0 0.39436619718309857 0.7717136150234741 0.5086292402301131 0.8387489943573806
0 0.011443661971830986 0.8843896713615024 0.13247735754314618 0.9366875647468536
0 0.1324823943661972 0.8274647887323944 0.24994168908698672 0.8856646333399457
0 0.39172535211267606 0.8356807511737089 0.5029085715879786 0.8897677929864004
0 0.5290492957746479 0.7406103286384976 0.640612214218409 0.8094245244550243
0 0.02596830985915493 0.7863849765258216 0.12894983789178735 0.8446089290043862
0 0.8921654929577465 0.8591549295774648 0.999 0.9190967400648019
0 0.7825704225352113 0.7711267605633803 0.8988633052717715 0.8299465218541294
0 0.8802816901408451 0.9237089201877934 0.9947710027772269 0.971875757675946
0 0.1500880281690141 0.7200704225352113 0.2622578837904186 0.7842018366064935
0 0.2482394366197183 0.8990610328638498 0.3731301763043047 0.9572188608962067
0 0.9256161971830986 0.7053990610328639 0.999 0.7754076296590182
0 0.00044014084507042255 0.676056338028169 0.06293994712110693 0.7361056007405937
0 0.09286971830985916 0.6044600938967136 0.16457180030003965 0.6645513731843329
0 0.0818661971830986 0.6965962441314554 0.1443301645258877 0.743135800326214
0 0.16857394366197184 0.630868544600939 0.2776546769614164 0.6698175654080981
0 0.3965669014084507 0.6807511737089202 0.5020261589342392 0.7226051929731756
