0 0.18441901408450703 0.13321596244131456 0.21742957746478872 0.22769953051643194
0 0.4128521126760563 0.14084507042253522 0.21214788732394366 0.22417840375586853
0 0.6060739436619719 0.1159037558685446 0.15140845070422534 0.2282863849765258
0 0.7966549295774648 0.12822769953051644 0.19630281690140844 0.25528169014084506
0 0.6036531690140845 0.45686619718309857 0.16505281690140844 0.2634976525821596
0 0.7746478873239436 0.46566901408450706 0.1637323943661972 0.2904929577464789
0 0.9636883802816901 0.517018779342723 0.06998239436619719 0.08568075117370892
0 0.9445422535211268 0.6147300469483568 0.0721830985915493 0.10974178403755869
0 0.9654489436619719 0.3673708920187793 0.06910211267605634 0.0880281690140845
0 0.9727112676056338 0.26261737089201875 0.05193661971830986 0.10035211267605634
0 0.14392605633802816 0.5501760563380281 0.2517605633802817 0.1402582159624413
0 0.26188380281690143 0.4063967136150235 0.1602112676056338 0.159037558685446
0 0.07856514084507042 0.3931924882629108 0.15625 0.15023474178403756
0 0.42715669014084506 0.4222417840375587 0.1500880281690141 0.18251173708920188
0 0.04225352112676056 0.7585093896713615 0.0801056338028169 0.15082159624413147
0 0.34066901408450706 0.8820422535211268 0.09507042253521127 0.17136150234741784
0 0.4909771126760563 0.8744131455399061 0.08142605633802817 0.15375586854460094
0 0.6527288732394366 0.914906103286385 0.06866197183098592 0.15375586854460094
0 0.7266725352112676 0.8826291079812206 0.06778169014084508 0.15140845070422534
0 0.8910651408450704 0.8268779342723005 0.17033450704225353 0.21244131455399062
