0 0.14370598591549297 0.36619718309859156 0.14920774647887325 0.2863849765258216
0 0.1210387323943662 0.7124413145539906 0.09595070422535211 0.1983568075117371
0 0.25264084507042256 0.6355633802816901 0.11267605633802817 0.15845070422535212
0 0.27442781690140844 0.36120892018779344 0.10519366197183098 0.17312206572769953
0 0.3558538732394366 0.35357981220657275 0.08670774647887323 0.18485915492957747
0 0.44278169014084506 0.3568075117370892 0.08450704225352113 0.18779342723004694
0 0.5371919014084507 0.3474178403755869 0.08670774647887323 0.17253521126760563
0 0.6485475352112676 0.3597417840375587 0.13336267605633803 0.17253521126760563
0 0.7878521126760564 0.35181924882629106 0.13732394366197184 0.1602112676056338
0 0.9055897887323944 0.36032863849765256 0.09551056338028169 0.15023474178403756
0 0.984375 0.36208920187793425 0.06205985915492958 0.1643192488262911
0 0.3527728873239437 0.625293427230047 0.08318661971830986 0.16607981220657278
0 0.4639084507042254 0.6338028169014085 0.0880281690140845 0.16901408450704225
0 0.5944102112676056 0.647887323943662 0.13336267605633803 0.17253521126760563
0 0.7286531690140845 0.6505281690140845 0.13336267605633803 0.1813380281690141
0 0.8659771126760564 0.6540492957746479 0.1386443661971831 0.1742957746478873
0 0.8492517605633803 0.5305164319248826 0.0761443661971831 0.062206572769953054
0 0.7092869718309859 0.5355046948356808 0.08142605633802817 0.04870892018779343
0 0.7251320422535211 0.8849765258215962 0.1307218309859155 0.1643192488262911
0 0.8802816901408451 0.8538732394366197 0.15933098591549297 0.13262910798122066
