0 0.14700704225352113 0.28169014084507044 0.3529282539426701 0.6318769424056073
0 0.36311619718309857 0.28169014084507044 0.5156852481526484 0.5579332804337763
0 0.5184859154929577 0.2734741784037559 0.6450182720442373 0.5403324682051621
0 0.653169014084507 0.2717136150234742 0.7875646263142233 0.6078217643104323
0 0.7891725352112676 0.5305164319248826 0.9142653289897836 0.6370126077277436
0 0.7931338028169014 0.3937793427230047 0.9076614727980559 0.5232430872401861
0 0.2984154929577465 0.6549295774647887 0.48358344388514185 0.7408128347550089
0 0.22183098591549297 0.7634976525821596 0.3190044757984527 0.9355848018470762
0 0.3191021126760563 0.7599765258215962 0.4589264515349137 0.999
0 0.4705105633802817 0.7705399061032864 0.6789302330266812 0.999
0 0.6764964788732394 0.7752347417840375 0.9090332321835946 0.999
0 0.9273767605633803 0.6789906103286385 0.999 0.9356343951817321
0 0.9119718309859155 0.4788732394366197 0.999 0.5959631025590161
