0 0.11003521126760564 0.14113849765258216 0.21654929577464788 0.18838028169014084
0 0.3061179577464789 0.11003521126760564 0.1580105633802817 0.11208920187793427
0 0.4621478873239437 0.09800469483568075 0.15140845070422534 0.09154929577464789
0 0.6285211267605634 0.14994131455399062 0.12940140845070422 0.18838028169014084
0 0.7779489436619719 0.21185446009389672 0.1386443661971831 0.1396713615023474
0 0.2673855633802817 0.5149647887323944 0.15272887323943662 0.2482394366197183
0 0.4581866197183099 0.5407863849765259 0.23151408450704225 0.2869718309859155
0 0.7002640845070423 0.551056338028169 0.2420774647887324 0.29694835680751175
0 0.9599471830985915 0.17400234741784038 0.2306338028169014 0.1402582159624413
0 0.9352992957746479 0.46830985915492956 0.1813380281690141 0.29694835680751175
0 0.2383362676056338 0.8782276995305164 0.3173415492957746 0.3163145539906103
0 0.5534771126760564 0.8934859154929577 0.3314260563380282 0.2916666666666667
0 0.7959947183098591 0.8529929577464789 0.13336267605633803 0.26936619718309857
0 1.0026408450704225 0.9392605633802817 0.1813380281690141 0.1965962441314554
0 0.24537852112676056 0.2846244131455399 0.19058098591549297 0.09859154929577464
