0 0.014524647887323943 0.16725352112676056 0.21874360710920454 0.31445583713548897
0 0.24911971830985916 0.11913145539906103 0.33835866209581433 0.3520427632303996
0 0.34066901408450706 0.09917840375586855 0.4848852689198571 0.35674930844850006
0 0.488556338028169 0.125 0.5662462340061495 0.3614289906103286
0 0.6047535211267606 0.1056338028169014 0.7668993162318984 0.3626140646697084
0 0.7830105633802817 0.08450704225352113 0.9622433932379488 0.3626264630033723
0 0.2381161971830986 0.4923708920187793 0.3599304066033525 0.774945791730036
0 0.36883802816901406 0.5205399061032864 0.4545031522763341 0.780797805219423
0 0.46610915492957744 0.5011737089201878 0.6283159730832176 0.780809170358615
0 0.6386443661971831 0.4964788732394366 0.806497075543047 0.7808119255438735
0 0.8340669014084507 0.528169014084507 0.975865287455366 0.7749247834424386
0 0.8327464788732394 0.45011737089201875 0.9564996714441579 0.5220363160968944
0 0.6637323943661971 0.43661971830985913 0.8042853290517754 0.48918038748925474
0 0.5123239436619719 0.43661971830985913 0.6542639419262051 0.48859353302916086
0 0.10959507042253522 0.3961267605633803 0.21562077681759573 0.567255794154599
0 0.0044014084507042256 0.40316901408450706 0.10255087966177345 0.567251661376711
0 0.00044014084507042255 0.6742957746478874 0.05193642599434636 0.8153319860477419
0 0.09022887323943662 0.6895539906103286 0.19054127250297562 0.7853934542308624
0 0.09595070422535211 0.789906103286385 0.19758100761257688 0.8135035762304658
0 0.0008802816901408451 0.8755868544600939 0.14788693649573498 0.9942044678084154
0 0.48063380281690143 0.9242957746478874 0.5561264816008727 0.999
0 0.6205985915492958 0.8955399061032864 0.8298324830142829 0.999
0 0.6183978873239436 0.8309859154929577 0.8078264093805793 0.890357402631753
0 0.8384683098591549 0.8879107981220657 0.999 0.991262963146642
0 0.8111795774647887 0.8397887323943662 0.9961218399747074 0.8721597483964822
0 0.6311619718309859 0.020539906103286387 0.8540355801180322 0.08625555169829618
