0 0.06360035211267606 0.3438967136150235 0.12544014084507044 0.11032863849765258
0 0.18067781690140844 0.3559272300469484 0.10607394366197183 0.07687793427230047
0 0.2876320422535211 0.36561032863849763 0.10607394366197183 0.0903755868544601
0 0.4117517605633803 0.34976525821596244 0.11751760563380281 0.13380281690140844
0 0.6320422535211268 0.21214788732394366 0.10387323943661972 0.07805164319248827
0 0.6201584507042254 0.289612676056338 0.13204225352112675 0.10387323943661972
0 0.6346830985915493 0.3799882629107981 0.136443661971831 0.09213615023474178
0 0.8474911971830986 0.2943075117370892 0.0743838028169014 0.2517605633802817
0 0.24779929577464788 0.6094483568075117 0.07570422535211267 0.2681924882629108
0 0.32438380281690143 0.6141431924882629 0.0801056338028169 0.2857981220657277
0 0.4434419014084507 0.6126760563380281 0.08318661971830986 0.2676056338028169
0 0.12522007042253522 0.9339788732394366 0.13776408450704225 0.125
0 0.3626760563380282 0.9366197183098591 0.10035211267605634 0.1068075117370892
0 0.4467429577464789 0.9278169014084507 0.08362676056338028 0.12206572769953052
0 0.5407130281690141 0.920481220657277 0.10607394366197183 0.15199530516431925
0 0.6544894366197183 0.9210680751173709 0.10387323943661972 0.14730046948356806
0 0.7662852112676056 0.9240023474178404 0.10827464788732394 0.1449530516431925
0 0.871919014084507 0.9401408450704225 0.09595070422535211 0.11971830985915492
0 0.9599471830985915 0.670774647887324 0.0801056338028169 0.22065727699530516
0 0.7977552816901409 0.6106220657276995 0.042693661971830985 0.13321596244131456
