0 0.11839788732394366 0.004107981220657277 0.25831056431015675 0.1021102652692367
0 0.1329225352112676 0.1056338028169014 0.22089219958837533 0.24054833697017788
0 0.0044014084507042256 0.3767605633802817 0.2671635557181115 0.6752483799510679
0 0.0017605633802816902 0.7306338028169014 0.2438372532731601 0.999
0 0.2438380281690141 0.6960093896713615 0.41230464875520734 0.999
0 0.46786971830985913 0.8515258215962441 0.6710088601591946 0.999
0 0.797975352112676 0.8257042253521126 0.999 0.9666515820273754
0 0.2869718309859155 0.2664319248826291 0.48710960746875615 0.5820032676497168
0 0.5044014084507042 0.2852112676056338 0.6155350345913508 0.5250673642795741
0 0.636443661971831 0.29225352112676056 0.8562339596558223 0.5127392878397143
0 0.46919014084507044 0.0005868544600938967 0.5882618001140647 0.12147852884127928
0 0.6817781690140845 0.007629107981220657 0.8676576680594128 0.20069974817606734
0 0.871919014084507 0.009389671361502348 0.9014648243776036 0.1936564614604686
0 0.9198943661971831 0.04518779342723005 0.999 0.20948052359540656
0 0.17693661971830985 0.07629107981220658 0.4651509962061099 0.16779560382640127
0 0.20378521126760563 0.16255868544600938 0.4316884748189843 0.19884826368225
0 0.894806338028169 0.31103286384976525 0.999 0.6770475159249708
