0 0.06932218309859155 0.2529342723004695 0.05941901408450704 0.15610328638497653
0 0.14964788732394366 0.2632042253521127 0.04401408450704225 0.12030516431924883
0 0.20818661971830985 0.2353286384976526 0.07306338028169014 0.176056338028169
0 0.2695862676056338 0.23562206572769953 0.03829225352112676 0.1613849765258216
0 0.3147007042253521 0.19190140845070422 0.043133802816901406 0.2664319248826291
0 0.3611355633802817 0.1851525821596244 0.05413732394366197 0.26467136150234744
0 0.4355193661971831 0.1898474178403756 0.05677816901408451 0.26467136150234744
0 0.49537852112676056 0.17018779342723006 0.05413732394366197 0.2711267605633803
0 0.5737235915492958 0.20041079812206572 0.030369718309859156 0.23767605633802816
0 0.6214788732394366 0.1875 0.06338028169014084 0.27875586854460094
0 0.6685739436619719 0.20774647887323944 0.028169014084507043 0.24413145539906103
0 0.7169894366197183 0.20305164319248825 0.05985915492957746 0.25
0 0.784330985915493 0.2106807511737089 0.04753521126760563 0.24413145539906103
0 0.8384683098591549 0.21214788732394366 0.056338028169014086 0.2318075117370892
0 0.8972271126760564 0.20481220657276994 0.05413732394366197 0.25
0 0.9581866197183099 0.20422535211267606 0.056338028169014086 0.2664319248826291
0 0.1150968309859155 0.545481220657277 0.1307218309859155 0.18485915492957747
0 0.2735475352112676 0.5539906103286385 0.1430457746478873 0.20187793427230047
0 0.414612676056338 0.5472417840375586 0.10035211267605634 0.1942488262910798
0 0.508362676056338 0.5589788732394366 0.0801056338028169 0.20598591549295775
0 0.6318221830985915 0.5410798122065728 0.07878521126760564 0.22769953051643194
0 0.7194102112676056 0.5592723004694836 0.08230633802816902 0.19718309859154928
0 0.9568661971830986 0.48620892018779344 0.06778169014084508 0.13556338028169015
0 0.09529049295774648 0.7564553990610329 0.13424295774647887 0.05868544600938967
0 0.07944542253521127 0.8186619718309859 0.1368838028169014 0.06572769953051644
0 0.08472711267605634 0.8811619718309859 0.14216549295774647 0.05575117370892019
0 0.2262323943661972 0.8873239436619719 0.14348591549295775 0.05868544600938967
0 0.22381161971830985 0.8215962441314554 0.14568661971830985 0.05985915492957746
0 0.24163732394366197 0.7593896713615024 0.13996478873239437 0.05868544600938967
0 0.3965669014084507 0.76731220657277 0.14084507042253522 0.06631455399061033
0 0.38028169014084506 0.8283450704225352 0.13732394366197184 0.05575117370892019
0 0.37786091549295775 0.886443661971831 0.13776408450704225 0.051056338028169015
0 0.5061619718309859 0.8617957746478874 0.10475352112676056 0.125
0 0.6007922535211268 0.857981220657277 0.06866197183098592 0.11737089201877934
0 0.6786971830985915 0.8251173708920188 0.07130281690140845 0.19131455399061034
0 0.7594630281690141 0.8538732394366197 0.0743838028169014 0.14906103286384975
0 0.7871919014084507 0.7004107981220657 0.06205985915492958 0.13086854460093897
0 0.846830985915493 0.7074530516431925 0.051056338028169015 0.12969483568075119
0 0.9077904929577465 0.7142018779342723 0.0664612676056338 0.13380281690140844
0 0.9680897887323944 0.7224178403755869 0.05413732394366197 0.13497652582159625
0 0.9819542253521126 0.8656103286384976 0.03609154929577465 0.13849765258215962
0 0.9203345070422535 0.8623826291079812 0.07130281690140845 0.15082159624413147
0 0.8532130281690141 0.8471244131455399 0.061179577464788734 0.13556338028169015
