0 0.014524647887323943 0.2529342723004695 0.26627881837681017 0.3355323155678988
0 0.010123239436619719 0.33392018779342725 0.22446737533475503 0.3959307980118583
0 0.21434859154929578 0.3028169014084507 0.31592678319033923 0.44993966144283537
0 0.3182218309859155 0.3057511737089202 0.45804655729269983 0.4575670474332694
0 0.3529929577464789 0.16549295774647887 0.47607702774747074 0.30565405342855256
0 0.4647887323943662 0.3415492957746479 0.6023482443959532 0.44815636778416984
0 0.6351232394366197 0.33274647887323944 0.7704070760389804 0.43759815347483966
0 0.772887323943662 0.3538732394366197 0.8944661587482642 0.4510834077233353
0 0.8992077464788732 0.3714788732394366 0.9969633768721483 0.4510730757786154
0 0.028169014084507043 0.7012910798122066 0.12278689744098394 0.8029922000705328
0 0.1307218309859155 0.659037558685446 0.24906218229269989 0.8030169967378606
0 0.2460387323943662 0.630868544600939 0.38809593365651657 0.8077283635301639
0 0.394806338028169 0.6126760563380281 0.48178045495685373 0.7596169741453416
0 0.488556338028169 0.6696009389671361 0.5900138396399524 0.8288323938151602
0 0.8441901408450704 0.5193661971830986 0.941969986733783 0.818357179461747
0 0.9432218309859155 0.5146713615023474 0.999 0.8418341130507615
