0 0.5259683098591549 0.5434272300469484 0.6824269505678437 0.6739768619541978
0 0.7130281690140845 0.5463615023474179 0.795460815066455 0.6827779568648196
0 0.8318661971830986 0.556924882629108 0.9001620307230709 0.6874665933787388
0 0.8111795774647887 0.4935446009389671 0.8878471920873834 0.549006135797571
0 0.7878521126760564 0.29518779342723006 0.8662905580489982 0.4076906174921202
0 0.5765845070422535 0.29225352112676056 0.7255384751289427 0.40593177610262515
0 0.11751760563380281 0.8321596244131455 0.32477221936371753 0.9126571833190064
0 0.09463028169014084 0.54518779342723 0.319060462023904 0.6710415564592563
0 0.33494718309859156 0.7793427230046949 0.4840075056412418 0.9443783199982367
0 0.34066901408450706 0.5387323943661971 0.5165754097649276 0.6827824340408649
0 0.733274647887324 0.840962441314554 0.8966842981303312 0.9414078858912474
