0 0.058098591549295774 0.06719483568075117 0.05545774647887324 0.11913145539906103
0 0.047975352112676055 0.23562206572769953 0.08714788732394366 0.13438967136150234
0 0.11619718309859155 0.2153755868544601 0.07482394366197183 0.13262910798122066
0 0.1190580985915493 0.07629107981220658 0.07086267605633803 0.13380281690140844
0 0.20796654929577466 0.08744131455399061 0.07790492957746478 0.1443661971830986
0 0.2169894366197183 0.2227112676056338 0.05985915492957746 0.12617370892018778
0 0.28499119718309857 0.22359154929577466 0.0664612676056338 0.1607981220657277
0 0.292693661971831 0.0619131455399061 0.05545774647887324 0.11443661971830986
0 0.3496919014084507 0.06426056338028169 0.058538732394366196 0.1273474178403756
0 0.4095510563380282 0.06631455399061033 0.061179577464788734 0.12323943661971831
0 0.47579225352112675 0.06484741784037559 0.06426056338028169 0.12030516431924883
0 0.5393926056338029 0.06543427230046948 0.06558098591549295 0.11561032863849766
0 0.6018926056338029 0.06866197183098592 0.0664612676056338 0.11854460093896714
0 0.6663732394366197 0.04753521126760563 0.05545774647887324 0.08568075117370892
0 0.3492517605633803 0.19571596244131456 0.053257042253521125 0.13791079812206572
0 0.40735035211267606 0.21156103286384975 0.058538732394366196 0.15786384976525822
0 0.4705105633802817 0.21214788732394366 0.06338028169014084 0.16255868544600938
0 0.5336707746478874 0.2197769953051643 0.061179577464788734 0.159037558685446
0 0.6043133802816901 0.2136150234741784 0.06426056338028169 0.15375586854460094
0 0.674955985915493 0.19630281690140844 0.06558098591549295 0.20011737089201878
0 0.7244718309859155 0.1552230046948357 0.04929577464788732 0.1742957746478873
0 0.8045774647887324 0.2062793427230047 0.040492957746478875 0.15082159624413147
0 0.8600352112676056 0.21508215962441316 0.06778169014084508 0.15669014084507044
0 0.7933538732394366 0.046948356807511735 0.058538732394366196 0.0903755868544601
0 0.9423415492957746 0.061619718309859156 0.0721830985915493 0.11737089201877934
0 0.1619718309859155 0.43133802816901406 0.08450704225352113 0.09507042253521127
0 0.06602112676056338 0.5980046948356808 0.1073943661971831 0.1068075117370892
0 0.1639524647887324 0.6018192488262911 0.09815140845070422 0.10856807511737089
0 0.2830105633802817 0.5011737089201878 0.06778169014084508 0.13849765258215962
0 0.34242957746478875 0.4859154929577465 0.04401408450704225 0.11150234741784038
0 0.3987676056338028 0.4867957746478873 0.0528169014084507 0.1613849765258216
0 0.45356514084507044 0.48914319248826293 0.05413732394366197 0.1742957746478873
0 0.5178257042253521 0.5161384976525821 0.06998239436619719 0.1742957746478873
0 0.5794454225352113 0.5176056338028169 0.05765845070422535 0.1807511737089202
0 0.6404049295774648 0.5132042253521126 0.05985915492957746 0.16842723004694835
0 0.7323943661971831 0.5117370892018779 0.06073943661971831 0.18661971830985916
0 0.8345070422535211 0.4920774647887324 0.03697183098591549 0.198943661971831
0 0.8846830985915493 0.5117370892018779 0.06338028169014084 0.20774647887323944
0 0.05523767605633803 0.8893779342723005 0.06734154929577464 0.12617370892018778
0 0.12345950704225352 0.8245305164319249 0.0488556338028169 0.11150234741784038
0 0.17319542253521128 0.869131455399061 0.05501760563380282 0.12793427230046947
0 0.2244718309859155 0.886443661971831 0.06514084507042253 0.12969483568075119
0 0.33340669014084506 0.7391431924882629 0.0488556338028169 0.12030516431924883
0 0.379181338028169 0.7464788732394366 0.03389084507042254 0.10211267605633803
0 0.4282570422535211 0.8480046948356808 0.07130281690140845 0.15492957746478872
0 0.43221830985915494 0.7056924882629108 0.06778169014084508 0.08157276995305164
0 0.5033010563380281 0.7133215962441315 0.061179577464788734 0.08392018779342723
0 0.5602992957746479 0.738849765258216 0.0528169014084507 0.11737089201877934
0 0.5563380281690141 0.8714788732394366 0.05897887323943662 0.12323943661971831
0 0.6241197183098591 0.8820422535211268 0.06338028169014084 0.15023474178403756
0 0.6223591549295775 0.7367957746478874 0.05545774647887324 0.13086854460093897
0 0.6819982394366197 0.8667840375586855 0.05765845070422535 0.13849765258215962
0 0.7396566901408451 0.8321596244131455 0.050616197183098594 0.1267605633802817
0 0.6753961267605634 0.7124413145539906 0.053257042253521125 0.09507042253521127
0 0.8265845070422535 0.7191901408450704 0.0801056338028169 0.10856807511737089
0 0.8272447183098591 0.8312793427230047 0.07878521126760564 0.10974178403755869
