0 0.08362676056338028 0.5404929577464789 0.19406530512299147 0.7749175510811347
0 0.0035211267605633804 0.5070422535211268 0.08362521077167229 0.7567446935131918
0 0.19190140845070422 0.6109154929577465 0.282926099732196 0.7760499322224427
0 0.35651408450704225 0.5704225352112676 0.437783224434636 0.7308859022680685
0 0.3609154929577465 0.727112676056338 0.440862273110494 0.8510991122793097
0 0.44454225352112675 0.6062206572769953 0.5279733528813727 0.7625550348255417
0 0.4524647887323944 0.7523474178403756 0.5358924010612973 0.881600735083427
0 0.5268485915492958 0.6003521126760564 0.6089230419931562 0.7625584788071149
0 0.5382922535211268 0.7552816901408451 0.6080377234799643 0.8874675576935793
0 0.621919014084507 0.6050469483568075 0.7083530286029557 0.7672505593026074
0 0.6263204225352113 0.7646713615023474 0.7061503871379686 0.8950911553042826
0 0.7077464788732394 0.7300469483568075 0.7818187735568339 0.8933509114152836
0 0.34507042253521125 0.10974178403755869 0.43646783872247574 0.27869146608917983
0 0.3529929577464789 0.27699530516431925 0.43558407000099186 0.4288280543983778
0 0.43794014084507044 0.12969483568075119 0.5222544277549097 0.27985346547201834
0 0.43882042253521125 0.2711267605633803 0.5257751670675461 0.4270709349996694
0 0.5268485915492958 0.12206572769953052 0.6146448729790717 0.272228834666843
0 0.5268485915492958 0.2711267605633803 0.6115638870635787 0.4300052073001389
0 0.6139964788732394 0.11267605633802817 0.7017544029582423 0.2710606361171725
0 0.610475352112676 0.26936619718309857 0.698234825989387 0.43000624049461084
0 0.7029049295774648 0.11737089201877934 0.792824425647193 0.27223158985210166
0 0.7051056338028169 0.27230046948356806 0.7928234570273756 0.4317650818841059
0 0.8067781690140845 0.11619718309859155 0.898852650453779 0.27105856972822856
0 0.8032570422535211 0.2711267605633803 0.884329552358163 0.4288314983799511
0 0.020246478873239437 0.8667840375586855 0.13863545489486215 0.9971439060812448
0 0.920774647887324 0.7235915492957746 0.967904588623289 0.9614298171659061
