0 0.04621478873239437 0.18661971830985916 0.12497965898383256 0.3402660682404285
0 0.12984154929577466 0.1789906103286385 0.1949252457969649 0.33088087405497146
0 0.25704225352112675 0.17018779342723006 0.3000629215433446 0.32032265974564134
0 0.3340669014084507 0.17018779342723006 0.40698324520184487 0.32971233110714365
0 0.4097711267605634 0.17312206572769953 0.48749569932801035 0.3338185903370142
0 0.5088028169014085 0.03755868544600939 0.5829626748165047 0.1865976768277899
0 0.5079225352112676 0.19248826291079812 0.5820827805742909 0.3373283519583857
0 0.582306338028169 0.18955399061032863 0.6564338440413608 0.3431986185501113
0 0.5867077464788732 0.03755868544600939 0.6529107800411624 0.1865976768277899
0 0.6712147887323944 0.061619718309859156 0.7356200639134101 0.12026900251272896
0 0.6804577464788732 0.11913145539906103 0.7567427562735568 0.18068126088298178
0 0.6870598591549296 0.176056338028169 0.7681835123859353 0.257525788534021
0 0.6892605633802817 0.25410798122065725 0.7681825437661178 0.3431607347528048
0 0.7649647887323944 0.09507042253521127 0.8403323218359452 0.1748268366064934
0 0.7640845070422535 0.176056338028169 0.8394524275937314 0.25576522515373934
0 0.7706866197183099 0.25586854460093894 0.8425305076497719 0.3384648658775816
0 0.8529929577464789 0.09330985915492958 0.9318428728178932 0.17013303412021424
0 0.8507922535211268 0.1789906103286385 0.9305234189024996 0.25400293978267097
0 0.8507922535211268 0.2529342723004695 0.9318438414377108 0.3355323155678988
0 0.9352992957746479 0.18368544600938966 0.9824228436198175 0.24519736769600387
0 0.9330985915492958 0.1056338028169014 0.9837442347748462 0.18362345434106989
0 0.9300176056338029 0.2482394366197183 0.9969498161947034 0.3384693430536269
0 0.366637323943662 0.4753521126760563 0.43865905047361636 0.5578196290418568
0 0.36311619718309857 0.5580985915492958 0.43425919181462014 0.6346490031739734
0 0.36223591549295775 0.6443661971830986 0.432058875037195 0.7249739634993058
0 0.44014084507042256 0.4788732394366197 0.5086090929379091 0.5595781260331945
0 0.4423415492957746 0.5674882629107981 0.512129251078655 0.6452068730851462
0 0.43441901408450706 0.653169014084507 0.5108123155747867 0.7355321778086358
0 0.5158450704225352 0.482981220657277 0.5886814062190042 0.5595757152460932
0 0.514524647887324 0.5645539906103286 0.5856010014754017 0.6405137593951816
0 0.5101232394366197 0.6379107981220657 0.5908846288558818 0.7402359678414777
0 0.5946302816901409 0.45011737089201875 0.6427840535731998 0.5384682409795235
0 0.5911091549295775 0.5416666666666666 0.6485074343508233 0.6334849374021909
0 0.5902288732394366 0.6396713615023474 0.6485078217987502 0.7296715543653155
0 0.6465669014084507 0.45305164319248825 0.6880957011877603 0.5355322466882674
0 0.6500880281690141 0.5404929577464789 0.6938159823819678 0.6317250628182239
0 0.6487676056338029 0.6367370892018779 0.6982179720045626 0.7202836049945999
0 0.6963028169014085 0.45305164319248825 0.7435315568587582 0.5384665189887369
0 0.6998239436619719 0.5387323943661971 0.7488116972078952 0.6199890068108179
0 0.7099471830985915 0.630868544600939 0.747926959866594 0.7085499597742952
0 0.7504401408450704 0.6261737089201878 0.802046461205614 0.7161818229407746
0 0.7482394366197183 0.5311032863849765 0.7998467256000793 0.6164723572262999
0 0.866637323943662 0.6203051643192489 0.9261150363891094 0.7173589758425356
0 0.8565140845070423 0.426056338028169 0.9102744216177345 0.5067922204589037
0 0.9388204225352113 0.6109154929577465 0.9982663642506447 0.7232330308139919
0 0.46258802816901406 0.8515258215962441 0.5367682271002777 0.983655207851176
0 0.021566901408450703 0.9014084507042254 0.07789543710325332 0.999
0 0.5607394366197183 0.8368544600938967 0.6181510829944455 0.9654713295421984
0 0.6408450704225352 0.8773474178403756 0.7149468111485816 0.9942034346139434
0 0.6985035211267606 0.8380281690140845 0.7501327009149971 0.9865974013092641
0 0.8045774647887324 0.840962441314554 0.8605613655524698 0.9566661018536886
0 0.8838028169014085 0.7916666666666666 0.9349102980559412 0.8633851721439749
0 0.9432218309859155 0.789906103286385 0.9916623143349534 0.857517660737508
