0 0.010123239436619719 0.3615023474178404 0.06645681195447332 0.553778461063722
0 0.03609154929577465 0.7523474178403756 0.09241369209978179 0.9203331294496242
0 0.36311619718309857 0.7599765258215962 0.41973454392729614 0.8980281827900107
0 0.5066021126760564 0.727112676056338 0.5728404039997024 0.8681178916220327
0 0.5765845070422535 0.7300469483568075 0.638390587804999 0.8528579536688047
0 0.6522887323943662 0.7494131455399061 0.7241847320720096 0.8962738185765611
0 0.7640845070422535 0.7570422535211268 0.8302094698472525 0.895095632480328
0 0.8419894366197183 0.7523474178403756 0.9014779976071216 0.8950983876655866
0 0.9027288732394366 0.738849765258216 0.9520674608832572 0.8845429285415152
0 0.9546654929577465 0.7376760563380281 0.9969389676527475 0.9115389225021491
0 0.4546654929577465 0.3550469483568075 0.5200463620189447 0.4751437517908704
0 0.5550176056338029 0.3538732394366197 0.6137521929552668 0.4798392762679362
0 0.6012323943661971 0.4272300469483568 0.6700698801081134 0.5373079635874716
0 0.6329225352112676 0.3673708920187793 0.701746072827812 0.4962632799929467
0 0.6971830985915493 0.2300469483568075 0.7545346905375918 0.350803963058476
0 0.8045774647887324 0.39906103286384975 0.8755261542848641 0.5519958562013709
0 0.8745598591549296 0.3926056338028169 0.947678450766217 0.5519996445811016
0 0.8089788732394366 0.23767605633802816 0.8627601325381868 0.3519731948026185
0 0.8802816901408451 0.24706572769953053 0.9406336788335649 0.3595967924133218
0 0.9432218309859155 0.23650234741784038 0.9947433002504464 0.36136355496043554
0 0.34286971830985913 0.09800469483568075 0.41490190593384246 0.17482511461570674
0 0.34286971830985913 0.013497652582159625 0.4118209200183495 0.09506250137759263
0 0.41505281690140844 0.004694835680751174 0.49409548731650466 0.08567799598845027
0 0.417693661971831 0.09213615023474178 0.48969291652201946 0.17482855859728008
0 0.4942781690140845 0.08274647887323944 0.5719655465805396 0.17776834126826688
0 0.49867957746478875 0.01232394366197183 0.5763650177916088 0.08743408219268663
0 0.5721830985915493 0.0017605633802816902 0.6269488630728031 0.07511633769754678
0 0.5757042253521126 0.08274647887323944 0.6326691442670105 0.17307350558751572
0 0.6298415492957746 0.007629107981220657 0.6801805274871057 0.0845025650774758
0 0.6351232394366197 0.08450704225352113 0.6823789070248959 0.1730724723930437
0 0.6883802816901409 0.08274647887323944 0.7307709593830589 0.1748340689677974
0 0.6892605633802817 0.007629107981220657 0.7386931071463996 0.08743683737794529
0 0.7411971830985915 0.0005868544600938967 0.7919272899722277 0.07981186217461261
0 0.7381161971830986 0.08157276995305164 0.790608223504761 0.17307419438383037
0 0.8600352112676056 0.07687793427230047 0.9195158295725054 0.1777717852498402
0 0.9379401408450704 0.0539906103286385 0.9969463291633605 0.17309038109722497
0 0.8160211267605634 0.01056338028169014 0.8548344977435033 0.0921299510679098
0 0.577024647887324 0.6291079812206573 0.6427918025317397 0.7290908990720536
