0 0.10959507042253522 0.08157276995305164 0.25479331202886335 0.28868452302232805
0 0.4423415492957746 0.0886150234741784 0.5935553074166832 0.2845724090237828
0 0.5990316901408451 0.08568075117370892 0.7479757783053957 0.2845741310145694
0 0.7482394366197183 0.14730046948356806 0.8663079932057132 0.2722140255460777
0 0.05501760563380282 0.3914319248826291 0.18395465774399922 0.4921411784478388
0 0.0008802816901408451 0.4994131455399061 0.08450665480559413 0.6423125509709273
0 0.07658450704225352 0.4953051643192488 0.2596493906219004 0.6440755251383103
0 0.18485915492957747 0.38967136150234744 0.2596017345268796 0.4903816482620291
0 0.25704225352112675 0.38673708920187794 0.41053827365602064 0.5162049664969472
0 0.2596830985915493 0.5176056338028169 0.3801673930023805 0.6334990577266416
0 0.3789612676056338 0.5686619718309859 0.5130374290195397 0.6287742594062025
0 0.4185739436619718 0.45129107981220656 0.5359073178064868 0.5097116836386079
0 0.41505281690140844 0.5164319248826291 0.5389898535136878 0.5642509202318764
0 0.5730633802816901 0.5328638497652582 0.732142137596707 0.6364243756750203
0 0.07306338028169014 0.704225352112676 0.2539291094276929 0.860502215168948
0 0.0801056338028169 0.8609154929577465 0.2640492492808966 0.9548938289360577
0 0.39172535211267606 0.7552816901408451 0.5469226560950209 0.9068337548766778
0 0.3926056338028169 0.9072769953051644 0.5500032545625868 0.999
0 0.6738556338028169 0.8685446009389671 0.7976787607245587 0.9971428728867728
0 0.8472711267605634 0.7992957746478874 0.9983066588350527 0.999
