0 0.20378521126760563 0.004107981220657277 0.4176039677767308 0.13321355165421322
0 0.20774647887323944 0.1402582159624413 0.4431303932751438 0.34205383907513937
0 0.20642605633802816 0.3562206572769953 0.45237393219351324 0.7374670066565276
0 0.2169894366197183 0.7734741784037559 0.41891857859303705 0.9408606372192466
0 0.21830985915492956 0.95481220657277 0.41451658897044236 0.999
0 0.4410211267605634 0.9413145539906104 0.6710206773209682 0.999
0 0.6839788732394366 0.9583333333333334 0.8817412064818488 0.999
0 0.4278169014084507 0.7394366197183099 0.6657447988990279 0.9197538517489916
0 0.3798415492957746 0.5475352112676056 0.6710476049518944 0.7320730427163923
0 0.4537852112676056 0.3456572769953052 0.6864199889034914 0.5490929241332188
0 0.46786971830985913 0.13849765258215962 0.6982975925535608 0.33501261874848465
0 0.4238556338028169 0.002347417840375587 0.6829120353724459 0.14201740175009367
0 0.6866197183098591 0.002347417840375587 0.8989055370958143 0.1731206881350702
0 0.7051056338028169 0.1784037558685446 0.9195840204076572 0.37137417619960766
0 0.7011443661971831 0.38204225352112675 0.9116632287120611 0.5766537310718772
0 0.7051056338028169 0.5874413145539906 0.9182635978724459 0.7649134734069518
0 0.6945422535211268 0.7857981220657277 0.9037435993602461 0.9461350949987878
0 0.8926056338028169 0.999 0.999 0.999
0 0.9106514084507042 0.7857981220657277 0.999 0.999
0 0.9225352112676056 0.5927230046948356 0.999 0.7731263362648505
0 0.9198943661971831 0.3937793427230047 0.999 0.5819285332495757
0 0.9251760563380281 0.1936619718309859 0.999 0.39601310917146065
0 0.9066901408450704 0.009389671361502348 0.999 0.17487711873746392
