0 0.037852112676056336 0.08039906103286384 0.06426056338028169 0.07981220657276995
0 0.136443661971831 0.06690140845070422 0.0721830985915493 0.07981220657276995
0 0.06029929577464789 0.3770539906103286 0.05721830985915493 0.09213615023474178
0 0.1483274647887324 0.29577464788732394 0.0528169014084507 0.06455399061032864
0 0.15338908450704225 0.3761737089201878 0.0743838028169014 0.10211267605633803
0 0.21588908450704225 0.3814553990610329 0.04621478873239437 0.07981220657276995
0 0.24647887323943662 0.31396713615023475 0.04841549295774648 0.07042253521126761
0 0.2893926056338028 0.3817488262910798 0.050616197183098594 0.07687793427230047
0 0.32438380281690143 0.30252347417840375 0.04401408450704225 0.0721830985915493
0 0.3633362676056338 0.17165492957746478 0.03389084507042254 0.06631455399061033
0 0.38930457746478875 0.24002347417840375 0.03829225352112676 0.07042253521126761
0 0.3430897887323944 0.238556338028169 0.03829225352112676 0.07687793427230047
0 0.36311619718309857 0.3785211267605634 0.03609154929577465 0.07042253521126761
0 0.40911091549295775 0.37940140845070425 0.03477112676056338 0.07805164319248827
0 0.4597271126760563 0.30721830985915494 0.07790492957746478 0.056924882629107984
0 0.448943661971831 0.3779342723004695 0.040492957746478875 0.08098591549295775
0 0.4942781690140845 0.37646713615023475 0.043133802816901406 0.08744131455399061
0 0.5404929577464789 0.3711854460093897 0.0448943661971831 0.08274647887323944
0 0.6338028169014085 0.3333333333333333 0.09595070422535211 0.1643192488262911
0 0.7013644366197183 0.3371478873239437 0.03917253521126761 0.14730046948356806
0 0.7757482394366197 0.363556338028169 0.10255281690140845 0.0886150234741784
0 0.7814700704225352 0.27406103286384975 0.10079225352112677 0.09624413145539906
0 0.8972271126760564 0.14700704225352113 0.11487676056338028 0.10974178403755869
0 0.8961267605633803 0.24970657276995306 0.12852112676056338 0.09330985915492958
0 0.893705985915493 0.3617957746478873 0.13776408450704225 0.10974178403755869
0 0.06073943661971831 0.5718896713615024 0.0721830985915493 0.0897887323943662
0 0.05017605633802817 0.6584507042253521 0.06426056338028169 0.09154929577464789
0 0.13534330985915494 0.6546361502347418 0.04533450704225352 0.08392018779342723
0 0.16703345070422534 0.5657276995305164 0.06558098591549295 0.08450704225352113
0 0.22733274647887325 0.568075117370892 0.05941901408450704 0.09741784037558686
0 0.17473591549295775 0.6599178403755869 0.04753521126760563 0.0886150234741784
0 0.21720950704225353 0.670481220657277 0.03477112676056338 0.09800469483568075
0 0.2539612676056338 0.6807511737089202 0.03169014084507042 0.1068075117370892
0 0.30061619718309857 0.6913145539906104 0.05545774647887324 0.1068075117370892
0 0.3587147887323944 0.5915492957746479 0.07922535211267606 0.10211267605633803
0 0.3600352112676056 0.7012910798122066 0.06338028169014084 0.1056338028169014
0 0.43221830985915494 0.7059859154929577 0.07922535211267606 0.10211267605633803
0 0.4630281690140845 0.590962441314554 0.07570422535211267 0.1068075117370892
0 0.5110035211267606 0.6983568075117371 0.06778169014084508 0.107981220657277
0 0.5754841549295775 0.704225352112676 0.05677816901408451 0.107981220657277
0 0.6432658450704225 0.7321009389671361 0.07702464788732394 0.11561032863849766
0 0.7238116197183099 0.7494131455399061 0.08230633802816902 0.13262910798122066
0 0.8125 0.7517605633802817 0.09242957746478873 0.12793427230046947
0 0.9524647887323944 0.7546948356807511 0.09507042253521127 0.1396713615023474
0 0.5664612676056338 0.5765845070422535 0.06954225352112677 0.09917840375586855
0 0.6786971830985915 0.5877347417840375 0.08714788732394366 0.11326291079812206
0 0.7491197183098591 0.590669014084507 0.056338028169014086 0.11913145539906103
0 0.8056778169014085 0.6047535211267606 0.04973591549295775 0.11443661971830986
0 0.8734595070422535 0.6141431924882629 0.08318661971830986 0.12969483568075119
0 0.028169014084507043 0.8383215962441315 0.03873239436619718 0.09917840375586855
0 0.06712147887323944 0.8459507042253521 0.03917253521126761 0.09917840375586855
0 0.1150968309859155 0.8653169014084507 0.05413732394366197 0.09683098591549295
0 0.1736355633802817 0.8705985915492958 0.06294014084507042 0.11326291079812206
0 0.023547535211267605 0.9322183098591549 0.042693661971830985 0.0886150234741784
0 0.06866197183098592 0.9407276995305164 0.05193661971830986 0.09624413145539906
0 0.12037852112676056 0.9551056338028169 0.042693661971830985 0.0897887323943662
0 0.22601232394366197 0.8600352112676056 0.04181338028169014 0.10035211267605634
0 0.2363556338028169 0.95481220657277 0.04665492957746479 0.07981220657276995
0 0.28433098591549294 0.9592136150234741 0.04929577464788732 0.06748826291079812
0 0.3215228873239437 0.8744131455399061 0.05413732394366197 0.09624413145539906
0 0.3882042253521127 0.9231220657276995 0.07922535211267606 0.11267605633802817
0 0.4845950704225352 0.9081572769953051 0.07570422535211267 0.11326291079812206
0 0.5596390845070423 0.9058098591549296 0.05413732394366197 0.11443661971830986
0 0.6133362676056338 0.9143192488262911 0.0488556338028169 0.11619718309859155
0 0.6650528169014085 0.9451291079812206 0.05985915492957746 0.10504694835680752
0 0.7533010563380281 0.9307511737089202 0.06205985915492958 0.11032863849765258
0 0.8186619718309859 0.9248826291079812 0.06866197183098592 0.09154929577464789
0 0.8886443661971831 0.9369131455399061 0.06866197183098592 0.0886150234741784
0 0.9581866197183099 0.9451291079812206 0.07658450704225352 0.08744131455399061
0 0.5574383802816901 0.29313380281690143 0.0488556338028169 0.09096244131455399
