0 0.25682218309859156 0.20833333333333334 0.1500880281690141 0.2605633802816901
0 0.410431338028169 0.21449530516431925 0.12279929577464789 0.24471830985915494
0 0.5475352112676056 0.1954225352112676 0.14348591549295775 0.2863849765258216
0 0.719850352112676 0.2039319248826291 0.1641725352112676 0.2623239436619718
0 0.890625 0.20158450704225353 0.1694542253521127 0.267018779342723
0 0.23943661971830985 0.5346244131455399 0.0994718309859155 0.1983568075117371
0 0.07504401408450705 0.6261737089201878 0.09727112676056338 0.09507042253521127
0 0.05765845070422535 0.7177230046948356 0.09595070422535211 0.09154929577464789
0 0.02970950704225352 0.9782863849765259 0.047975352112676055 0.1643192488262911
0 0.21875 0.8679577464788732 0.1073943661971831 0.20892018779342722
0 0.3470510563380282 0.8973004694835681 0.14128521126760563 0.2676056338028169
0 0.5127640845070423 0.9110915492957746 0.1073943661971831 0.24354460093896713
0 0.6388644366197183 0.8964201877934272 0.12455985915492958 0.2142018779342723
0 0.772887323943662 0.9342723004694836 0.11267605633802817 0.2347417840375587
0 0.8956866197183099 0.9240023474178404 0.11267605633802817 0.2142018779342723
0 0.596830985915493 0.5701291079812206 0.13468309859154928 0.2177230046948357
0 0.769806338028169 0.5536971830985915 0.12323943661971831 0.2153755868544601
0 0.9005281690140845 0.5677816901408451 0.11795774647887323 0.23650234741784038
