0 0.032570422535211266 0.13615023474178403 0.06073943661971831 0.1431924882629108
0 0.03455105633802817 0.2831572769953052 0.06205985915492958 0.13556338028169015
0 0.10101232394366197 0.1340962441314554 0.07086267605633803 0.14730046948356806
0 0.10497359154929578 0.27992957746478875 0.06998239436619719 0.13849765258215962
0 0.17495598591549297 0.13262910798122066 0.06998239436619719 0.1443661971830986
0 0.17649647887323944 0.2778755868544601 0.06690140845070422 0.13086854460093897
0 0.2550616197183099 0.13615023474178403 0.06558098591549295 0.1396713615023474
0 0.2550616197183099 0.278462441314554 0.06558098591549295 0.14730046948356806
0 0.32548415492957744 0.136443661971831 0.06910211267605634 0.15199530516431925
0 0.32548415492957744 0.28080985915492956 0.07350352112676056 0.13673708920187794
0 0.3983274647887324 0.1317488262910798 0.0721830985915493 0.15199530516431925
0 0.4011883802816901 0.2775821596244131 0.06910211267605634 0.15492957746478872
0 0.5801056338028169 0.13703051643192488 0.0721830985915493 0.14730046948356806
0 0.581205985915493 0.2813967136150235 0.06558098591549295 0.1414319248826291
0 0.6703345070422535 0.28843896713615025 0.043133802816901406 0.13086854460093897
0 0.7323943661971831 0.2828638497652582 0.0721830985915493 0.1443661971830986
0 0.8193221830985915 0.2890258215962441 0.06998239436619719 0.13556338028169015
0 0.8915052816901409 0.2907863849765258 0.06998239436619719 0.1414319248826291
0 0.9740316901408451 0.2852112676056338 0.05193661971830986 0.14553990610328638
0 0.10717429577464789 0.460387323943662 0.058538732394366196 0.09330985915492958
0 0.06536091549295775 0.5607394366197183 0.04533450704225352 0.10387323943661972
0 0.12345950704225352 0.5660211267605634 0.0664612676056338 0.10856807511737089
0 0.06778169014084508 0.6599178403755869 0.040492957746478875 0.09800469483568075
0 0.12279929577464789 0.676349765258216 0.06778169014084508 0.10387323943661972
0 0.20664612676056338 0.5117370892018779 0.06998239436619719 0.13849765258215962
0 0.20598591549295775 0.6584507042253521 0.07130281690140845 0.1431924882629108
0 0.2876320422535211 0.6449530516431925 0.04973591549295775 0.1431924882629108
0 0.35079225352112675 0.6566901408450704 0.0721830985915493 0.14906103286384975
0 0.42143485915492956 0.6637323943661971 0.0488556338028169 0.15610328638497653
0 0.5805457746478874 0.6637323943661971 0.06866197183098592 0.1443661971830986
0 0.6613116197183099 0.6666666666666666 0.0743838028169014 0.1443661971830986
0 0.7249119718309859 0.6382042253521126 0.05985915492957746 0.13204225352112675
0 0.17253521126760563 0.8494718309859155 0.0721830985915493 0.13086854460093897
0 0.238556338028169 0.8389084507042254 0.06690140845070422 0.10387323943661972
0 0.3061179577464789 0.841255868544601 0.06205985915492958 0.11443661971830986
0 0.37455985915492956 0.9134389671361502 0.05193661971830986 0.16255868544600938
0 0.5389524647887324 0.9507042253521126 0.06910211267605634 0.09859154929577464
0 0.596830985915493 0.9483568075117371 0.04929577464788732 0.10328638497652583
0 0.653169014084507 0.954518779342723 0.0625 0.09096244131455399
0 0.6518485915492958 0.8488849765258216 0.05985915492957746 0.09917840375586855
0 0.7141285211267606 0.8653169014084507 0.06998239436619719 0.1238262910798122
0 0.7792693661971831 0.869131455399061 0.05765845070422535 0.12793427230046947
0 0.8351672535211268 0.8594483568075117 0.04533450704225352 0.10856807511737089
