0 0.1952024647887324 0.054870892018779344 0.2169894366197183 0.10387323943661972
0 0.20774647887323944 0.16255868544600938 0.21214788732394366 0.09976525821596244
0 0.22183098591549297 0.2746478873239437 0.19982394366197184 0.09741784037558686
0 0.03851232394366197 0.3001760563380282 0.0761443661971831 0.10622065727699531
0 0.03345070422535211 0.18045774647887325 0.06602112676056338 0.1073943661971831
0 0.03411091549295775 0.07012910798122066 0.06734154929577464 0.11326291079812206
0 0.42473591549295775 0.056338028169014086 0.20862676056338028 0.10093896713615023
0 0.6595510563380281 0.05369718309859155 0.1949823943661972 0.10622065727699531
0 0.6560299295774648 0.21449530516431925 0.19762323943661972 0.20011737089201878
0 0.4326584507042254 0.2153755868544601 0.20422535211267606 0.20187793427230047
0 0.8254841549295775 0.17458920187793428 0.13424295774647887 0.22007042253521128
0 0.9586267605633803 0.20187793427230047 0.07746478873239436 0.2347417840375587
0 0.12015845070422536 0.4823943661971831 0.13908450704225353 0.1607981220657277
0 0.02266725352112676 0.49677230046948356 0.04445422535211268 0.18955399061032863
0 0.26452464788732394 0.4621478873239437 0.14788732394366197 0.13204225352112675
0 0.3633362676056338 0.5953638497652582 0.207306338028169 0.13086854460093897
0 0.45598591549295775 0.4592136150234742 0.15140845070422534 0.12617370892018778
0 0.6065140845070423 0.4703638497652582 0.11883802816901408 0.16960093896713616
0 0.7948943661971831 0.4926643192488263 0.136443661971831 0.22711267605633803
0 0.9355193661971831 0.5064553990610329 0.12191901408450705 0.22769953051643194
0 0.035211267605633804 0.8207159624413145 0.06954225352112677 0.12265258215962441
0 0.11839788732394366 0.8394953051643192 0.09242957746478873 0.19307511737089203
0 0.2125880281690141 0.8057511737089202 0.09154929577464789 0.12206572769953052
0 0.5506161971830986 0.8999413145539906 0.0721830985915493 0.18603286384976525
0 0.6883802816901409 0.8908450704225352 0.07658450704225352 0.15610328638497653
0 0.8345070422535211 0.9119718309859155 0.06866197183098592 0.15610328638497653
0 0.8976672535211268 0.8782276995305164 0.053257042253521125 0.13086854460093897
0 0.967649647887324 0.8207159624413145 0.06470070422535211 0.1789906103286385
