0 0.005721830985915493 0.15082159624413147 0.0642580449687562 0.2557800342745046
0 0.0008802816901408451 0.25586854460093894 0.07790454212953779 0.40301885648791025
0 0.07658450704225352 0.25410798122065725 0.15225502442471733 0.4059541619828518
0 0.15669014084507044 0.2482394366197183 0.22792399201547311 0.40184962474376773
0 0.230193661971831 0.25 0.31239868236708984 0.3989143192488263
0 0.24691901408450703 0.12206572769953052 0.32955681381422336 0.2557969097842139
0 0.35651408450704225 0.13849765258215962 0.42854026668815715 0.2587215389362781
0 0.34639084507042256 0.25880281690140844 0.42282289135340206 0.39597488097599687
0 0.46170774647887325 0.24061032863849766 0.5345679103228527 0.39891982961934364
0 0.43441901408450706 0.11443661971830986 0.5055306254339417 0.24817227897903854
0 0.5044014084507042 0.09917840375586855 0.5785632036054353 0.25757090469263155
0 0.5779049295774648 0.1056338028169014 0.6485132460697283 0.25111171725186804
0 0.6659330985915493 0.15375586854460094 0.7299005576150566 0.23934638740108885
0 0.7381161971830986 0.15199530516431925 0.8055730122371554 0.2346525849148097
0 0.8125 0.15786384976525822 0.8698008362676056 0.2452125212149265
0 0.5779049295774648 0.25410798122065725 0.655555499590855 0.398911908461725
0 0.6624119718309859 0.24237089201877934 0.7400253468433843 0.38952912506336923
0 0.7425176056338029 0.2300469483568075 0.818775300349633 0.38366781282373424
0 0.894806338028169 0.24237089201877934 0.9758385535484031 0.3807263081619608
0 0.005721830985915493 0.5269953051643192 0.12631790412368576 0.6334935473561243
0 0.04973591549295775 0.6455399061032864 0.12761895426254713 0.798916936674822
0 0.16901408450704225 0.4923708920187793 0.256967863519143 0.6393824114483458
0 0.1681338028169014 0.6455399061032864 0.25388726505157705 0.7912878286936014
0 0.27508802816901406 0.48884976525821594 0.3599141337904186 0.6229525529546607
0 0.26276408450704225 0.6379107981220657 0.3475956143994247 0.789531742489365
0 0.35563380281690143 0.6379107981220657 0.42986107667129536 0.8018556861513368
0 0.4308978873239437 0.6367370892018779 0.5077328794510018 0.8000958115673698
0 0.5110035211267606 0.6214788732394366 0.5922046639431661 0.7895413856377702
0 0.37588028169014087 0.4876760563380282 0.4456972357915096 0.6288217863519143
0 0.448943661971831 0.4818075117370892 0.504203810007935 0.627064666953206
0 0.5079225352112676 0.482981220657277 0.5785616538137275 0.6200217246357645
0 0.5757042253521126 0.4788732394366197 0.6608381583515175 0.6258926800238048
0 0.6725352112676056 0.47417840375586856 0.7435420179527872 0.6258954352090635
0 0.746919014084507 0.47124413145539906 0.82097406733535 0.6258971571998501
0 0.823943661971831 0.4647887323943662 0.9058873487403293 0.6241403821992991
0 0.90625 0.4665492957746479 0.9859567561619719 0.6317684569860477
0 0.5924295774647887 0.6291079812206573 0.6586300926155525 0.7760392558795653
0 0.6690140845070423 0.6261737089201878 0.7558675114064669 0.7942334661332628
0 0.7570422535211268 0.6232394366197183 0.8302125694306685 0.7819112444620776
0 0.8318661971830986 0.6320422535211268 0.9067641433991273 0.7866009141704688
0 0.9106514084507042 0.6261737089201878 0.9837541146969848 0.7789752501708216
0 0.25264084507042256 0.8532863849765259 0.308867675684388 0.9279030009477837
0 0.3089788732394366 0.8515258215962441 0.3801456959184686 0.9296645975225375
0 0.3824823943661972 0.8474178403755869 0.4364513721855783 0.927906444929357
0 0.4357394366197183 0.8515258215962441 0.4984877907409244 0.9220354895413168
