0 0.07306338028169014 0.2664319248826291 0.20859460238543942 0.5778952864290594
0 0.258362676056338 0.07981220657276995 0.34627712910384845 0.24232405386938216
0 0.3477112676056338 0.07805164319248827 0.42766385947728625 0.2346959790826335
0 0.42649647887323944 0.061619718309859156 0.5209390420427494 0.22414224194934865
0 0.5211267605633803 0.04812206572769953 0.6137671097004562 0.22121589080649784
0 0.6139964788732394 0.046948356807511735 0.7149586283103551 0.20947949040093458
0 0.7165492957746479 0.036384976525821594 0.8108641948522118 0.1989223092860764
0 0.801056338028169 0.01056338028169014 0.9080981266117835 0.19130835482377836
0 0.36311619718309857 0.29518779342723006 0.46374862843433845 0.46813662688179153
0 0.46258802816901406 0.2887323943661972 0.5605358327340806 0.46051130728030154
0 0.554137323943662 0.27699530516431925 0.6450025804031938 0.45582335956269704
0 0.6452464788732394 0.2664319248826291 0.7400329020779607 0.4511347230487778
0 0.7425176056338029 0.2576291079812207 0.8425429059834358 0.44820561672066833
0 0.28433098591549294 0.4665492957746479 0.3722340092491569 0.6335290203663294
0 0.37455985915492956 0.4694835680751174 0.4646238733014283 0.6347010072957306
0 0.46830985915492956 0.46830985915492956 0.5561319058718508 0.6288331514911063
0 0.5563380281690141 0.45892018779342725 0.649843161079151 0.6259043895611541
0 0.6522887323943662 0.45129107981220656 0.7488326193959532 0.6241483033569177
0 0.7460387323943662 0.4454225352112676 0.84474206041708 0.624151747338491
0 0.2548415492957746 0.6860328638497653 0.3427575521349931 0.8558180558310741
0 0.3419894366197183 0.6924882629107981 0.4377896173254314 0.8634433754325641
0 0.44014084507042256 0.7030516431924883 0.5301759943463599 0.8663714485662015
0 0.5303697183098591 0.7030516431924883 0.6260869851591946 0.8710662842469528
0 0.625 0.7012910798122066 0.7197953345070423 0.8663724817606736
0 0.7222711267605634 0.7059859154929577 0.8267067468632217 0.8681302899556966
0 0.2649647887323944 0.8562206572769953 0.3409925331035509 0.999
0 0.3419894366197183 0.8609154929577465 0.4355889131000793 0.999
0 0.43794014084507044 0.8714788732394366 0.5323776671915295 0.9971411508959862
0 0.5338908450704225 0.8697183098591549 0.6287262804379091 0.999
0 0.6329225352112676 0.8667840375586855 0.729915086912319 0.9971439060812448
0 0.7310739436619719 0.8656103286384976 0.8346254075952192 0.9971445948775596
