0 0.8032570422535211 0.23708920187793428 0.9349457495412618 0.35784208380171484
0 0.8045774647887324 0.36619718309859156 0.9415472810454276 0.5596442504794022
0 0.8098591549295775 0.5598591549295775 0.9428653788930768 0.6886385803081398
0 0.7992957746478874 0.6907276995305164 0.950352422634398 0.8939608405519187
0 0.8032570422535211 0.9049295774647887 0.9543119467243604 0.999
0 0.636443661971831 0.9119718309859155 0.7875719878248364 0.999
0 0.647887323943662 0.8309859154929577 0.7928486411426304 0.9114841631951333
0 0.6452464788732394 0.6737089201877934 0.7976913527821861 0.8511304525116268
0 0.6610915492957746 0.24237089201877934 0.7875611392828803 0.4317826461901298
0 0.6558098591549296 0.4336854460093897 0.7928451541112874 0.5525623911701824
0 0.6619718309859155 0.5580985915492958 0.7990044138067843 0.6733813975401707
0 0.5171654929577465 0.2300469483568075 0.6542618109626066 0.43355044193171544
0 0.5211267605633803 0.43896713615023475 0.6516192223765126 0.5419959113050762
0 0.5171654929577465 0.551056338028169 0.6582230785682405 0.6804277838391852
0 0.5057218309859155 0.687206572769953 0.6388619182081928 0.9338690102272477
0 0.4823943661971831 0.9342723004694836 0.6283088052965681 0.999
0 0.01232394366197183 0.2300469483568075 0.198938237700853 0.40244715554673893
0 0.05897887323943662 0.4043427230046948 0.17911136493255306 0.5091523810311005
0 0.013644366197183098 0.534037558685446 0.16504681145853997 0.6716349544843395
0 0.022887323943661973 0.9102112676056338 0.1650427432553065 0.999
0 0.030369718309859156 0.7012910798122066 0.17164156262398333 0.8786964254226455
0 0.17913732394366197 0.7288732394366197 0.3344281966003769 0.8939384546716922
0 0.17297535211267606 0.903169014084507 0.32298724676403495 0.999
0 0.32702464788732394 0.999 0.4690462039401904 0.999
0 0.33098591549295775 0.9254694835680751 0.47564657310057534 0.999
0 0.3345070422535211 0.653169014084507 0.48092671344971233 0.9250861684189644
0 0.355193661971831 0.5164319248826291 0.51436831264878 0.6593213427670876
0 0.34242957746478875 0.3714788732394366 0.5077718179676651 0.5144533574687562
0 0.2011443661971831 0.24237089201877934 0.34894315828952593 0.38894227060327535
0 0.18441901408450703 0.4078638497652582 0.32430263247619523 0.7251127559567104
0 0.3617957746478873 0.23884976525821597 0.5183266743949614 0.35255936046639774
