0 0.12830105633802816 0.2007042253521127 0.21346830985915494 0.3215962441314554
0 0.3061179577464789 0.2438380281690141 0.16329225352112675 0.23767605633802816
0 0.3714788732394366 0.11619718309859155 0.29401408450704225 0.22065727699530516
0 0.6672535211267606 0.18251173708920188 0.26936619718309857 0.36032863849765256
0 0.9419014084507042 0.2690727699530516 0.002640845070422535 0.008802816901408451
0 0.9412411971830986 0.18016431924882628 0.22139084507042253 0.34507042253521125
0 0.6485475352112676 0.6596244131455399 0.22403169014084506 0.289906103286385
0 0.8956866197183099 0.6484741784037559 0.19806338028169015 0.32629107981220656
0 0.3851232394366197 0.6408450704225352 0.25616197183098594 0.2828638497652582
0 0.13534330985915494 0.6607981220657277 0.16593309859154928 0.13262910798122066
0 0.4828345070422535 1.050762910798122 0.07394366197183098 0.15316901408450703
0 0.5464348591549296 1.0490023474178405 0.042693661971830985 0.1813380281690141
0 0.5858274647887324 1.0495892018779343 0.028169014084507043 0.18251173708920188
0 0.6148767605633803 1.0498826291079812 0.01936619718309859 0.176056338028169
0 0.6467869718309859 1.0446009389671362 0.023327464788732395 0.19248826291079812
0 0.6808978873239436 1.0437206572769953 0.027288732394366196 0.18838028169014084
0 0.714568661971831 1.0404929577464788 0.026848591549295774 0.19131455399061034
0 0.3824823943661972 1.0360915492957747 0.04929577464788732 0.19307511737089203
0 0.10849471830985916 1.040199530516432 0.08582746478873239 0.20129107981220656
0 0.1813380281690141 1.051643192488263 0.06602112676056338 0.16549295774647887
0 0.7502200704225352 1.0437206572769953 0.02068661971830986 0.1813380281690141
0 0.8142605633802817 1.0369718309859155 0.027288732394366196 0.18779342723004694
0 0.7794894366197183 1.0446009389671362 0.01936619718309859 0.18309859154929578
0 0.8543133802816901 1.0428403755868545 0.027288732394366196 0.1960093896713615
0 0.9253961267605634 1.04518779342723 0.032130281690140844 0.19131455399061034
0 0.8939260563380281 1.0328638497652582 0.025528169014084508 0.176056338028169
0 1.032350352112676 1.0205399061032865 0.03653169014084507 0.18661971830985916
0 0.9962588028169014 1.0267018779342723 0.02596830985915493 0.18838028169014084
0 0.9650088028169014 1.0302230046948357 0.028609154929577465 0.18485915492957747
0 1.1199383802816902 0.9427816901408451 0.0013204225352112676 0.027582159624413145
0 1.0796654929577465 1.0214201877934272 0.043133802816901406 0.16725352112676056
0 1.0897887323943662 0.6546361502347418 0.10211267605633803 0.3315727699530516
0 0.3173415492957746 1.0654342723004695 0.06073943661971831 0.14847417840375587
0 0.2517605633802817 1.0765845070422535 0.05985915492957746 0.11913145539906103
