0 0.21544894366197184 0.18280516431924881 0.10871478873239436 0.29518779342723006
0 0.35409330985915494 0.18603286384976525 0.1113556338028169 0.31220657276995306
0 0.46875 0.1869131455399061 0.10211267605633803 0.31396713615023475
0 0.6142165492957746 0.18838028169014084 0.09551056338028169 0.29694835680751175
0 0.7392165492957746 0.2153755868544601 0.12544014084507044 0.3051643192488263
0 0.8668573943661971 0.2238849765258216 0.11663732394366197 0.3022300469483568
0 0.984375 0.21185446009389672 0.1113556338028169 0.3192488262910798
0 0.7599031690140845 0.6924882629107981 0.14656690140845072 0.2347417840375587
0 0.5838468309859155 0.6951291079812206 0.16153169014084506 0.23650234741784038
0 0.6150968309859155 0.5261150234741784 0.21610915492957747 0.09448356807511737
0 0.9308978873239436 0.6399647887323944 0.07658450704225352 0.3362676056338028
0 0.8609154929577465 0.6382042253521126 0.06866197183098592 0.3362676056338028
0 1.0015404929577465 0.6384976525821596 0.06734154929577464 0.3227699530516432
0 1.0673415492957747 0.6349765258215962 0.05721830985915493 0.3192488262910798
0 1.119718309859155 0.6335093896713615 0.04225352112676056 0.3163145539906103
0 0.9390404929577465 1.0953638497652582 0.1624119718309859 0.09096244131455399
0 0.7706866197183099 1.0936032863849765 0.15757042253521128 0.09448356807511737
0 1.0847271126760563 1.0877347417840375 0.11223591549295775 0.09683098591549295
0 1.0473151408450705 0.9463028169014085 0.1386443661971831 0.1449530516431925
0 0.7158890845070423 0.9369131455399061 0.15184859154929578 0.10152582159624413
0 0.4216549295774648 1.09712441314554 0.16901408450704225 0.08744131455399061
0 0.24735915492957747 0.9955985915492958 0.14612676056338028 0.11561032863849766
0 0.4394806338028169 0.9618544600938967 0.18089788732394366 0.10328638497652583
0 0.5930897887323944 1.0730633802816902 0.14392605633802816 0.13556338028169015
0 0.2480193661971831 1.102406103286385 0.16857394366197184 0.07687793427230047
0 0.875 0.9621478873239436 0.15933098591549297 0.1449530516431925
0 0.3554137323943662 0.7937206572769953 0.09551056338028169 0.06396713615023474
0 0.4467429577464789 0.7822769953051644 0.07658450704225352 0.05868544600938967
0 0.23943661971830985 0.7262323943661971 0.1487676056338028 0.198943661971831
0 1.0994718309859155 0.23386150234741784 0.08274647887323944 0.2975352112676056
0 0.07900528169014084 0.4630281690140845 0.15625 0.5105633802816901
0 0.07768485915492958 0.9040492957746479 0.14920774647887325 0.11561032863849766
0 0.07768485915492958 1.0237676056338028 0.1544894366197183 0.13908450704225353
