0 0.1274207746478873 0.2640845070422535 0.1113556338028169 0.17370892018779344
0 0.19432218309859156 0.7265258215962441 0.12808098591549297 0.19483568075117372
0 0.6683538732394366 0.3060446009389671 0.1192781690140845 0.23884976525821597
0 0.4826144366197183 0.7015845070422535 0.1131161971830986 0.20363849765258216
0 0.5127640845070423 0.29577464788732394 0.11179577464788733 0.1983568075117371
0 0.6258802816901409 0.6910211267605634 0.12940140845070422 0.1965962441314554
0 0.34242957746478875 0.7338615023474179 0.13732394366197184 0.20715962441314553
0 0.782350352112676 0.3330399061032864 0.07526408450704225 0.21654929577464788
0 0.7585827464788732 0.6880868544600939 0.10255281690140845 0.18955399061032863
0 0.38600352112676056 0.2517605633802817 0.10211267605633803 0.15375586854460094
0 0.2506602112676056 0.21801643192488263 0.12544014084507044 0.07805164319248827
0 0.25044014084507044 0.3163145539906103 0.1267605633802817 0.09976525821596244
0 0.2790492957746479 0.9850352112676056 0.22799295774647887 0.09213615023474178
0 0.5325704225352113 0.9691901408450704 0.22535211267605634 0.09213615023474178
0 0.4238556338028169 0.24530516431924881 0.0 0.0
0 0.058098591549295774 0.6892605633802817 0.11003521126760564 0.24471830985915494
0 0.03102992957746479 0.2535211267605634 0.055897887323943664 0.1983568075117371
0 0.06360035211267606 0.9809272300469484 0.12544014084507044 0.11091549295774648
0 1.1120158450704225 0.39906103286384975 0.055897887323943664 0.22065727699530516
0 1.0433538732394365 0.7529342723004695 0.08142605633802817 0.13497652582159625
0 0.9443221830985915 0.17400234741784038 0.18882042253521128 0.3397887323943662
0 0.9172535211267606 0.4140258215962441 0.17869718309859156 0.11208920187793427
0 0.9308978873239436 0.5363849765258216 0.19014084507042253 0.1056338028169014
0 0.9209947183098591 0.6493544600938967 0.18617957746478872 0.0897887323943662
0 0.9086707746478874 0.7564553990610329 0.17473591549295775 0.09624413145539906
0 0.9049295774647887 0.8670774647887324 0.18485915492957747 0.09330985915492958
0 0.8932658450704225 0.9586267605633803 0.17473591549295775 0.08274647887323944
0 0.8846830985915493 1.0586854460093897 0.176056338028169 0.1068075117370892
