0 0.26672535211267606 0.4859154929577465 0.3524354201795279 0.6053486411426304
0 0.33670774647887325 0.14964788732394366 0.45451729412566955 0.35319856344640616
0 0.8151408450704225 0.38086854460093894 0.9626693922336839 0.46632578137053937
0 0.2112676056338028 0.1437793427230047 0.3269316603848443 0.3402912093059138
0 0.07306338028169014 0.1431924882629108 0.20947488407558026 0.34146526262425886
0 0.8147007042253521 0.29988262910798125 0.9617893042675065 0.3883216651237629
0 0.3538732394366197 0.5991784037558685 0.4457069219896846 0.7068079938945095
0 0.7015845070422535 0.38028169014084506 0.8055890913261258 0.4487204919658798
0 0.16681338028169015 0.4847417840375587 0.2666519307305098 0.6012413487182878
0 0.45598591549295775 0.15551643192488263 0.5746232456357866 0.35202141054464503
0 0.7037852112676056 0.20011737089201878 0.8108698128471533 0.28744124567435914
0 0.704225352112676 0.2881455399061033 0.8055879289823448 0.37248348266437437
0 0.7315140845070423 0.6408450704225352 0.9024069040121008 0.7390605369305032
0 0.2640845070422535 0.6068075117370892 0.3511161599880976 0.7097377890189336
0 0.616637323943662 0.5217136150234741 0.7268412687834755 0.6364309192400097
0 0.16593309859154928 0.6026995305164319 0.27193400831928194 0.6991768195243447
0 0.3516725352112676 0.49178403755868544 0.44482760891936124 0.6012372159403998
0 0.44278169014084506 0.596830985915493 0.5328156770730014 0.7079830804073266
0 0.4454225352112676 0.4876760563380282 0.5350152189545725 0.5924368098260927
0 0.6227992957746479 0.3028169014084507 0.689866725662071 0.3795171262315678
0 0.6126760563380281 0.2136150234741784 0.6911916038484428 0.3050389583195574
0 0.6232394366197183 0.38204225352112675 0.6876658277127554 0.4457851864709383
0 0.8169014084507042 0.21889671361502347 0.9626686173378298 0.30327529535585973
0 0.8160211267605634 0.10622065727699531 0.9683908357716723 0.22294235876920365
0 0.9115316901408451 0.6338028169014085 0.999 0.7331961251074522
0 0.9168133802816901 0.5217136150234741 0.999 0.6288018112587891
0 0.702024647887324 0.10035211267605634 0.8121910102782186 0.1994716243470211
0 0.40184859154929575 0.8245305164319249 0.5262315807255505 0.999
0 0.2887323943661972 0.8257042253521126 0.4008412269390994 0.9912994693513192
0 0.7455985915492958 0.8386150234741784 0.8957985921692125 0.961949169587163
0 0.738556338028169 0.7318075117370892 0.892280564992065 0.839946122352267
0 0.19674295774647887 0.7916666666666666 0.28952608144465386 0.9866246087636932
0 0.1131161971830986 0.7981220657276995 0.18612979040616942 0.9936630739050893
0 0.6183978873239436 0.6426056338028169 0.7250799305073399 0.7478623206374397
0 0.019806338028169015 0.8157276995305164 0.11354762044981155 0.9132536809275056
0 0.6161971830985915 0.7464788732394366 0.7242006174370165 0.8534351649804932
0 0.021566901408450703 0.9143192488262911 0.11486726808916882 0.999
0 0.9014084507042254 0.7429577464788732 0.999 0.8428738510877472
0 0.9080105633802817 0.8438967136150235 0.999 0.9543169620225264
0 0.616637323943662 0.852112676056338 0.7250807054031938 0.9601806850492627
0 0.0035211267605633804 0.23884976525821597 0.07306183048998215 0.33554058112367474
0 0.06514084507042253 0.5322769953051644 0.16414386406466971 0.6522697904957129
0 0.7398767605633803 0.5234741784037559 0.8737940683272168 0.5965237827591527
0 0.018926056338028168 0.45481220657276994 0.046646599447034316 0.5455077393153915
0 0.00044014084507042255 0.45305164319248825 0.01892586261406467 0.5507904626507086
