0 0.7075264084507042 0.17488262910798122 0.18089788732394366 0.34507042253521125
0 0.570862676056338 0.5865610328638498 0.1619718309859155 0.25410798122065725
0 0.733274647887324 0.590962441314554 0.09859154929577464 0.24178403755868544
0 0.8422095070422535 0.5915492957746479 0.1034330985915493 0.2605633802816901
0 0.9445422535211268 0.590669014084507 0.09066901408450705 0.2517605633802817
0 1.0413732394366197 0.5874413145539906 0.09859154929577464 0.23826291079812206
0 0.44454225352112675 0.551056338028169 0.09066901408450705 0.176056338028169
0 0.3554137323943662 0.20011737089201878 0.20466549295774647 0.3814553990610329
0 0.5321302816901409 0.19982394366197184 0.15404929577464788 0.3914319248826291
0 0.15272887323943662 0.24031690140845072 0.1382042253521127 0.2517605633802817
0 0.778169014084507 0.960387323943662 0.15140845070422534 0.3174882629107981
0 0.6278609154929577 0.943075117370892 0.13336267605633803 0.2934272300469484
0 0.4892165492957746 0.9556924882629108 0.13600352112676056 0.29870892018779344
0 0.3558538732394366 0.9066901408450704 0.12808098591549297 0.2007042253521127
0 0.9293573943661971 0.9386737089201878 0.1307218309859155 0.2775821596244131
0 1.0519366197183098 0.9160798122065728 0.09330985915492958 0.24647887323943662
0 0.12433978873239436 0.9254694835680751 0.14128521126760563 0.1795774647887324
0 0.20972711267605634 0.6047535211267606 0.1386443661971831 0.2517605633802817
0 0.09308978873239436 0.5941901408450704 0.09198943661971831 0.2869718309859155
0 0.04203345070422535 0.2051056338028169 0.07790492957746478 0.2153755868544601
0 0.8816021126760564 0.2074530516431925 0.16461267605633803 0.3761737089201878
0 1.045774647887324 0.2136150234741784 0.19014084507042253 0.37089201877934275
