0 0.32108274647887325 0.10211267605633803 0.20818661971830985 0.17253521126760563
0 0.5448943661971831 0.10299295774647887 0.20598591549295775 0.1813380281690141
0 0.7555017605633803 0.10152582159624413 0.19674295774647887 0.19131455399061034
0 0.31514084507042256 0.2972417840375587 0.2147887323943662 0.19307511737089203
0 0.30941901408450706 0.4932511737089202 0.20862676056338028 0.1813380281690141
0 0.538512323943662 0.29225352112676056 0.21346830985915494 0.1936619718309859
0 0.762544014084507 0.2981220657276995 0.20290492957746478 0.20187793427230047
0 0.9735915492957746 0.09477699530516431 0.20862676056338028 0.1813380281690141
0 0.3204225352112676 0.6822183098591549 0.21214788732394366 0.16960093896713616
0 0.31536091549295775 0.8609154929577465 0.20202464788732394 0.1807511737089202
0 0.31712147887323944 1.0548708920187793 0.2108274647887324 0.17194835680751175
0 0.5325704225352113 1.051643192488263 0.2147887323943662 0.16901408450704225
0 0.5411531690140845 0.8685446009389671 0.20818661971830985 0.18309859154929578
0 0.9709507042253521 0.6329225352112676 0.19806338028169015 0.17077464788732394
0 0.9806338028169014 0.8368544600938967 0.2068661971830986 0.19483568075117372
0 0.7638644366197183 0.8623826291079812 0.22139084507042253 0.17781690140845072
0 0.762544014084507 1.050469483568075 0.22403169014084506 0.1807511737089202
0 0.996919014084507 1.0422535211267605 0.1875 0.18779342723004694
0 0.6007922535211268 0.625293427230047 0.1875 0.27992957746478875
0 0.07570422535211267 0.801349765258216 0.13732394366197184 0.272887323943662
0 0.07944542253521127 0.5234741784037559 0.15536971830985916 0.27230046948356806
0 0.06360035211267606 0.23943661971830985 0.12544014084507044 0.28169014084507044
0 0.9683098591549296 0.4533450704225352 0.1954225352112676 0.1742957746478873
0 0.9742517605633803 0.27816901408450706 0.1993838028169014 0.176056338028169
0 0.11575704225352113 1.0818661971830985 0.1681338028169014 0.11561032863849766
0 0.7588028169014085 0.47007042253521125 0.19806338028169015 0.11737089201877934
0 0.7836707746478874 0.6675469483568075 0.15536971830985916 0.11208920187793427
