0 0.35079225352112675 0.41431924882629106 0.5016061653813727 0.6212357281403601
0 0.19586267605633803 0.41901408450704225 0.3449842153714541 0.623580390795477
0 0.037411971830985914 0.4119718309859155 0.1844025475476096 0.6141948522118627
0 0.6685739436619719 0.4284037558685446 0.8232092544262051 0.6282697161057109
0 0.514524647887324 0.43133802816901406 0.660865085982444 0.6317891208754877
0 0.23547535211267606 0.23767605633802816 0.3568505830316406 0.4030295328307875
0 0.6382042253521126 0.0005868544600938967 0.7954937481402499 0.16901374010888492
0 0.6439260563380281 0.2681924882629108 0.7818468635315414 0.415922422248672
0 0.46258802816901406 0.0005868544600938967 0.6327189313256298 0.16490575888822764
0 0.2319542253521127 0.7359154929577465 0.3093169215557429 0.9138873735369967
0 0.8846830985915493 0.07629107981220658 0.9736423049742113 0.17366414842734024
0 0.2596830985915493 0.0005868544600938967 0.4435476746925214 0.1537555241464436
0 0.8076584507042254 0.0005868544600938967 0.8970916996255703 0.06279308283188961
0 0.9264964788732394 0.4395539906103286 0.9982717885216228 0.6323711537613789
0 0.8014964788732394 0.06924882629107981 0.8803690596483832 0.17014715444466486
0 0.5765845070422535 0.755868544600939 0.6903272075233089 0.9490869316052812
0 0.38380281690140844 0.784037558685446 0.4773838896052371 0.9760657056580484
0 0.02112676056338028 0.7605633802816901 0.11266675758778019 0.9531921576406798
0 0.3164612676056338 0.7811032863849765 0.3889452195124975 0.9261847985408539
0 0.14172535211267606 0.7834507042253521 0.22617001524995042 0.9285308387886002
0 0.9304577464788732 0.7417840375586855 0.999 0.9567243051422777
0 0.8965669014084507 0.0005868544600938967 0.9833201730187463 0.05927195607132624
0 0.12191901408450705 0.6971830985915493 0.21209422578605436 0.7906706671956623
0 0.30809859154929575 0.7001173708920188 0.3986319988593533 0.7736501658621525
0 0.16329225352112675 0.0029342723004694834 0.26005136784616145 0.10680578974630253
0 0.9348591549295775 0.2652582159624413 0.999 0.3695626418920408
0 0.018045774647887324 0.232981220657277 0.09198149393721484 0.3637130391897551
