0 0.1289612676056338 0.8650234741784038 0.2517038022589764 0.999
0 0.3076584507042254 0.8615023474178404 0.4835793756819084 0.999
0 0.8653169014084507 0.8392018779342723 0.9036684344624083 0.999
0 0.9612676056338029 0.8515258215962441 0.9982564843285061 0.999
0 0.999 0.8339201877934272 0.999 0.999
0 0.6412852112676056 0.8186619718309859 0.7497177441851816 0.9543317711432916
0 0.1483274647887324 0.20950704225352113 0.3630509122073993 0.45762352873107187
0 0.4238556338028169 0.20598591549295775 0.6322958381893474 0.4664284120214243
0 0.6399647887323944 0.16784037558685447 0.8623943816951002 0.4799484504838106
0 0.3230633802816901 0.5669014084507042 0.5183437221037492 0.7543621470607683
0 0.09242957746478873 0.5669014084507042 0.28781143064372144 0.7490804569199232
0 0.5704225352112676 0.5598591549295775 0.75503062388415 0.7373475004959333
0 0.9872359154929577 0.5387323943661971 0.999 0.7115383025854658
0 0.8591549295774648 0.5598591549295775 0.9688119916683198 0.6557747305428817
0 0.945862676056338 0.2734741784037559 0.999 0.43000382970750956
0 0.0030809859154929575 0.545774647887324 0.0875866721012696 0.6334825266150895
0 0.0030809859154929575 0.4507042253521127 0.10035075660831184 0.5372941876611783
0 0.0030809859154929575 0.3597417840375587 0.08230498196042452 0.44579827360091695
