0 0.27596830985915494 0.4970657276995305 0.3625545914129141 0.6335111116621482
0 0.1835387323943662 0.4923708920187793 0.2675248509100377 0.6364481391478763
0 0.0801056338028169 0.49413145539906106 0.1694189675907558 0.6317522702726531
0 0.4665492957746479 0.5029342723004695 0.5534918356972822 0.6352682310608565
0 0.37632042253521125 0.5 0.46110197164501093 0.6352699530516432
0 0.6456866197183099 0.5123239436619719 0.7307897506075183 0.6440655375917476
0 0.0977112676056338 0.11208920187793427 0.1821753031392581 0.24934736549185565
0 0.19630281690140844 0.11561032863849766 0.27940303573199765 0.25697440708413233
0 0.08582746478873239 0.3515258215962441 0.16677560410880776 0.4868829073816923
0 0.30545774647887325 0.18779342723004694 0.42108034430172586 0.25986631841124996
0 0.7398767605633803 0.5099765258215962 0.8236180119891886 0.6411326428839075
0 0.6703345070422535 0.14847417840375587 0.7642296062909145 0.2798424447309837
0 0.2746478873239437 0.34624413145539906 0.36167489089466376 0.4851254435848267
0 0.33098591549295775 0.7188967136150235 0.41358671394564567 0.8540382061539817
0 0.5563380281690141 0.5088028169014085 0.6428009075580242 0.6411333316802222
0 0.38028169014084506 0.352112676056338 0.4668220591152549 0.49333796204456787
0 0.30369718309859156 0.09917840375586855 0.42328182342293197 0.18127982488042496
0 0.17913732394366197 0.340962441314554 0.2666465064595318 0.48395483424805485
0 0.4282570422535211 0.11032863849765258 0.5477868586961913 0.18596811699618682
0 0.6734154929577465 0.00528169014084507 0.7690697995189447 0.15023164220062157
0 0.0013204225352112676 0.10269953051643192 0.09066843291261655 0.249352875862373
0 0.7658450704225352 0.009389671361502348 0.8605784132612577 0.1396658511318301
0 0.43221830985915494 0.7230046948356808 0.5077322982791114 0.8516883775265048
0 0.5492957746478874 0.19483568075117372 0.6753744296766515 0.2692518569948643
0 0.8701584507042254 0.00528169014084507 0.9679268668790914 0.1461236609799643
0 0.4326584507042254 0.18896713615023475 0.5499856256819083 0.261626192995217
0 0.8257042253521126 0.5123239436619719 0.9146893907458837 0.6458261009720293
0 0.5536971830985915 0.11326291079812206 0.6634886896201151 0.19359550298662082
0 0.8648767605633803 0.15082159624413147 0.9564855295948226 0.28336219389891776
0 0.3001760563380282 0.01995305164319249 0.4144805563132315 0.10268782097908263
0 0.426056338028169 0.031103286384976527 0.5447068414005157 0.10385498633428111
0 0.00528169014084507 0.3515258215962441 0.07966316827018449 0.48218807170094113
0 0.5554577464788732 0.034624413145539906 0.6696498865552469 0.11969799036787233
0 0.002640845070422535 0.48826291079812206 0.0743826404731204 0.6335162776345081
0 0.7618838028169014 0.13849765258215962 0.8592597342417179 0.2751534638189072
0 0.23767605633802816 0.8620892018779343 0.32427919187661175 0.988343844365095
0 0.3358274647887324 0.857981220657277 0.4113838787566951 0.9918673819127599
0 0.42473591549295775 0.8597417840375586 0.5050947465160682 0.9871715130375366
0 0.5136443661971831 0.8526995305164319 0.5988056142754413 0.9930441904163636
0 0.24119718309859156 0.7183098591549296 0.3233973603947629 0.8528648416319513
0 0.0044014084507042256 0.823943661971831 0.08494524585895655 0.9760422865833499
0 0.519806338028169 0.7235915492957746 0.5974824796047411 0.8528617420485353
0 0.9040492957746479 0.7341549295774648 0.999 0.9837240874826423
0 0.0048415492957746475 0.002347417840375587 0.09858941833217616 0.09624275386276973
0 0.09639084507042253 0.0005868544600938967 0.18349630684635987 0.10211233165818069
0 0.1936619718309859 0.0005868544600938967 0.2886471558222575 0.100351768277899
0 0.9581866197183099 0.1643192488262911 0.9982578403962508 0.2880491084220503
0 0.47183098591549294 0.35563380281690143 0.558331060305495 0.4933358956556239
