0 0.1500880281690141 0.892018779342723 0.27106070069182703 0.999
0 0.07790492957746478 0.2975352112676056 0.2570079643795874 0.435271399523904
0 0.4392605633802817 0.23650234741784038 0.6190848324985122 0.46288937655667967
0 0.7658450704225352 0.3315727699530516 0.9402439062190042 0.48161292677819656
0 0.2557218309859155 0.2852112676056338 0.4369473055321365 0.43879975864577137
0 0.6157570422535211 0.3163145539906103 0.7602923604567546 0.46108197502700077
0 0.7394366197183099 0.664906103286385 0.8795160930370958 0.8094689518173203
0 0.28169014084507044 0.15434272300469484 0.44705911525490977 0.2645807847869691
0 0.5959507042253521 0.15258215962441316 0.7369736132463797 0.30390106680773216
0 0.09375 0.1613849765258216 0.2525995818661972 0.26809777876964447
0 0.8974471830985915 0.21009389671361503 0.999 0.330275766492539
0 0.8816021126760564 0.6461267605633803 0.9925697173799842 0.7942217565959134
0 0.9352992957746479 0.3456572769953052 0.999 0.48688635136326563
0 0.43309859154929575 0.4231220657276995 0.4329079671692124 0.4228737546562631
0 0.7359154929577465 0.19014084507042253 0.8795176428288038 0.31268184222707135
0 0.44850352112676056 0.6267605633802817 0.5843096375347153 0.7942331217351055
0 0.5985915492957746 0.7083333333333334 0.7356520283673874 0.8270491001564946
0 0.999 0.6889671361502347 0.999 0.8024125779717428
0 0.999 0.5545774647887324 0.999 0.6857074075910864
0 0.2244718309859155 0.5322769953051644 0.34233077824340413 0.6681148609182481
0 0.34903169014084506 0.5093896713615024 0.4536315881645506 0.668128292446384
0 0.28433098591549294 0.9395539906103286 0.44089598108014283 0.999
0 0.29577464788732394 0.999 0.2956444653838524 0.999
0 0.44454225352112675 0.880868544600939 0.5790296909095417 0.999
0 0.5884683098591549 0.8896713615023474 0.7448994417650268 0.999
0 0.7658450704225352 0.95481220657277 0.9182368639654831 0.999
0 0.9066901408450704 0.8843896713615024 0.999 0.999
0 0.999 0.8615023474178404 0.999 0.999
0 0.999 0.2007042253521127 0.999 0.3426052205250281
0 0.0044014084507042256 0.6854460093896714 0.08494524585895655 0.8734240340320484
0 0.0008802816901408451 0.8826291079812206 0.0977108801577068 0.9648576120258325
0 0.0017605633802816902 0.9671361502347418 0.09639007017456853 0.999
0 0.0008802816901408451 0.5856807511737089 0.09903130269291807 0.6804074643479028
0 0.0044014084507042256 0.357981220657277 0.06557904867585795 0.48511855562168
0 0.0008802816901408451 0.49589201877934275 0.07702426043939695 0.5871502981110449
0 0.47975352112676056 0.5217136150234741 0.6190670098938703 0.6094356140756905
0 0.6258802816901409 0.5234741784037559 0.7536857921295378 0.6129557076417818
