0 0.5917693661971831 0.36384976525821594 0.21346830985915494 0.19131455399061034
0 0.5871478873239436 0.19131455399061034 0.22799295774647887 0.1467136150234742
0 0.3283450704225352 0.5140845070422535 0.26672535211267606 0.215962441314554
0 0.3274647887323944 0.7209507042253521 0.2367957746478873 0.11561032863849766
0 0.34110915492957744 0.874706572769953 0.22007042253521128 0.1602112676056338
0 0.3248239436619718 1.0319835680751173 0.23943661971830985 0.11561032863849766
0 0.5574383802816901 1.0378521126760563 0.20202464788732394 0.12030516431924883
0 0.5618397887323944 0.8711854460093896 0.20290492957746478 0.16725352112676056
0 0.5587588028169014 0.7115610328638498 0.19410211267605634 0.15199530516431925
0 0.5801056338028169 0.5613262910798122 0.20598591549295775 0.14847417840375587
0 0.7759683098591549 0.5733568075117371 0.176056338028169 0.16549295774647887
0 0.7618838028169014 0.7676056338028169 0.20158450704225353 0.15375586854460094
0 0.797975352112676 0.3890845070422535 0.17869718309859156 0.17253521126760563
0 0.7975352112676056 0.22916666666666666 0.19014084507042253 0.12969483568075119
0 0.1210387323943662 0.19307511737089203 0.238556338028169 0.1572769953051643
0 0.09837147887323944 0.3664906103286385 0.1932218309859155 0.15551643192488263
0 0.10145246478873239 0.5460680751173709 0.1993838028169014 0.15199530516431925
0 0.10101232394366197 0.7133215962441315 0.20026408450704225 0.13438967136150234
0 0.11861795774647887 1.028462441314554 0.1993838028169014 0.12969483568075119
0 0.05369718309859155 0.8632629107981221 0.09859154929577464 0.12089201877934272
0 0.8122799295774648 0.08568075117370892 0.19410211267605634 0.15023474178403756
0 0.9865757042253521 0.26261737089201875 0.16681338028169015 0.15199530516431925
0 0.9753521126760564 0.4380868544600939 0.17077464788732394 0.15669014084507044
0 0.9526848591549296 0.6314553990610329 0.17473591549295775 0.15375586854460094
0 0.9522447183098591 0.7901995305164319 0.16593309859154928 0.13321596244131456
0 0.9452024647887324 0.9351525821596244 0.17737676056338028 0.11561032863849766
0 0.9225352112676056 1.0754107981220657 0.17077464788732394 0.13086854460093897
0 0.7449383802816901 1.0748239436619718 0.16329225352112675 0.11561032863849766
0 0.7506602112676056 0.9266431924882629 0.17737676056338028 0.1467136150234742
0 0.3573943661971831 0.19571596244131456 0.23151408450704225 0.15551643192488263
0 0.3644366197183099 0.3359741784037559 0.24295774647887325 0.11208920187793427
0 1.080105633802817 1.0730633802816902 0.12147887323943662 0.12617370892018778
0 1.0924295774647887 0.9310446009389671 0.09683098591549295 0.13556338028169015
0 1.0006602112676057 0.0886150234741784 0.1694542253521127 0.16549295774647887
0 0.6058538732394366 0.04812206572769953 0.21875 0.09154929577464789
0 0.3727992957746479 0.05076291079812206 0.24735915492957747 0.08274647887323944
0 0.12279929577464789 0.049002347417840375 0.2420774647887324 0.0897887323943662
