0 0.06690140845070422 0.2664319248826291 0.1755867511406467 0.4646323756309374
0 0.18970070422535212 0.2992957746478873 0.242874251450605 0.47165534285525357
0 0.24647887323943662 0.3075117370892019 0.3009478526086094 0.4646082677599242
0 0.3023767605633803 0.29577464788732394 0.36430353135538585 0.4681362824836342
0 0.37588028169014087 0.2834507042253521 0.4355739963548899 0.4769463317463466
0 0.4471830985915493 0.2887323943661972 0.5103665567347748 0.47342210540236723
0 0.5118838028169014 0.2904929577464789 0.577679628607915 0.4734210722078953
0 0.5805457746478874 0.29401408450704225 0.6630367316132713 0.4798744048799842
0 0.6672535211267606 0.2904929577464789 0.7316605398234478 0.4833975980294915
0 0.7398767605633803 0.31279342723004694 0.798970124665245 0.48514507427979453
0 0.34639084507042256 0.5616197183098591 0.4082982434660781 0.7684497536864379
0 0.22579225352112675 0.5563380281690141 0.2903935773532037 0.7749082523308868
0 0.09507042253521127 0.5715962441314554 0.1689722401309264 0.7719650256783267
0 0.4251760563380282 0.5803990610328639 0.47692553870759774 0.7748941320064361
0 0.47975352112676056 0.5616197183098591 0.5455634887671097 0.7719708804470012
0 0.551056338028169 0.5669014084507042 0.5996694294286847 0.7819443066851814
0 0.6038732394366197 0.5492957746478874 0.6749102670601071 0.7749123851087748
0 0.6817781690140845 0.5669014084507042 0.7316541469326523 0.7749020531640547
0 0.7411971830985915 0.5803990610328639 0.7694801068736362 0.7719598597059666
0 0.7759683098591549 0.5669014084507042 0.813478887187562 0.7854654334457448
0 0.7464788732394366 0.8720657276995305 0.8262559512001586 0.999
0 0.5924295774647887 0.8480046948356808 0.6502674165592144 0.999
0 0.3970070422535211 0.8755868544600939 0.44568793704126164 0.999
0 0.34507042253521125 0.8738262910798122 0.3876122049196588 0.999
0 0.2777288732394366 0.8738262910798122 0.32822283060156715 0.999
0 0.8538732394366197 0.6302816901408451 0.9001523445248959 0.8077287079283211
0 0.909330985915493 0.6373239436619719 0.9441420198125372 0.8059640117701514
0 0.8692781690140845 0.3145539906103286 0.9247934515101169 0.5250501443717076
0 0.9273767605633803 0.32335680751173707 0.977584781355386 0.5250449783993476
0 0.9920774647887324 0.3403755868544601 0.999 0.5250349908527849
0 0.8125 0.31279342723004694 0.8587973151408451 0.5144877972844893
0 0.999 0.3562206572769953 0.999 0.5162228752011285
0 0.999 0.6443661971830986 0.999 0.8182838226542354
0 0.999 0.6390845070422535 0.999 0.8147657954770878
0 0.999 0.9190140845070423 0.999 0.999
0 0.9806338028169014 0.9219483568075117 0.999 0.999
0 0.9352992957746479 0.9166666666666666 0.9722996041831977 0.999
0 0.8613556338028169 0.9137323943661971 0.9269976427668122 0.999
0 0.8213028169014085 0.596244131455399 0.8469096378446737 0.7907299036787233
0 0.007042253521126761 0.5874413145539906 0.09242647788137275 0.999
0 0.21434859154929578 0.8738262910798122 0.26575072685231105 0.999
0 0.09903169014084508 0.8603286384976526 0.15488598957300137 0.999
