0 0.2867517605633803 0.11355633802816902 0.23547535211267606 0.2153755868544601
0 0.2887323943661972 0.36120892018779344 0.2367957746478873 0.2482394366197183
0 0.5257482394366197 0.3664906103286385 0.22403169014084506 0.272887323943662
0 0.5391725352112676 0.1255868544600939 0.22799295774647887 0.22300469483568075
0 0.7788292253521126 0.39231220657276994 0.23547535211267606 0.27992957746478875
0 1.032350352112676 0.15434272300469484 0.2169894366197183 0.2312206572769953
0 0.5035211267605634 0.6484741784037559 0.14612676056338028 0.215962441314554
0 0.3488116197183099 0.6502347417840375 0.14744718309859156 0.215962441314554
0 0.6648327464788732 0.647887323943662 0.15536971830985916 0.22065727699530516
0 0.813600352112676 0.6572769953051644 0.11663732394366197 0.21948356807511737
0 1.0787852112676057 0.9776995305164319 0.12411971830985916 0.23826291079812206
0 0.9223151408450704 0.9559859154929577 0.16857394366197184 0.19131455399061034
0 0.7024647887323944 1.0076291079812207 0.12940140845070422 0.1807511737089202
0 0.5481954225352113 1.0325704225352113 0.144806338028169 0.159037558685446
0 0.26848591549295775 1.0258215962441315 0.09330985915492958 0.1619718309859155
0 0.3710387323943662 1.0275821596244132 0.09066901408450705 0.16901408450704225
0 0.4711707746478873 0.9747652582159625 0.10255281690140845 0.06690140845070422
0 0.20972711267605634 0.6467136150234741 0.12015845070422536 0.20539906103286384
0 0.04863556338028169 0.2717136150234742 0.09551056338028169 0.176056338028169
0 0.08340669014084508 0.42752347417840375 0.144806338028169 0.10856807511737089
0 0.08274647887323944 0.5495892018779343 0.14612676056338028 0.08626760563380281
0 0.07108274647887323 0.977406103286385 0.08142605633802817 0.2482394366197183
0 0.9326584507042254 0.6916079812206573 0.09330985915492958 0.16725352112676056
0 1.0226672535211268 0.36883802816901406 0.18265845070422534 0.18838028169014084
0 0.9966989436619719 0.5475352112676056 0.17473591549295775 0.17253521126760563
