0 0.47183098591549294 0.9741784037558685 0.1426056338028169 0.2347417840375587
0 0.6137764084507042 0.9741784037558685 0.13336267605633803 0.23826291079812206
0 0.28036971830985913 0.988849765258216 0.22799295774647887 0.1983568075117371
0 0.0880281690140845 1.0143779342723005 0.10475352112676056 0.23650234741784038
0 0.07702464788732394 0.49589201877934275 0.1426056338028169 0.15845070422535212
0 0.7132482394366197 0.602112676056338 0.09198943661971831 0.38497652582159625
0 0.5908890845070423 0.5492957746478874 0.11663732394366197 0.25234741784037557
0 0.45620598591549294 0.5563380281690141 0.15536971830985916 0.27582159624413144
0 0.33340669014084506 0.6226525821596244 0.13952464788732394 0.31572769953051644
0 1.0006602112676057 0.7470657276995305 0.2522007042253521 0.13615023474178403
0 0.8195422535211268 0.5633802816901409 0.09683098591549295 0.289906103286385
0 0.7392165492957746 0.9395539906103286 0.09198943661971831 0.1619718309859155
0 0.07108274647887323 0.29460093896713613 0.13336267605633803 0.21244131455399062
0 0.18705985915492956 0.1443661971830986 0.13996478873239437 0.2676056338028169
0 0.3224031690140845 0.15404929577464788 0.13600352112676056 0.2834507042253521
0 0.4465228873239437 0.17576291079812206 0.09463028169014084 0.3022300469483568
0 0.5838468309859155 0.19630281690140844 0.14656690140845072 0.31279342723004694
0 0.7231514084507042 0.2056924882629108 0.12411971830985916 0.31396713615023475
0 0.8325264084507042 0.2074530516431925 0.08670774647887323 0.31396713615023475
0 0.9216549295774648 0.21713615023474178 0.07394366197183098 0.31220657276995306
0 1.005281690140845 0.45011737089201875 0.07746478873239436 0.11619718309859155
0 1.0933098591549295 0.44835680751173707 0.0880281690140845 0.10915492957746478
0 1.0356514084507042 0.602112676056338 0.20334507042253522 0.08098591549295775
0 0.2070862676056338 0.5933098591549296 0.11751760563380281 0.3673708920187793
0 1.051056338028169 0.1722417840375587 0.07130281690140845 0.198943661971831
0 1.0633802816901408 0.9553990610328639 0.15492957746478872 0.17018779342723006
