0 0.0044014084507042256 0.017605633802816902 0.11179383740825233 0.26466102955762744
0 0.14172535211267606 0.08333333333333333 0.22176860679924618 0.3614534428794992
0 0.22315140845070422 0.07629107981220658 0.2956764298378298 0.36791297471842005
0 0.2970950704225352 0.06807511737089202 0.37839036308520135 0.3714389230531861
0 0.3798415492957746 0.07805164319248827 0.46022014016316204 0.37319363166479314
0 0.4630281690140845 0.07805164319248827 0.5288454981650467 0.37847532180563825
0 0.5378521126760564 0.142018779342723 0.6243231284715334 0.37315609226564395
0 0.6399647887323944 0.09859154929577464 0.7448767760612973 0.3837449580109767
0 0.6659330985915493 0.4835680751173709 0.7642315435305496 0.6957256055897199
0 0.883362676056338 0.477112676056338 0.9256675340334258 0.6922082672088872
0 0.9379401408450704 0.48708920187793425 0.999 0.7180240086843439
0 0.8371478873239436 0.08157276995305164 0.918205480683396 0.3526516591725628
0 0.7059859154929577 0.014084507042253521 0.7056751822555049 0.01407624148647755
0 0.7477992957746479 0.07629107981220658 0.824934947493057 0.3767157916198285
0 0.28565140845070425 0.49413145539906106 0.3449446956829002 0.6769400636998831
0 0.34375 0.46830985915492956 0.397736025528169 0.6646312735568339
0 0.40580985915492956 0.49061032863849763 0.4896981470690339 0.6129749939385924
0 0.49383802816901406 0.49413145539906106 0.5882509515721087 0.671658373559038
0 0.5884683098591549 0.4507042253521127 0.6295825403565761 0.6699232956423989
0 0.10167253521126761 0.4442488262910798 0.18701510891936124 0.6182838915338666
0 0.008362676056338027 0.7822769953051644 0.10430969952638365 0.8440244853313936
0 0.17693661971830985 0.8257042253521126 0.2609256440934339 0.9232243519804271
0 0.2777288732394366 0.829225352112676 0.3343848024325531 0.8821424733849105
0 0.4665492957746479 0.7946009389671361 0.5416080328803808 0.8563411966320615
0 0.4097711267605634 0.999 0.4962985162294188 0.999
0 0.016285211267605633 0.999 0.17560902939644912 0.999
0 0.5017605633802817 0.999 0.6177369011604841 0.999
0 0.621919014084507 0.999 0.7448847187438008 0.999
0 0.7684859154929577 0.999 0.9609293635935331 0.999
0 0.0008802816901408451 0.4442488262910798 0.055017218185875814 0.655842576979876
0 0.22183098591549297 0.49765258215962443 0.282912926502678 0.666374617029249
0 0.8006161971830986 0.8028169014084507 0.8728870527301131 0.8903739337433049
0 0.7205105633802817 0.7963615023474179 0.7914962541534418 0.9408472056911106
0 0.610475352112676 0.8016431924882629 0.7149601781020631 0.9408441061076948
0 0.883362676056338 0.7910798122065728 0.9608788016390596 0.8974230752275782
0 0.9652288732394366 0.8374413145539906 0.999 0.9232174640172804
0 0.9612676056338029 0.1056338028169014 0.999 0.3784591350922436
0 0.999 0.1572769953051643 0.999 0.3367621613877317
0 0.5044014084507042 0.8720657276995305 0.6023308092392382 0.9408027783288149
0 0.3089788732394366 0.999 0.39687104803114465 0.999
