0 0.6227992957746479 0.5718896713615024 0.37940140845070425 0.18955399061032863
0 0.9632482394366197 0.5865610328638498 0.2654049295774648 0.15669014084507044
0 0.45840669014084506 0.1335093896713615 0.09463028169014084 0.2658450704225352
0 0.5521566901408451 0.13703051643192488 0.08582746478873239 0.26936619718309857
0 0.6465669014084507 0.13791079812206572 0.09330985915492958 0.2711267605633803
0 0.3397887323943662 0.13791079812206572 0.08274647887323944 0.2605633802816901
0 0.11487676056338028 0.11619718309859155 0.14964788732394366 0.2312206572769953
0 0.7755281690140845 0.11971830985915492 0.11267605633802817 0.22417840375586853
0 0.9579665492957746 0.1698943661971831 0.17473591549295775 0.3245305164319249
0 0.06536091549295775 0.48620892018779344 0.08054577464788733 0.2916666666666667
0 0.14568661971830985 0.4923708920187793 0.07482394366197183 0.3075117370892019
0 0.21875 0.48708920187793425 0.06338028169014084 0.29694835680751175
0 0.2797095070422535 0.48620892018779344 0.050616197183098594 0.2916666666666667
0 0.351012323943662 0.48532863849765256 0.08670774647887323 0.2828638497652582
0 0.0743838028169014 0.9463028169014085 0.14788732394366197 0.13438967136150234
0 0.22799295774647887 0.9524647887323944 0.15140845070422534 0.1396713615023474
0 0.3961267605633803 0.9680164319248826 0.1619718309859155 0.12969483568075119
0 0.402068661971831 0.8177816901408451 0.16329225352112675 0.12617370892018778
0 0.2480193661971831 0.8169014084507042 0.14216549295774647 0.10328638497652583
0 0.5625 0.960093896713615 0.15316901408450703 0.1619718309859155
0 0.7119278169014085 0.9609741784037559 0.13336267605633803 0.1637323943661972
0 0.8459507042253521 0.9636150234741784 0.13204225352112675 0.1619718309859155
0 0.8512323943661971 0.8092723004694836 0.14788732394366197 0.1607981220657277
0 0.9905369718309859 0.8169014084507042 0.1307218309859155 0.13497652582159625
0 0.9870158450704225 0.9694835680751174 0.15536971830985916 0.15023474178403756
0 0.6945422535211268 0.7987089201877934 0.13468309859154928 0.12910798122065728
0 0.5508362676056338 0.7893192488262911 0.13424295774647887 0.13497652582159625
0 0.1190580985915493 0.7960680751173709 0.10255281690140845 0.13791079812206572
0 1.099031690140845 0.1851525821596244 0.0818661971830986 0.3210093896713615
