0 0.13974471830985916 0.2112676056338028 0.2706866197183099 0.40375586854460094
0 0.4278169014084507 0.20862676056338028 0.29225352112676056 0.4055164319248826
0 0.7139084507042254 0.20950704225352113 0.25880281690140844 0.4107981220657277
0 0.9262764084507042 0.2767018779342723 0.16329225352112675 0.26936619718309857
0 1.073943661971831 0.28080985915492956 0.12411971830985916 0.2811032863849765
0 0.22403169014084506 0.6728286384976526 0.2112676056338028 0.29518779342723006
0 0.4234154929577465 0.7030516431924883 0.1875 0.25234741784037557
0 0.6835387323943662 0.6684272300469484 0.21390845070422534 0.29694835680751175
0 0.9082306338028169 0.6945422535211268 0.1993838028169014 0.25528169014084506
0 1.0413732394366197 0.7306338028169014 0.08274647887323944 0.1619718309859155
0 0.07834507042253522 1.0311032863849765 0.10651408450704225 0.18661971830985916
0 0.14502640845070422 1.0240610328638498 0.09463028169014084 0.18309859154929578
0 0.20972711267605634 1.0249413145539905 0.09198943661971831 0.17781690140845072
0 0.2720070422535211 1.0249413145539905 0.06338028169014084 0.17781690140845072
0 0.32680457746478875 1.0155516431924883 0.07790492957746478 0.1965962441314554
0 0.3857834507042254 1.0387323943661972 0.058538732394366196 0.1807511737089202
0 0.4368397887323944 1.0352112676056338 0.07526408450704225 0.18779342723004694
0 0.5022007042253521 1.028462441314554 0.06073943661971831 0.19190140845070422
0 0.5625 1.0302230046948357 0.05193661971830986 0.1813380281690141
0 0.6131161971830986 1.0311032863849765 0.04401408450704225 0.16901408450704225
0 0.637544014084507 0.903169014084507 0.20202464788732394 0.16549295774647887
0 0.6659330985915493 1.039612676056338 0.04665492957746479 0.13438967136150234
0 0.7152288732394366 1.0293427230046948 0.04929577464788732 0.17253521126760563
0 0.7709066901408451 1.0240610328638498 0.05149647887323944 0.17253521126760563
0 0.8186619718309859 1.0205399061032865 0.04401408450704225 0.19014084507042253
0 0.8723591549295775 1.0126173708920188 0.06338028169014084 0.17781690140845072
0 0.9352992957746479 1.0205399061032865 0.05721830985915493 0.19014084507042253
0 0.9903169014084507 1.0161384976525822 0.04753521126760563 0.18485915492957747
0 1.0387323943661972 1.0099765258215962 0.04665492957746479 0.17253521126760563
