0 0.5360915492957746 0.3268779342723005 0.06866197183098592 0.18661971830985916
0 0.7191901408450704 0.30164319248826293 0.07746478873239436 0.11267605633802817
0 0.8032570422535211 0.3301056338028169 0.07746478873239436 0.09683098591549295
0 0.3683978873239437 0.3060446009389671 0.08274647887323944 0.1273474178403756
0 0.29071302816901406 0.28257042253521125 0.06205985915492958 0.10504694835680752
0 0.4084507042253521 0.6270539906103286 0.18397887323943662 0.1965962441314554
0 0.22315140845070422 0.6261737089201878 0.17869718309859156 0.18779342723004694
0 1.058318661971831 0.8556338028169014 0.1580105633802817 0.13262910798122066
0 0.8565140845070423 0.8359741784037559 0.08274647887323944 0.07570422535211267
0 0.8019366197183099 0.6062206572769953 0.16549295774647887 0.12441314553990611
0 0.9942781690140845 0.39730046948356806 0.07394366197183098 0.12441314553990611
0 1.0587588028169015 0.37177230046948356 0.04533450704225352 0.09330985915492958
0 0.23107394366197184 0.289612676056338 0.05457746478873239 0.10504694835680752
0 0.1542693661971831 0.30927230046948356 0.08934859154929578 0.051643192488262914
0 0.44872359154929575 0.8714788732394366 0.028609154929577465 0.1396713615023474
0 0.47183098591549294 0.8791079812206573 0.01584507042253521 0.15845070422535212
0 0.4867957746478873 0.8858568075117371 0.01936619718309859 0.16255868544600938
0 0.504181338028169 0.8876173708920188 0.023327464788732395 0.16255868544600938
0 0.5209066901408451 0.8879107981220657 0.02068661971830986 0.176056338028169
0 0.5422535211267606 0.9022887323943662 0.01936619718309859 0.16725352112676056
0 0.5587588028169014 0.9040492957746479 0.02068661971830986 0.14964788732394366
0 0.5814260563380281 0.9066901408450704 0.022007042253521125 0.15140845070422534
0 0.35475352112676056 0.8990610328638498 0.16725352112676056 0.08098591549295775
0 0.03675176056338028 0.7910798122065728 0.06734154929577464 0.13849765258215962
0 0.6426056338028169 0.06954225352112677 0.09330985915492958 0.11443661971830986
0 0.5558978873239436 0.04019953051643192 0.0880281690140845 0.07922535211267606
0 0.4764524647887324 0.07306338028169014 0.0761443661971831 0.13791079812206572
0 0.3954665492957746 0.053110328638497656 0.08054577464788733 0.09096244131455399
0 0.3224031690140845 0.07570422535211267 0.07086267605633803 0.1396713615023474
0 0.757262323943662 0.07834507042253522 0.04533450704225352 0.1414319248826291
0 0.8778609154929577 0.09800469483568075 0.050616197183098594 0.16784037558685447
0 0.9366197183098591 0.07482394366197183 0.05193661971830986 0.14847417840375587
0 1.087588028169014 0.12206572769953052 0.06338028169014084 0.20892018779342722
0 1.0140845070422535 0.1141431924882629 0.04401408450704225 0.20715962441314553
0 0.17143485915492956 0.06631455399061033 0.06734154929577464 0.12089201877934272
0 0.045994718309859156 0.14553990610328638 0.08582746478873239 0.10328638497652583
0 0.04929577464788732 0.2585093896713615 0.09683098591549295 0.09096244131455399
0 0.06536091549295775 0.3993544600938967 0.12191901408450705 0.14847417840375587
0 1.0112235915492958 0.6229460093896714 0.08934859154929578 0.1813380281690141
0 0.7268926056338029 0.8867370892018779 0.1738556338028169 0.1643192488262911
