0 0.3501320422535211 0.937793427230047 0.20994718309859156 0.25234741784037557
0 0.5514964788732394 0.9454225352112676 0.18485915492957747 0.25
0 0.7139084507042254 0.9240023474178404 0.12940140845070422 0.18955399061032863
0 0.3287852112676056 0.6857394366197183 0.16725352112676056 0.16607981220657278
0 0.6751760563380281 0.6693075117370892 0.17077464788732394 0.2505868544600939
0 0.8543133802816901 0.710093896713615 0.15669014084507044 0.18309859154929578
0 0.08472711267605634 0.6012323943661971 0.11663732394366197 0.15551643192488263
0 1.044674295774648 0.9401408450704225 0.18265845070422534 0.19483568075117372
0 0.8659771126760564 0.8946596244131455 0.12544014084507044 0.1073943661971831
0 0.22007042253521128 0.2602699530516432 0.15933098591549297 0.1402582159624413
0 0.3851232394366197 0.2705399061032864 0.1505281690140845 0.1467136150234742
0 0.5411531690140845 0.2860915492957746 0.15184859154929578 0.1402582159624413
0 0.22733274647887325 0.4061032863849765 0.15536971830985916 0.13145539906103287
0 0.3800616197183099 0.41901408450704225 0.14216549295774647 0.1431924882629108
0 0.530149647887324 0.4269366197183099 0.15272887323943662 0.15199530516431925
0 0.7548415492957746 0.4536384976525822 0.28080985915492956 0.1643192488262911
0 0.9936179577464789 0.4166666666666667 0.1835387323943662 0.22769953051643194
0 0.4564260563380282 0.07541079812206573 0.176056338028169 0.12617370892018778
0 0.6316021126760564 0.0806924882629108 0.15669014084507044 0.15669014084507044
0 0.7889524647887324 0.09536384976525822 0.144806338028169 0.159037558685446
0 0.9438820422535211 0.11795774647887323 0.1386443661971831 0.1619718309859155
0 1.0787852112676057 0.13937793427230047 0.12411971830985916 0.14612676056338028
0 0.18067781690140844 0.06279342723004695 0.16329225352112675 0.11384976525821597
0 0.501100352112676 0.6631455399061033 0.17209507042253522 0.2312206572769953
0 1.0387323943661972 0.6904342723004695 0.20422535211267606 0.20246478873239437
0 0.05171654929577465 0.4363262910798122 0.10255281690140845 0.16725352112676056
0 0.04533450704225352 0.24559859154929578 0.08450704225352113 0.2142018779342723
