0 0.1756161971830986 0.778755868544601 0.3656797463920849 0.999
0 0.12235915492957747 0.49765258215962443 0.3516186799494148 0.649355837686526
0 0.07570422535211267 0.142018779342723 0.30366386257686967 0.38724059930789745
0 0.3516725352112676 0.09741784037558686 0.5830318342714739 0.26813531816879366
0 0.6311619718309859 0.13145539906103287 0.8562362843433843 0.3937021975357623
0 0.8692781690140845 0.12323943661971831 0.999 0.38549105666865036
0 0.53125 0.7411971830985915 0.7070725132042254 0.8610673725451299
0 0.38380281690140844 0.4818075117370892 0.5570493825629835 0.6235435401926426
0 0.8265845070422535 0.4994131455399061 0.9802699892134497 0.6628524570742137
0 0.6012323943661971 0.5011737089201878 0.7669008660236064 0.6628514238797417
0 0.999 0.7652582159624414 0.999 0.9942692146619939
0 0.8199823943661971 0.7634976525821596 0.9336179654954375 0.925021421565386
0 0.999 0.4923708920187793 0.999 0.5906734912605524
0 0.999 0.40082159624413144 0.999 0.4991779215984483
0 0.999 0.3028169014084507 0.999 0.4112072670766382
0 0.999 0.215962441314554 0.999 0.29506105490533185
