0 0.5231073943661971 0.25146713615023475 0.21346830985915494 0.1742957746478873
0 0.519806338028169 0.44923708920187794 0.2068661971830986 0.18955399061032863
0 0.5275088028169014 0.6382042253521126 0.2381161971830986 0.18838028169014084
0 0.5275088028169014 0.852406103286385 0.23283450704225353 0.22241784037558684
0 0.738556338028169 0.26789906103286387 0.22007042253521128 0.20363849765258216
0 0.7398767605633803 0.47593896713615025 0.21214788732394366 0.20892018779342722
0 0.7442781690140845 0.6798708920187794 0.2007042253521127 0.1742957746478873
0 0.7651848591549296 0.869424882629108 0.22139084507042253 0.19190140845070422
0 0.9559859154929577 0.2811032863849765 0.20950704225352113 0.1983568075117371
0 0.9535651408450704 0.48034037558685444 0.20202464788732394 0.2106807511737089
0 0.9555457746478874 0.6789906103286385 0.20334507042253522 0.176056338028169
0 0.9768926056338029 0.8609154929577465 0.1993838028169014 0.1772300469483568
0 0.9845950704225352 1.0531103286384977 0.20950704225352113 0.17546948356807512
0 0.766725352112676 1.0598591549295775 0.21654929577464788 0.1619718309859155
0 0.30303697183098594 0.3051643192488263 0.21346830985915494 0.1807511737089202
0 0.2911531690140845 0.4879694835680751 0.2266725352112676 0.18838028169014084
0 0.2834507042253521 0.6772300469483568 0.22887323943661972 0.176056338028169
0 0.2913732394366197 0.8573943661971831 0.24735915492957747 0.18779342723004694
0 0.2847711267605634 1.0428403755868545 0.2420774647887324 0.1795774647887324
0 0.5334507042253521 1.056924882629108 0.23943661971830985 0.1619718309859155
0 0.09110915492957747 0.2300469483568075 0.17869718309859156 0.16549295774647887
0 0.0977112676056338 0.4421948356807512 0.1892605633802817 0.20715962441314553
0 0.08692781690140845 0.6546361502347418 0.17209507042253522 0.1965962441314554
0 0.08296654929577464 0.8488849765258216 0.1641725352112676 0.18485915492957747
0 0.08296654929577464 1.039612676056338 0.1641725352112676 0.18955399061032863
