0 0.6459066901408451 0.9844483568075117 0.1386443661971831 0.1449530516431925
0 0.6232394366197183 0.7458920187793427 0.12940140845070422 0.176056338028169
0 0.4918573943661972 0.7479460093896714 0.1307218309859155 0.15551643192488263
0 0.28741197183098594 0.9706572769953051 0.12588028169014084 0.1795774647887324
0 0.39150528169014087 0.9636150234741784 0.10079225352112677 0.17253521126760563
0 0.47315140845070425 0.9436619718309859 0.05457746478873239 0.13262910798122066
0 0.5378521126760564 0.9395539906103286 0.05985915492957746 0.11384976525821597
0 0.2654049295774648 0.4914906103286385 0.12323943661971831 0.22241784037558684
0 0.3730193661971831 0.49589201877934275 0.0840669014084507 0.22417840375586853
0 0.06536091549295775 0.6954225352112676 0.12191901408450705 0.20892018779342722
0 0.37235915492957744 0.19454225352112675 0.13468309859154928 0.2505868544600939
0 0.5035211267605634 0.18867370892018778 0.12059859154929578 0.27992957746478875
0 0.6357834507042254 0.19278169014084506 0.1307218309859155 0.2811032863849765
0 0.7409771126760564 0.2074530516431925 0.06205985915492958 0.25880281690140844
0 0.8279049295774648 0.198943661971831 0.09066901408450705 0.22769953051643194
0 0.914612676056338 0.20950704225352113 0.07746478873239436 0.24178403755868544
0 0.9995598591549296 0.22036384976525822 0.07130281690140845 0.24002347417840375
0 0.24779929577464788 0.18955399061032863 0.09330985915492958 0.25704225352112675
0 0.09705105633802817 0.2482394366197183 0.18265845070422534 0.3438967136150235
0 0.1327024647887324 0.9369131455399061 0.10607394366197183 0.1402582159624413
0 0.3107394366197183 0.7435446009389671 0.19806338028169015 0.15375586854460094
0 0.461487676056338 0.482981220657277 0.06470070422535211 0.1983568075117371
0 0.5488556338028169 0.5011737089201878 0.09419014084507042 0.22417840375586853
0 0.6665933098591549 0.49589201877934275 0.13600352112676056 0.22065727699530516
0 0.8085387323943662 0.4994131455399061 0.13468309859154928 0.1936619718309859
0 0.9352992957746479 0.5038145539906104 0.09330985915492958 0.17781690140845072
0 1.0319102112676057 0.4897300469483568 0.08142605633802817 0.15669014084507044
0 1.1056338028169015 0.48738262910798125 0.06602112676056338 0.159037558685446
0 1.0902288732394365 0.2620305164319249 0.0994718309859155 0.19190140845070422
0 1.0600792253521127 0.7350352112676056 0.09198943661971831 0.18838028169014084
0 0.9289172535211268 0.9791666666666666 0.12191901408450705 0.15551643192488263
0 1.051056338028169 0.9738849765258216 0.11795774647887323 0.19307511737089203
0 0.8105193661971831 0.7124413145539906 0.17209507042253522 0.09154929577464789
