0 0.0017605633802816902 0.041666666666666664 0.1778161265125967 0.18659526604068857
0 0.0017605633802816902 0.2112676056338028 0.16505204200555446 0.3971764861469285
0 0.0044014084507042256 0.4131455399061033 0.1756142599434636 0.5455321915845621
0 0.045774647887323945 0.5698356807511737 0.1857192893275144 0.6956749790605921
0 0.3904049295774648 0.653169014084507 0.5583668992387423 0.7994993139588705
0 0.3670774647887324 0.49765258215962443 0.5530954764679628 0.6511164010668077
0 0.3683978873239437 0.3615023474178404 0.5376899657186074 0.4921587427538628
0 0.36971830985915494 0.19718309859154928 0.5337281169410831 0.35786550287641344
0 0.1637323943661972 0.21948356807511737 0.3617237093334656 0.3836740119905662
0 0.18045774647887325 0.3955399061032864 0.3590755027524301 0.4938993310410192
0 0.18441901408450703 0.5064553990610329 0.3656758719128149 0.6546323618550112
0 0.21830985915492956 0.6613849765258216 0.3969109551676255 0.8317714876898322
0 0.09639084507042253 0.999 0.25391884205762744 0.999
0 0.08098591549295775 0.937793427230047 0.2517249181709978 0.999
0 0.04841549295774648 0.7494131455399061 0.23897516923725454 0.9168137246798475
0 0.4044894366197183 0.8133802816901409 0.5442761930296568 0.999
0 0.6751760563380281 0.159037558685446 0.8588577570174569 0.721737654014856
0 0.9172535211267606 0.20774647887323944 0.999 0.3731175196720228
0 0.8912852112676056 0.3908450704225352 0.999 0.5197236824704093
0 0.8820422535211268 0.5357981220657277 0.999 0.6681127945293042
0 0.8860035211267606 0.7411971830985915 0.999 0.8769124429676651
0 0.8252640845070423 0.9929577464788732 0.9930346548923824 0.999
0 0.999 0.8773474178403756 0.999 0.9900954533932862
0 0.36311619718309857 0.0886150234741784 0.5297697551949019 0.19008884094866538
0 0.5611795774647887 0.9237089201877934 0.6683269456085102 0.999
0 0.5704225352112676 0.8133802816901409 0.695611609799643 0.9097339317595715
0 0.5338908450704225 0.09859154929577464 0.667018533959036 0.24876843218938044
0 0.8613556338028169 0.8943661971830986 0.999 0.981869503405409
0 0.9933978873239436 0.999 0.999 0.999
0 0.25308098591549294 0.9413145539906104 0.4043780453407062 0.999
0 0.2636443661971831 0.8356807511737089 0.40041212835994844 0.9267396239723159
0 0.417693661971831 0.999 0.5636365784938505 0.999
0 0.7513204225352113 0.880868544600939 0.8535425526309264 0.9771825888822765
0 0.7293133802816901 0.999 0.8148198444629042 0.999
0 0.5470950704225352 0.2734741784037559 0.6476465250570324 0.4077033602239415
0 0.999 0.16784037558685447 0.999 0.37314093874672133
0 0.999 0.4994131455399061 0.999 0.6458336777314907
0 0.999 0.7323943661971831 0.999 0.8563777028367388
