0 0.6007922535211268 0.14524647887323944 0.22095070422535212 0.11443661971830986
0 0.3301056338028169 0.2681924882629108 0.23415492957746478 0.12441314553990611
0 0.10651408450704225 0.23327464788732394 0.16109154929577466 0.10622065727699531
0 0.1269806338028169 0.4005281690140845 0.15977112676056338 0.10622065727699531
0 0.34242957746478875 0.698943661971831 0.22799295774647887 0.11502347417840375
0 0.8129401408450704 0.5759976525821596 0.21919014084507044 0.12969483568075119
0 0.8380281690140845 0.3057511737089202 0.2227112676056338 0.13145539906103287
0 0.34330985915492956 0.8480046948356808 0.21390845070422534 0.11032863849765258
0 0.8039172535211268 0.7209507042253521 0.21875 0.13673708920187794
0 0.33274647887323944 0.1402582159624413 0.25528169014084506 0.13497652582159625
0 0.8461707746478874 0.15786384976525822 0.23547535211267606 0.14788732394366197
0 0.1034330985915493 0.08215962441314555 0.14788732394366197 0.06807511737089202
0 0.8268045774647887 0.44190140845070425 0.22755281690140844 0.12910798122065728
0 1.047975352112676 0.2517605633802817 0.15757042253521128 0.1396713615023474
0 1.0017605633802817 0.7907863849765259 0.1522887323943662 0.1238262910798122
0 1.0079225352112675 0.6522887323943662 0.17077464788732394 0.11208920187793427
0 1.0138644366197183 0.5211267605633803 0.15889084507042253 0.12206572769953052
0 1.0316901408450705 0.3855633802816901 0.15669014084507044 0.12441314553990611
0 0.7878521126760564 0.852112676056338 0.22007042253521128 0.09859154929577464
0 0.3503521126760563 1.0020539906103287 0.1681338028169014 0.13204225352112675
0 0.9942781690140845 0.9172535211267606 0.2007042253521127 0.10093896713615023
0 0.34242957746478875 0.43045774647887325 0.25088028169014087 0.13791079812206572
0 0.3373679577464789 0.5768779342723005 0.24867957746478872 0.11737089201877934
0 0.5585387323943662 1.010856807511737 0.2068661971830986 0.17077464788732394
0 0.5651408450704225 0.8471244131455399 0.21742957746478872 0.12617370892018778
0 0.5748239436619719 0.70481220657277 0.23415492957746478 0.15845070422535212
0 0.579225352112676 0.5701291079812206 0.2306338028169014 0.1238262910798122
0 0.5858274647887324 0.2822769953051643 0.2720070422535211 0.15845070422535212
0 0.125 0.5519366197183099 0.1813380281690141 0.10504694835680752
0 0.12830105633802816 0.6977699530516432 0.17473591549295775 0.09624413145539906
0 0.5851672535211268 0.29460093896713613 0.2601232394366197 0.15023474178403756
0 0.5858274647887324 0.43984741784037557 0.23327464788732394 0.12617370892018778
0 1.0607394366197183 0.10093896713615023 0.1602112676056338 0.14553990610328638
0 0.9713908450704225 1.0595657276995305 0.176056338028169 0.12969483568075119
0 0.7775088028169014 1.023180751173709 0.19410211267605634 0.19190140845070422
0 0.1637323943661972 1.005868544600939 0.16549295774647887 0.15375586854460094
0 0.8428697183098591 0.0443075117370892 0.25264084507042256 0.06748826291079812
