0 0.5915492957746479 0.3835093896713615 0.25264084507042256 0.1449530516431925
0 0.5873679577464789 0.23884976525821597 0.23987676056338028 0.15140845070422534
0 0.5911091549295775 0.5231807511737089 0.24295774647887325 0.11443661971830986
0 0.532350352112676 1.0636737089201878 0.04973591549295775 0.11678403755868545
0 0.6164172535211268 1.0698356807511737 0.07966549295774648 0.11619718309859155
0 0.996919014084507 0.8835093896713615 0.1487676056338028 0.09800469483568075
0 1.0033010563380282 1.0041079812206573 0.16153169014084506 0.10211267605633803
0 0.8543133802816901 0.11003521126760564 0.2420774647887324 0.15316901408450703
0 0.6007922535211268 0.09272300469483569 0.24471830985915494 0.1607981220657277
0 0.8422095070422535 0.25938967136150237 0.2539612676056338 0.13497652582159625
0 0.839568661971831 0.3967136150234742 0.23283450704225353 0.1396713615023474
0 0.5858274647887324 0.6622652582159625 0.2482394366197183 0.11561032863849766
0 0.5845070422535211 0.8022300469483568 0.23591549295774647 0.1396713615023474
0 0.5765845070422535 0.9351525821596244 0.22535211267605634 0.10152582159624413
0 0.8012764084507042 1.0818661971830985 0.21875 0.10152582159624413
0 0.8098591549295775 0.9498239436619719 0.21742957746478872 0.10387323943661972
0 0.8162411971830986 0.8107394366197183 0.2249119718309859 0.13321596244131456
0 0.8331866197183099 0.6778169014084507 0.22799295774647887 0.13615023474178403
0 0.8336267605633803 0.5448943661971831 0.2367957746478873 0.11913145539906103
0 0.35079225352112675 0.08392018779342723 0.24735915492957747 0.1467136150234742
0 0.34815140845070425 0.2282863849765258 0.25 0.12793427230046947
0 0.34242957746478875 0.3785211267605634 0.238556338028169 0.142018779342723
0 0.34485035211267606 0.5181924882629108 0.24339788732394366 0.11737089201877934
0 0.34375 0.6496478873239436 0.23591549295774647 0.11384976525821597
0 0.3455105633802817 0.7937206572769953 0.23943661971830985 0.12617370892018778
0 0.3457306338028169 1.0551643192488263 0.2319542253521127 0.13497652582159625
0 0.3430897887323944 0.9289906103286385 0.23459507042253522 0.1068075117370892
0 1.0660211267605635 0.19278169014084506 0.14964788732394366 0.13204225352112675
0 1.0627200704225352 0.33392018779342725 0.15625 0.12793427230046947
0 1.053036971830986 0.4865023474178404 0.16065140845070422 0.13262910798122066
0 1.0356514084507042 0.6261737089201878 0.1619718309859155 0.1255868544600939
0 1.025088028169014 0.7529342723004695 0.15404929577464788 0.11384976525821597
0 0.998899647887324 1.1056338028169015 0.1580105633802817 0.07042253521126761
0 0.1344630281690141 0.1807511737089202 0.17737676056338028 0.09507042253521127
0 0.13028169014084506 0.3189553990610329 0.176056338028169 0.10504694835680752
0 0.1307218309859155 0.4524647887323944 0.18485915492957747 0.12089201877934272
0 0.125 0.5982981220657277 0.176056338028169 0.11561032863849766
0 0.13094190140845072 0.7429577464788732 0.17209507042253522 0.11737089201877934
0 0.13776408450704225 0.8970070422535211 0.17869718309859156 0.12617370892018778
0 0.13600352112676056 1.0551643192488263 0.19014084507042253 0.12089201877934272
