0 0.12764084507042253 0.5950704225352113 0.13732394366197184 0.11267605633802817
0 0.11729753521126761 0.6995305164319249 0.15536971830985916 0.08685446009389672
0 0.7242517605633803 0.8799882629107981 0.20466549295774647 0.12617370892018778
0 0.7152288732394366 0.7599765258215962 0.20950704225352113 0.11032863849765258
0 0.7165492957746479 0.636443661971831 0.20950704225352113 0.11561032863849766
0 0.7295334507042254 1.0026408450704225 0.21522887323943662 0.11208920187793427
0 0.5061619718309859 1.006161971830986 0.2112676056338028 0.11561032863849766
0 0.5140845070422535 0.886150234741784 0.19806338028169015 0.12441314553990611
0 0.5061619718309859 0.7511737089201878 0.2112676056338028 0.13145539906103287
0 0.5088028169014085 0.6294014084507042 0.20334507042253522 0.11913145539906103
0 0.5147447183098591 0.5190727699530516 0.19410211267605634 0.11561032863849766
0 0.3160211267605634 0.5088028169014085 0.19014084507042253 0.11619718309859155
0 0.3028169014084507 0.6279342723004695 0.19806338028169015 0.11267605633802817
0 0.2970950704225352 0.7511737089201878 0.21214788732394366 0.1068075117370892
0 0.29577464788732394 0.8703051643192489 0.21214788732394366 0.11737089201877934
0 0.2867517605633803 0.9982394366197183 0.2125880281690141 0.11737089201877934
0 0.3650968309859155 0.2860915492957746 0.12015845070422536 0.31279342723004694
0 0.5048415492957746 0.2746478873239437 0.14084507042253522 0.2934272300469484
0 0.22183098591549297 0.28169014084507044 0.13204225352112675 0.2863849765258216
0 0.08736795774647887 0.2602699530516432 0.10079225352112677 0.29518779342723006
0 0.10673415492957747 0.8204225352112676 0.1500880281690141 0.11737089201877934
0 0.09330985915492958 0.9583333333333334 0.15669014084507044 0.12441314553990611
0 1.0704225352112675 0.5824530516431925 0.14084507042253522 0.12147887323943662
0 0.9095510563380281 0.6754694835680751 0.16065140845070422 0.289906103286385
0 0.938600352112676 1.0369718309859155 0.1641725352112676 0.1807511737089202
0 0.7196302816901409 0.5181924882629108 0.20334507042253522 0.11384976525821597
0 0.2819102112676056 1.1047535211267605 0.23107394366197184 0.0721830985915493
0 0.5070422535211268 1.108274647887324 0.22007042253521128 0.06514084507042253
0 0.7359154929577465 1.1032863849765258 0.22535211267605634 0.07511737089201878
0 1.0673415492957747 0.7617370892018779 0.13996478873239437 0.22769953051643194
0 1.0691021126760563 0.9357394366197183 0.14348591549295775 0.10622065727699531
