0 0.8459507042253521 0.2717136150234742 0.9441699160632812 0.535638665718883
0 0.9727112676056338 0.2852112676056338 0.999 0.5356307445612642
0 0.999 0.2734741784037559 0.999 0.5385719048248805
0 0.8125 0.6115023474178404 0.9296599911971831 0.8253453624721726
0 0.9339788732394366 0.6097417840375586 0.999 0.8318017947276775
0 0.999 0.6044600938967136 0.999 0.8318048943110935
0 0.9920774647887324 0.8908450704225352 0.999 0.999
0 0.8138204225352113 0.8791079812206573 0.9063319452365602 0.999
0 0.9080105633802817 0.8755868544600939 0.9907975305618925 0.999
0 0.5171654929577465 0.8532863849765259 0.6503005433569728 0.999
0 0.4084507042253521 0.8550469483568075 0.5130244495139854 0.999
0 0.15845070422535212 0.8667840375586855 0.3177119495139853 0.999
0 0.05501760563380282 0.8738262910798122 0.1549053619693513 0.999
0 0.3230633802816901 0.8603286384976526 0.40566766576572105 0.999
0 0.05765845070422535 0.6009389671361502 0.15578448131571115 0.8077459278361877
0 0.15845070422535212 0.596244131455399 0.26225420303511204 0.8059881196411647
0 0.2649647887323944 0.5974178403755869 0.36431999789228325 0.8042268674645683
0 0.3657570422535211 0.5974178403755869 0.46638831116097995 0.80598743084485
0 0.47183098591549294 0.6238262910798122 0.546887398333664 0.8024508061672067
0 0.5532570422535211 0.6203051643192489 0.641041700245487 0.8024528725561507
0 0.1949823943661972 0.2353286384976526 0.31505502535459234 0.5080778587802244
0 0.021566901408450703 0.18192488262910797 0.1769271272440984 0.5028275088716965
0 0.3217429577464789 0.2282863849765258 0.4083090920080341 0.5198190807599903
0 0.5132042253521126 0.24706572769953053 0.6450205967317992 0.5145263698781106
0 0.6492077464788732 0.2177230046948357 0.8183762289848244 0.5286280968282308
0 0.4110915492957746 0.22300469483568075 0.5156641322406268 0.5198221803434063
