0 0.011003521126760563 0.431924882629108 0.1522838892952787 0.5854272741299125
0 0.15977112676056338 0.431924882629108 0.2842606641167427 0.5924695276510392
0 0.2869718309859155 0.4442488262910798 0.357708199018052 0.594222858670017
0 0.3578345070422535 0.4477699530516432 0.47827560100922434 0.5906996655205096
0 0.4859154929577465 0.43720657276995306 0.601018523110494 0.6006823905089378
0 0.5985915492957746 0.4354460093896714 0.7176062537195 0.6059651138442549
0 0.7205105633802817 0.43896713615023475 0.813503296406963 0.6094841742158743
0 0.8125 0.4460093896713615 0.8935684419014085 0.6024377879168595
0 0.999 0.4184272300469484 0.999 0.6147779182922259
0 0.11971830985915492 0.67018779342723 0.20241209581432257 0.8129869789944676
0 0.20378521126760563 0.6578638497652582 0.29700537622743506 0.8112336479754898
0 0.31778169014084506 0.67018779342723 0.4017087228476493 0.7854048193700545
0 0.4084507042253521 0.6613849765258216 0.48573571711961916 0.8182738351076726
0 0.4977992957746479 0.6737089201877934 0.5882492080564372 0.8546515792721902
0 0.6078345070422535 0.6789906103286385 0.6955951432627455 0.8699066956512156
0 0.7024647887323944 0.6807511737089202 0.8003070137373537 0.8611028455553352
0 0.8045774647887324 0.6772300469483568 0.8935719289327514 0.8599312030240913
0 0.903169014084507 0.67018779342723 0.9582292389902797 0.856414209041416
0 0.9652288732394366 0.6789906103286385 0.999 0.8663855688906522
0 0.2244718309859155 0.9483568075117371 0.3150420458490379 0.999
0 0.34639084507042256 0.999 0.4448299336069232 0.999
0 0.6091549295774648 0.999 0.6845910409640944 0.999
0 0.695862676056338 0.999 0.7805035815686372 0.999
0 0.7878521126760564 0.999 0.8561673186123785 0.999
0 0.8613556338028169 0.999 0.9283180653020234 0.999
0 0.9379401408450704 0.999 0.999 0.999
0 0.018926056338028168 0.142018779342723 0.08978040226393573 0.22820304062245145
0 0.08890845070422536 0.142018779342723 0.15709114944951397 0.23700585752385991
0 0.17297535211267606 0.15258215962441316 0.2464027397217814 0.2281968414556195
0 0.25044014084507044 0.14906103286384975 0.31767146120561396 0.22819890784456345
0 0.32438380281690143 0.15434272300469484 0.386300887410732 0.24228031530340102
0 0.3890845070422535 0.1643192488262911 0.4676984663261258 0.2334716436333179
0 0.47579225352112675 0.159037558685446 0.5530476266489783 0.23523530659701558
0 0.5378521126760564 0.1936619718309859 0.6062773538236461 0.2539943298287377
0 0.621919014084507 0.007629107981220657 0.6863459863494346 0.2265213444201988
0 0.6971830985915493 0.004107981220657277 0.7602565215235073 0.25234500705327423
0 0.7632042253521126 0.007629107981220657 0.8196464770134894 0.259385194185457
0 0.8358274647887324 0.005868544600938967 0.9129243717144416 0.26818904428133744
0 0.9159330985915493 0.009389671361502348 0.973628550572803 0.27464237695342636
0 0.999 0.004107981220657277 0.999 0.2781666032974057
0 0.4850352112676056 0.004107981220657277 0.5495224316851816 0.08685204930679538
0 0.40580985915492956 0.009389671361502348 0.47297279495635786 0.0886095131036611
0 0.31778169014084506 0.004107981220657277 0.3977474552420155 0.09037317606735876
0 0.24779929577464788 0.009389671361502348 0.30358811650714146 0.08684894972337939
0 0.16109154929577466 0.004107981220657277 0.24024599843780997 0.07628866902510524
0 0.09110915492957747 0.005868544600938967 0.16765356111138663 0.08861157949260509
0 0.018926056338028168 0.0005868544600938967 0.08493885296816109 0.07981186217461261
