0 0.6272007042253521 0.29401408450704225 0.7770126757463797 0.4716584424386696
0 0.46786971830985913 0.04342723004694836 0.6309560432577861 0.2006787398884701
0 0.4551056338028169 0.32335680751173707 0.6177574359006149 0.46107784224911286
0 0.6324823943661971 0.5633802816901409 0.7875737313405078 0.6680966078159095
0 0.6091549295774648 0.823943661971831 0.743569914203531 0.9560892349401574
0 0.47183098591549294 0.8257042253521126 0.601024722277326 0.9478722393043708
0 0.3345070422535211 0.823943661971831 0.46508164302717714 0.9461127091185612
0 0.3397887323943662 0.6907276995305164 0.48576593805792506 0.807693234918116
0 0.32702464788732394 0.5440140845070423 0.4822504292923031 0.682192479997355
0 0.4823943661971831 0.49765258215962443 0.6349109179726244 0.6528769644470894
0 0.488556338028169 0.6631455399061033 0.6217039804850227 0.8129911117723556
0 0.6298415492957746 0.6772300469483568 0.7616065838251339 0.8165039729771429
0 0.7552816901408451 0.8169014084507042 0.8883119358758182 0.9648961846194537
0 0.1756161971830986 0.5357981220657277 0.3229860844202539 0.6769156114307127
0 0.1949823943661972 0.6842723004694836 0.3383824901433247 0.7871571171945602
0 0.21830985915492956 0.8133802816901409 0.3317701100972029 0.9197104575811678
0 0.1430457746478873 0.2852112676056338 0.319039152387919 0.40065421873966806
0 0.15845070422535212 0.414906103286385 0.32035279458440785 0.5267518156670854
0 0.136443661971831 0.01584507042253521 0.3036371286699068 0.19189210970045625
0 0.31117957746478875 0.01056338028169014 0.4628912061718905 0.19717689942471733
0 0.6426056338028169 0.052230046948356805 0.7836080080837136 0.1865890668738566
0 0.7940140845070423 0.1572769953051643 0.9490343247867487 0.29568234918115893
0 0.7799295774647887 0.3057511737089202 0.9428785521225947 0.44935108499195486
0 0.8019366197183099 0.5252347417840375 0.9402280208539973 0.7133067871233661
0 0.9559859154929577 0.5563380281690141 0.999 0.7009645903590558
0 0.957306338028169 0.301056338028169 0.999 0.4716543096607816
0 0.952024647887324 0.1954225352112676 0.999 0.2938993999206507
0 0.8213028169014085 0.009389671361502348 0.9895152716474905 0.15609777601445923
0 0.897887323943662 0.8257042253521126 0.999 0.9719332721682206
0 0.2557218309859155 0.9272300469483568 0.38060927736312244 0.999
0 0.0030809859154929575 0.9395539906103286 0.1663718833688752 0.999
0 0.0044014084507042256 0.7822769953051644 0.09242764022515373 0.9115127482421918
0 0.30633802816901406 0.20774647887323944 0.4510095343185876 0.4353240924419758
0 0.999 0.009389671361502348 0.999 0.18837477131962355
0 0.9480633802816901 0.7083333333333334 0.999 0.8235279733959312
0 0.7711267605633803 0.6942488262910798 0.9323190463201746 0.818254548810862
