0 0.029049295774647887 0.08568075117370892 0.15667735506347946 0.2998323469770107
0 0.43661971830985913 0.0886150234741784 0.5785930370958143 0.31156771418810203
0 0.40713028169014087 0.6848591549295775 0.5363524954746082 0.8992459746743371
0 0.2711267605633803 0.8022300469483568 0.3902855956159492 0.9173695833057814
0 0.2636443661971831 0.5704225352112676 0.38676776216276537 0.8118718177610262
0 0.5629401408450704 0.5088028169014085 0.7145409594450506 0.6117906086755274
0 0.8296654929577465 0.7482394366197183 0.9459376472302122 0.9091853054949415
0 0.8120598591549296 0.46068075117370894 0.9045721567521325 0.6194479573056493
0 0.8213028169014085 0.6373239436619719 0.9146913279855187 0.7355414765588838
0 0.43309859154929575 0.5064553990610329 0.5350206432255505 0.6798671036390487
0 0.7200704225352113 0.5522300469483568 0.8073415182999405 0.7573050293151712
0 0.16109154929577466 0.6737089201877934 0.27325656181809166 0.8834074478167911
0 0.5647007042253521 0.8392018779342723 0.7079380718731403 0.9126530505411183
0 0.565580985915493 0.6320422535211268 0.7237827548477485 0.8388309611188256
0 0.00044014084507042255 0.7118544600938967 0.08494698937462805 0.9050986769600388
0 0.3107394366197183 0.448943661971831 0.4241590055296568 0.573093342921378
