0 0.998899647887324 0.6009389671361502 0.18705985915492956 0.20774647887323944
0 0.13798415492957747 0.16109154929577466 0.207306338028169 0.3174882629107981
0 0.32944542253521125 0.15933098591549297 0.17121478873239437 0.306924882629108
0 0.5134242957746479 0.17136150234741784 0.18882042253521128 0.3215962441314554
0 0.719850352112676 0.17987089201877934 0.19058098591549297 0.335093896713615
0 0.90625 0.19307511737089203 0.1487676056338028 0.31220657276995306
0 0.1230193661971831 0.6018192488262911 0.10783450704225352 0.2881455399061033
0 0.22997359154929578 0.6710680751173709 0.10607394366197183 0.20246478873239437
0 0.34815140845070425 0.6528755868544601 0.12059859154929578 0.2282863849765258
0 0.4480633802816901 0.6813380281690141 0.06866197183098592 0.1983568075117371
0 0.5688820422535211 0.6795774647887324 0.16065140845070422 0.18779342723004694
0 0.754181338028169 0.6607981220657277 0.16065140845070422 0.20892018779342722
0 0.3675176056338028 0.9765258215962441 0.06866197183098592 0.21244131455399062
0 0.29973591549295775 0.9747652582159625 0.0721830985915493 0.21244131455399062
0 0.1619718309859155 0.9756455399061033 0.07394366197183098 0.2177230046948357
0 0.23481514084507044 0.9791666666666666 0.06205985915492958 0.22124413145539906
0 0.04643485915492958 0.9876760563380281 0.08670774647887323 0.21713615023474178
0 0.4324383802816901 0.9791666666666666 0.050616197183098594 0.20363849765258216
0 0.48811619718309857 0.9818075117370892 0.0528169014084507 0.20539906103286384
0 0.5528169014084507 0.9791666666666666 0.0528169014084507 0.22476525821596244
0 0.6254401408450704 0.98268779342723 0.07130281690140845 0.20715962441314553
0 0.7282130281690141 0.977406103286385 0.06470070422535211 0.2106807511737089
0 0.8235035211267606 0.9747652582159625 0.06073943661971831 0.21948356807511737
0 1.0517165492957747 0.2549882629107981 0.11663732394366197 0.22241784037558684
0 0.8805017605633803 0.9800469483568075 0.04533450704225352 0.21244131455399062
0 1.0713028169014085 0.9835680751173709 0.05721830985915493 0.20539906103286384
0 0.9425616197183099 0.999706572769953 0.04533450704225352 0.2106807511737089
0 0.9955985915492958 0.9973591549295775 0.035211267605633804 0.1637323943661972
0 1.0763644366197183 0.07541079812206573 0.12455985915492958 0.12265258215962441
