0 0.23503521126760563 0.009389671361502348 0.33968528379785756 0.33684894972337937
0 0.34375 0.005868544600938967 0.4782818001760563 0.3350904527320417
0 0.4951584507042254 0.017605633802816902 0.6243419196959928 0.33214929246842556
0 0.6672535211267606 0.0710093896713615 0.8716253285558422 0.32507569871498154
0 0.9119718309859155 0.035211267605633804 0.999 0.33037839714342393
0 0.0013204225352112676 0.03403755868544601 0.06293955967317993 0.32157626903833014
0 0.06558098591549295 0.01584507042253521 0.16898521963648086 0.2887230956159492
0 0.03697183098591549 0.48708920187793425 0.11574076944058719 0.7215451354449073
0 0.11575704225352113 0.49413145539906106 0.1896497548229518 0.7162593125261743
0 0.3257042253521127 0.4788732394366197 0.3915819963796866 0.7062917410566687
0 0.3930457746478873 0.477112676056338 0.47165799041608814 0.7062927742511407
0 0.47315140845070425 0.46830985915492956 0.5688938594152946 0.7133401937446274
0 0.5717429577464789 0.5181924882629108 0.655558211726344 0.708029229760409
0 0.6632922535211268 0.5217136150234741 0.7475073537616544 0.7133088535123102
0 0.7579225352112676 0.528755868544601 0.8416558439545725 0.7215206831757368
0 0.8358274647887324 0.5064553990610329 0.8882764843904979 0.7197732069254337
0 0.8886443661971831 0.5064553990610329 0.930946899486709 0.6939516106813022
0 0.9392605633802817 0.5164319248826291 0.999 0.708030262954881
0 0.31382042253521125 0.9876760563380281 0.4677315931238842 0.999
0 0.4744718309859155 0.9741784037558685 0.5776960951448125 0.999
0 0.579225352112676 0.9342723004694836 0.7343401296865701 0.999
0 0.738556338028169 0.937793427230047 0.901523522738544 0.999
0 0.9040492957746479 0.8497652582159625 0.999 0.999
0 0.0008802816901408451 0.9530516431924883 0.16109116184784766 0.999
0 0.2918133802816901 0.8374413145539906 0.4576180398854394 0.9631235673036654
0 0.4630281690140845 0.7910798122065728 0.5909053573199762 0.9772352818003482
0 0.59375 0.7928403755868545 0.7035238776408451 0.9197225115166744
0 0.707306338028169 0.8186619718309859 0.9050584039005158 0.9543317711432916
0 0.0017605633802816902 0.9049295774647887 0.15492880256893474 0.9443046187925676
0 0.2244718309859155 0.999 0.31372162331382664 0.999
