0 0.36377640845070425 0.2869718309859155 0.0840669014084507 0.19014084507042253
0 0.43882042253521125 0.2793427230046948 0.07130281690140845 0.19131455399061034
0 0.5264084507042254 0.34507042253521125 0.09066901408450705 0.1467136150234742
0 0.6084947183098591 0.26789906103286387 0.09198943661971831 0.10387323943661972
0 0.7022447183098591 0.36208920187793425 0.08054577464788733 0.1431924882629108
0 0.8006161971830986 0.33098591549295775 0.07482394366197183 0.21948356807511737
0 0.9509242957746479 0.3430164319248826 0.07262323943661972 0.19190140845070422
0 1.0330105633802817 0.37411971830985913 0.07922535211267606 0.13673708920187794
0 0.3554137323943662 0.5821596244131455 0.07790492957746478 0.1619718309859155
0 0.453125 0.5586854460093896 0.09463028169014084 0.08098591549295775
0 0.44850352112676056 0.6329225352112676 0.09595070422535211 0.0710093896713615
0 0.5444542253521126 0.6182511737089202 0.0801056338028169 0.10035211267605634
0 0.6324823943661971 0.6150234741784038 0.08274647887323944 0.12089201877934272
0 0.7224911971830986 0.6012323943661971 0.08142605633802817 0.1449530516431925
0 0.8213028169014085 0.562206572769953 0.08274647887323944 0.09859154929577464
0 0.9185739436619719 0.562206572769953 0.09066901408450705 0.08098591549295775
0 0.8186619718309859 0.6496478873239436 0.09330985915492958 0.06572769953051644
0 0.9049295774647887 0.647593896713615 0.07394366197183098 0.07570422535211267
0 0.991637323943662 0.6323356807511737 0.07130281690140845 0.09330985915492958
0 1.095730633802817 0.6188380281690141 0.09022887323943662 0.12852112676056338
0 0.6558098591549296 0.812793427230047 0.04929577464788732 0.0880281690140845
0 0.43441901408450706 0.8039906103286385 0.03609154929577465 0.1056338028169014
0 0.39744718309859156 0.7987089201877934 0.037852112676056336 0.09859154929577464
0 0.3435299295774648 0.7910798122065728 0.06734154929577464 0.07981220657276995
0 1.0633802816901408 0.8169014084507042 0.05193661971830986 0.11384976525821597
0 1.0033010563380282 0.8154342723004695 0.042693661971830985 0.08626760563380281
0 0.952024647887324 0.8142605633802817 0.03873239436619718 0.10152582159624413
0 0.9036091549295775 0.7969483568075117 0.058098591549295774 0.09859154929577464
0 0.5294894366197183 1.0246478873239437 0.0818661971830986 0.1467136150234742
0 0.594850352112676 1.023180751173709 0.05413732394366197 0.15669014084507044
0 0.4507042253521127 1.0129107981220657 0.06866197183098592 0.1467136150234742
0 0.7522007042253521 1.0240610328638498 0.06338028169014084 0.12793427230046947
0 0.22205105633802816 0.9688967136150235 0.1914612676056338 0.22065727699530516
0 0.06800176056338028 0.9697769953051644 0.12191901408450705 0.21889671361502347
0 0.12037852112676056 0.7124413145539906 0.061179577464788734 0.15023474178403756
0 0.19344190140845072 0.7150821596244131 0.06205985915492958 0.16607981220657278
0 0.26936619718309857 0.7209507042253521 0.07658450704225352 0.16725352112676056
0 0.03367077464788732 0.7062793427230047 0.06382042253521127 0.15199530516431925
0 0.05171654929577465 0.34330985915492956 0.10255281690140845 0.21830985915492956
0 0.20334507042253522 0.3799882629107981 0.1954225352112676 0.20715962441314553
0 0.6628521126760564 0.06455399061032864 0.08450704225352113 0.12441314553990611
0 0.7988556338028169 0.07453051643192488 0.0994718309859155 0.12089201877934272
0 0.9273767605633803 0.08949530516431925 0.0880281690140845 0.1637323943661972
0 1.025968309859155 0.09301643192488263 0.0880281690140845 0.1742957746478873
0 0.5191461267605634 0.06866197183098592 0.14920774647887325 0.12206572769953052
0 1.1043133802816902 0.12030516431924883 0.06073943661971831 0.15023474178403756
0 0.28433098591549294 0.15610328638497653 0.0 0.0
0 0.1974031690140845 0.08245305164319248 0.20202464788732394 0.14964788732394366
0 0.3690580985915493 1.0178990610328638 0.08142605633802817 0.15669014084507044
0 0.9108714788732394 1.012030516431925 0.24339788732394366 0.1414319248826291
0 0.6452464788732394 1.033744131455399 0.03345070422535211 0.11208920187793427
0 0.6925616197183099 1.016431924882629 0.053257042253521125 0.15375586854460094
