0 0.5572183098591549 0.2153755868544601 0.12940140845070422 0.3814553990610329
0 0.2711267605633803 0.19718309859154928 0.13732394366197184 0.3931924882629108
0 0.15074823943661972 0.27230046948356806 0.1113556338028169 0.5199530516431925
0 0.7029049295774648 0.23444835680751175 0.06338028169014084 0.34683098591549294
0 0.7935739436619719 0.2367957746478873 0.11003521126760564 0.36913145539906106
0 0.9115316901408451 0.221537558685446 0.1073943661971831 0.36561032863849763
0 1.032350352112676 0.2007042253521127 0.12455985915492958 0.3415492957746479
0 0.3147007042253521 0.6786971830985915 0.2007042253521127 0.36913145539906106
0 0.46875 0.6719483568075117 0.16461267605633803 0.36971830985915494
0 0.6465669014084507 0.6376173708920188 0.18397887323943662 0.3245305164319249
0 0.8188820422535211 0.6581572769953051 0.144806338028169 0.3456572769953052
0 0.9856954225352113 0.6434859154929577 0.18882042253521128 0.32922535211267606
0 0.6815580985915493 1.033450704225352 0.09815140845070422 0.20539906103286384
0 0.7902728873239436 1.033450704225352 0.09551056338028169 0.21244131455399062
0 0.8919454225352113 1.022300469483568 0.09991197183098592 0.22065727699530516
0 0.9949383802816901 1.022300469483568 0.10079225352112677 0.22417840375586853
0 0.3961267605633803 1.0008802816901408 0.0818661971830986 0.1742957746478873
0 0.5244278169014085 1.034037558685446 0.15713028169014084 0.2136150234741784
0 0.04731514084507042 1.039612676056338 0.06734154929577464 0.16960093896713616
0 0.15338908450704225 1.0487089201877935 0.11399647887323944 0.18427230046948356
0 0.11663732394366197 0.7074530516431925 0.11003521126760564 0.22946009389671362
0 0.045994718309859156 0.26467136150234744 0.09022887323943662 0.528169014084507
