0 0.1056338028169014 0.017605633802816902 0.21034083019242214 0.18836994974542087
0 0.21170774647887325 0.009389671361502348 0.3062448469425709 0.18661420793934186
0 0.3204225352112676 0.01056338028169014 0.41623220839119224 0.18015812008199433
0 0.41505281690140844 0.007629107981220657 0.5042187267531244 0.19717862141550396
0 0.5132042253521126 0.014084507042253521 0.606288202365602 0.21301990345830854
0 0.6157570422535211 0.01584507042253521 0.7255212336961913 0.21771370594458772
0 0.733274647887324 0.01232394366197183 0.8223004953134299 0.2177157723335317
0 0.8331866197183099 0.02640845070422535 0.9256896185652649 0.2370737039608543
0 0.9445422535211268 0.03345070422535211 0.999 0.24059069794352972
0 0.999 0.03697183098591549 0.999 0.23002525127289558
0 0.22843309859154928 0.301056338028169 0.33088537275590163 0.6007622908814388
0 0.35651408450704225 0.3908450704225352 0.4430649145754811 0.5801696918600807
0 0.4524647887323944 0.4424882629107981 0.4936388799345368 0.554317788578104
0 0.4898767605633803 0.477112676056338 0.5702069204398929 0.5889218822323613
0 0.5691021126760564 0.45422535211267606 0.6190276839292799 0.5560714639952391
0 0.6232394366197183 0.3908450704225352 0.7035108981352906 0.5924936355220525
0 0.7086267605633803 0.3937793427230047 0.7963430339962309 0.5924919135312658
0 0.8058978873239436 0.4647887323943662 0.8728847280425511 0.602426767175825
0 0.8732394366197183 0.4524647887323944 0.9489994544733188 0.6006734361568472
0 0.9533450704225352 0.45422535211267606 0.999 0.5924564405210606
0 0.7772887323943662 0.7012910798122066 0.85353112291708 0.8387903221362605
0 0.6839788732394366 0.6748826291079812 0.7629031783128347 0.8458480735744671
0 0.5277288732394366 0.6842723004694836 0.6168451897564967 0.8528848167250765
0 0.42649647887323944 0.7494131455399061 0.5196186195075382 0.8628231143512091
0 0.2596830985915493 0.7494131455399061 0.34363570286153544 0.8628231143512091
0 0.10827464788732394 0.6772300469483568 0.19097347066554257 0.8352833157001477
0 0.198943661971831 0.6719483568075117 0.25431384521920253 0.8235493260816857
0 0.3477112676056338 0.67018779342723 0.4289842820124975 0.7613437865062047
0 0.9225352112676056 0.7065727699530516 0.9969531095020829 0.8182473164495581
0 0.7579225352112676 0.9483568075117371 0.8469375340954176 0.999
0 0.8798415492957746 0.9465962441314554 0.9828873936842889 0.999
0 0.6738556338028169 0.943075117370892 0.7576259438231502 0.999
0 0.6659330985915493 0.999 0.7461857688826622 0.999
0 0.4784330985915493 0.999 0.5636098445868876 0.999
0 0.5779049295774648 0.9530516431924883 0.6709604291683198 0.999
0 0.5730633802816901 0.999 0.6555576305544535 0.999
0 0.20642605633802816 0.9618544600938967 0.2943633688132315 0.999
0 0.20774647887323944 0.999 0.29964447778218606 0.999
0 0.3089788732394366 0.9982394366197183 0.38366682267903196 0.999
0 0.38776408450704225 0.999 0.47958285031491765 0.999
0 0.125 0.9894366197183099 0.2050506161971831 0.999
0 0.0030809859154929575 0.7494131455399061 0.11575568618577663 0.9338325040225706
0 0.14568661971830985 0.3456572769953052 0.20240066610047608 0.5027314217858009
0 0.999 0.8444835680751174 0.999 0.999
0 0.999 0.6789906103286385 0.999 0.8364559914258635
0 0.999 0.4647887323943662 0.999 0.6716755934669048
0 0.00044014084507042255 0.2863849765258216 0.08626741190983932 0.5972497740748088
