0 0.19762323943661972 0.15316901408450703 0.2227112676056338 0.19131455399061034
0 0.429137323943662 0.18779342723004694 0.22535211267605634 0.19483568075117372
0 0.4368397887323944 0.3829225352112676 0.230193661971831 0.18838028169014084
0 0.43882042253521125 0.5768779342723005 0.23151408450704225 0.18661971830985916
0 0.43617957746478875 0.7772887323943662 0.23151408450704225 0.18955399061032863
0 0.4394806338028169 0.9782863849765259 0.2381161971830986 0.18779342723004694
0 0.655149647887324 0.19806338028169015 0.2108274647887324 0.198943661971831
0 0.6608714788732394 0.3937793427230047 0.207306338028169 0.17253521126760563
0 0.6608714788732394 0.5803990610328639 0.2125880281690141 0.19718309859154928
0 0.6641725352112676 0.7799295774647887 0.2112676056338028 0.19131455399061034
0 0.6679137323943662 0.977406103286385 0.2108274647887324 0.18251173708920188
0 0.1974031690140845 0.8359741784037559 0.2460387323943662 0.3796948356807512
0 0.2013644366197183 0.4509976525821596 0.22755281690140844 0.38673708920187794
0 0.8855633802816901 0.7461854460093896 0.2007042253521127 0.18603286384976525
0 0.8796214788732394 0.5528169014084507 0.20202464788732394 0.2007042253521127
0 0.8945862676056338 0.937793427230047 0.20290492957746478 0.1795774647887324
0 0.8798415492957746 0.3447769953051643 0.2227112676056338 0.22593896713615025
0 0.8796214788732394 0.13438967136150234 0.22755281690140844 0.19131455399061034
0 1.0706426056338028 0.22241784037558684 0.13600352112676056 0.19483568075117372
0 1.0622799295774648 0.579518779342723 0.1500880281690141 0.16725352112676056
0 1.0691021126760563 0.40933098591549294 0.14348591549295775 0.17194835680751175
0 1.0642605633802817 0.750293427230047 0.15140845070422534 0.17077464788732394
0 1.0710827464788732 0.9380868544600939 0.13952464788732394 0.1766431924882629
0 0.8987676056338029 1.0936032863849765 0.21390845070422534 0.09448356807511737
