0 0.453125 0.42488262910798125 0.10255281690140845 0.2312206572769953
0 0.5845070422535211 0.4269366197183099 0.09595070422535211 0.20363849765258216
0 0.6892605633802817 0.38204225352112675 0.0801056338028169 0.12793427230046947
0 0.7761883802816901 0.38967136150234744 0.06470070422535211 0.1396713615023474
0 0.8375880281690141 0.38879107981220656 0.06073943661971831 0.159037558685446
0 0.9113116197183099 0.3914319248826291 0.0840669014084507 0.17488262910798122
0 1.0279489436619718 0.3846830985915493 0.047975352112676055 0.12617370892018778
0 0.7095070422535211 0.11091549295774648 0.15933098591549297 0.22065727699530516
0 0.5928697183098591 0.12998826291079812 0.07922535211267606 0.16960093896713616
0 0.44938380281690143 0.13057511737089203 0.2007042253521127 0.1742957746478873
0 0.292693661971831 0.1238262910798122 0.1073943661971831 0.21244131455399062
0 0.17473591549295775 0.12030516431924883 0.1073943661971831 0.20892018779342722
0 1.0160651408450705 0.1317488262910798 0.24955985915492956 0.1965962441314554
0 0.29951584507042256 0.721830985915493 0.06470070422535211 0.22417840375586853
0 0.3727992957746479 0.6907276995305164 0.07658450704225352 0.1795774647887324
0 0.461487676056338 0.7071596244131455 0.10079225352112677 0.20892018779342722
0 0.5488556338028169 0.7062793427230047 0.06602112676056338 0.19307511737089203
0 0.6241197183098591 0.7098004694835681 0.06602112676056338 0.18603286384976525
0 0.7185299295774648 0.7150821596244131 0.08670774647887323 0.20715962441314553
0 0.09198943661971831 0.6311619718309859 0.14612676056338028 0.3573943661971831
0 0.12566021126760563 0.9342723004694836 0.1386443661971831 0.22065727699530516
0 0.5171654929577465 1.0178990610328638 0.08538732394366197 0.16725352112676056
0 0.5994718309859155 0.9694835680751174 0.07658450704225352 0.13615023474178403
0 0.6861795774647887 0.9991197183098591 0.07922535211267606 0.1742957746478873
0 0.7629841549295775 0.9947183098591549 0.06734154929577464 0.16901408450704225
0 0.8336267605633803 0.988556338028169 0.06338028169014084 0.17077464788732394
0 0.43617957746478875 1.0143779342723005 0.07130281690140845 0.17781690140845072
0 0.36377640845070425 0.948943661971831 0.0761443661971831 0.09154929577464789
0 0.29401408450704225 0.9671361502347418 0.06866197183098592 0.12793427230046947
0 0.9159330985915493 0.9982394366197183 0.08274647887323944 0.18309859154929578
0 0.8125 0.6684272300469484 0.09330985915492958 0.1068075117370892
0 1.0743838028169015 0.6569835680751174 0.1153169014084507 0.17781690140845072
0 1.0600792253521127 0.9756455399061033 0.16153169014084506 0.18251173708920188
0 0.07262323943661972 0.29401408450704225 0.14348591549295775 0.31103286384976525
0 0.05743838028169014 0.06866197183098592 0.11399647887323944 0.13615023474178403
