0 0.8177816901408451 0.08509389671361503 0.9146928777772269 0.2247153204831493
0 0.7970950704225352 0.0005868544600938967 0.8843322644936521 0.083332988935176
0 0.6316021126760564 0.09683098591549295 0.7123100342813926 0.22470843252000264
0 0.4722711267605634 0.3174882629107981 0.6450386130604048 0.5667150890475875
0 0.6465669014084507 0.35563380281690143 0.7946097856948026 0.5567161773457647
0 0.5404929577464789 0.0886150234741784 0.6216811210573299 0.21356301935242125
0 0.2539612676056338 0.6414319248826291 0.36432484099137075 0.7619475164760078
0 0.6514084507042254 0.6502347417840375 0.7712801899424717 0.7754400030858075
0 0.06338028169014084 0.06866197183098592 0.142577737552073 0.19362167724657806
0 0.7169894366197183 0.09330985915492958 0.8130647053536004 0.22118937214838325
0 0.4449823943661972 0.07981220657276995 0.5310541450729022 0.20887334964403004
0 0.2794894366197183 0.34683098591549294 0.45190163317050186 0.5520265076373735
0 0.1505281690140845 0.0715962441314554 0.23893022527772265 0.19948849985673037
0 0.8860035211267606 0.3485915492957746 0.9727614421121801 0.4604761786682537
0 0.8688380281690141 0.4677230046948357 0.95560350438901 0.5578241062179021
0 0.7940140845070423 0.3515258215962441 0.8812526346459035 0.4593007477572792
0 0.7948943661971831 0.46068075117370894 0.8720092894514977 0.5654573469770107
0 0.3675176056338028 0.7775821596244131 0.5112819024623091 0.9860460198593753
0 0.6764964788732394 0.7975352112676056 0.8240860490850029 0.9965976906037162
0 0.5211267605633803 0.7857981220657277 0.671865701249752 0.999
0 0.207306338028169 0.7699530516431925 0.3507010095343186 0.9854636425753268
0 0.043133802816901406 0.7617370892018779 0.19408312772763342 0.9795999195485904
0 0.9313380281690141 0.8080985915492958 0.9987097984030946 0.9989389092772598
0 0.0013204225352112676 0.06572769953051644 0.051055756856278514 0.1983182349181159
0 0.6927816901408451 0.0035211267605633804 0.7633394446786351 0.0903735204655161
0 0.610475352112676 0.0035211267605633804 0.6903122907781194 0.08685239370495272
0 0.48547535211267606 0.0005868544600938967 0.5684482942992461 0.08509355231545769
0 0.3987676056338028 0.007042253521126761 0.4852998382017457 0.07804751041460029
0 0.2007042253521127 0.28169014084507044 0.27984123933743305 0.4851633273821332
