0 0.152068661971831 0.23943661971830985 0.1113556338028169 0.32981220657276994
0 0.3074383802816901 0.25528169014084506 0.19410211267605634 0.3884976525821596
0 0.48481514084507044 0.2136150234741784 0.1368838028169014 0.3192488262910798
0 0.6227992957746479 0.23796948356807512 0.1487676056338028 0.29870892018779344
0 0.7559419014084507 0.20305164319248825 0.12015845070422536 0.2640845070422535
0 0.8886443661971831 0.22740610328638497 0.13204225352112675 0.2505868544600939
0 1.0233274647887325 0.221537558685446 0.10651408450704225 0.20363849765258216
0 0.6459066901408451 0.5692488262910798 0.13336267605633803 0.25
0 0.7665052816901409 0.568368544600939 0.09727112676056338 0.20011737089201878
0 0.5140845070422535 0.5865610328638498 0.10211267605633803 0.25410798122065725
0 0.8972271126760564 0.5727699530516432 0.14128521126760563 0.20187793427230047
0 1.0272887323943662 0.5727699530516432 0.09859154929577464 0.18779342723004694
0 0.6419454225352113 0.8720657276995305 0.1307218309859155 0.1936619718309859
0 0.5048415492957746 0.891725352112676 0.12588028169014084 0.23650234741784038
0 0.7658450704225352 0.8791079812206573 0.09066901408450705 0.18661971830985916
0 0.8919454225352113 0.8884976525821596 0.13600352112676056 0.20539906103286384
0 1.0112235915492958 0.8670774647887324 0.08670774647887323 0.159037558685446
0 1.1080545774647887 0.9049295774647887 0.06558098591549295 0.21713615023474178
0 0.26452464788732394 0.8838028169014085 0.3107394366197183 0.25234741784037557
0 0.03609154929577465 0.24031690140845072 0.06866197183098592 0.3174882629107981
