0 0.2304137323943662 0.9776995305164319 0.21875 0.176056338028169
0 0.23503521126760563 0.6399647887323944 0.0801056338028169 0.09800469483568075
0 0.0724031690140845 0.39231220657276994 0.07878521126760564 0.1238262910798122
0 0.5611795774647887 0.32130281690140844 0.1267605633802817 0.20011737089201878
0 0.8001760563380281 0.3078051643192488 0.11795774647887323 0.13086854460093897
0 0.6855193661971831 0.3119131455399061 0.1034330985915493 0.16725352112676056
0 0.9289172535211268 0.3500586854460094 0.11663732394366197 0.17781690140845072
0 1.075924295774648 0.36208920187793425 0.12544014084507044 0.21948356807511737
0 0.4654489436619718 0.9688967136150235 0.18882042253521128 0.18309859154929578
0 0.6835387323943662 0.8755868544600939 0.19278169014084506 0.07276995305164319
0 0.8358274647887324 0.9107981220657277 0.12940140845070422 0.20539906103286384
0 0.6731954225352113 0.9850352112676056 0.18529929577464788 0.12617370892018778
0 0.9986795774647887 0.9107981220657277 0.18661971830985916 0.20187793427230047
0 0.7202904929577465 0.664906103286385 0.1993838028169014 0.1619718309859155
0 0.8758802816901409 0.6786971830985915 0.07746478873239436 0.13791079812206572
0 0.9592869718309859 0.6795774647887324 0.07086267605633803 0.15375586854460094
0 1.0691021126760563 0.6848591549295775 0.05545774647887324 0.15375586854460094
0 1.0193661971830985 0.676056338028169 0.04929577464788732 0.1572769953051643
0 0.07636443661971831 0.6279342723004695 0.09198943661971831 0.09507042253521127
0 0.17693661971830985 0.6226525821596244 0.04401408450704225 0.06690140845070422
0 0.9859154929577465 0.09213615023474178 0.13468309859154928 0.17253521126760563
0 0.06536091549295775 0.12323943661971831 0.11663732394366197 0.2347417840375587
0 0.17165492957746478 0.10768779342723005 0.0880281690140845 0.20011737089201878
0 0.14392605633802816 0.40874413145539906 0.06602112676056338 0.1402582159624413
0 0.19630281690140844 0.3899647887323944 0.04929577464788732 0.11561032863849766
0 0.3105193661971831 0.4234154929577465 0.17473591549295775 0.1273474178403756
0 0.30875880281690143 0.31660798122065725 0.16857394366197184 0.0897887323943662
0 0.3074383802816901 0.21449530516431925 0.18882042253521128 0.11091549295774648
0 0.3107394366197183 0.0988849765258216 0.19278169014084506 0.1073943661971831
0 0.4804137323943662 0.0619131455399061 0.1307218309859155 0.11913145539906103
0 0.6584507042253521 0.04988262910798122 0.176056338028169 0.09507042253521127
0 0.8356073943661971 0.04019953051643192 0.06998239436619719 0.07570422535211267
0 0.44784330985915494 0.4069835680751174 0.0761443661971831 0.20246478873239437
