0 0.7099471830985915 0.005868544600938967 0.984282593669411 0.6426021898212436
0 0.6558098591549296 0.653169014084507 0.8773521963648085 0.999
0 0.1056338028169014 0.01936619718309859 0.30761195695298554 0.1296834705415592
0 0.13160211267605634 0.142018779342723 0.31772376667575875 0.28336735987127776
0 0.1443661971830986 0.301056338028169 0.3370843458639159 0.49747590590491303
0 0.3503521126760563 0.6150234741784038 0.511729598541956 0.7719395402146841
0 0.34903169014084506 0.7822769953051644 0.531096376896945 0.9097521848619101
0 0.34507042253521125 0.9219483568075117 0.5363798105534616 0.999
0 0.1637323943661972 0.9272300469483568 0.3410370896151557 0.999
0 0.14040492957746478 0.653169014084507 0.34500862459085496 0.8129969665410302
0 0.5171654929577465 0.4994131455399061 0.6670258954696489 0.6681341472150588
0 0.5325704225352113 0.3145539906103286 0.7110331996379686 0.5045102382684212
0 0.0008802816901408451 0.9841549295774648 0.16021088015770682 0.999
0 0.007042253521126761 0.8274647887323944 0.15096521027573892 0.9719322389737486
0 0.0017605633802816902 0.647887323943662 0.1404041546816108 0.8147606295047279
0 0.0008802816901408451 0.45774647887323944 0.15360876748165048 0.6217970971368114
0 0.15845070422535212 0.511150234741784 0.34103941430271767 0.6264605925852454
0 0.0008802816901408451 0.1267605633802817 0.13292214776334063 0.44769556304965946
0 0.32438380281690143 0.13145539906103287 0.4809311691008728 0.41130783133857923
0 0.3283450704225352 0.01232394366197183 0.5104188622049196 0.12792703993916552
0 0.883362676056338 0.999 0.999 0.999
0 0.8912852112676056 0.7998826291079812 0.999 0.9044601627763451
0 0.8912852112676056 0.9254694835680751 0.999 0.999
0 0.999 0.5651408450704225 0.999 0.7344101286120479
0 0.999 0.886150234741784 0.999 0.999
0 0.519806338028169 0.005868544600938967 0.7097183950976989 0.1590341147038727
0 0.4850352112676056 0.15082159624413147 0.7110541218260266 0.29744670094117126
0 0.34507042253521125 0.4184272300469484 0.517013613370363 0.6094962281513809
