0 0.6511883802816901 0.39231220657276994 0.10255281690140845 0.16255868544600938
0 0.7522007042253521 0.4061032863849765 0.07922535211267606 0.1619718309859155
0 0.8362676056338029 0.3846830985915493 0.06602112676056338 0.11561032863849766
0 0.9295774647887324 0.38967136150234744 0.07394366197183098 0.1467136150234742
0 0.8576144366197183 0.6203051643192489 0.19674295774647887 0.12441314553990611
0 0.18661971830985916 0.397593896713615 0.11003521126760564 0.10387323943661972
0 0.47315140845070425 0.8817488262910798 0.16285211267605634 0.12265258215962441
0 0.3003961267605634 0.8990610328638498 0.1386443661971831 0.08450704225352113
0 0.1056338028169014 0.9128521126760564 0.18661971830985916 0.1637323943661972
0 0.07570422535211267 0.6502347417840375 0.13996478873239437 0.1396713615023474
0 0.5184859154929577 0.09301643192488263 0.09859154929577464 0.16725352112676056
0 0.5941901408450704 0.09565727699530517 0.040492957746478875 0.17253521126760563
0 0.40911091549295775 0.058392018779342726 0.10783450704225352 0.11561032863849766
0 0.2737676056338028 0.09536384976525822 0.05193661971830986 0.18603286384976525
0 0.207306338028169 0.08421361502347417 0.06866197183098592 0.1637323943661972
0 0.0880281690140845 0.0636737089201878 0.09154929577464789 0.10856807511737089
0 0.3314260563380282 0.0886150234741784 0.05017605633802817 0.15845070422535212
0 0.7154489436619719 0.10240610328638497 0.10871478873239436 0.20011737089201878
0 0.9152728873239436 0.10768779342723005 0.053257042253521125 0.20011737089201878
0 1.0272887323943662 0.11971830985915492 0.1426056338028169 0.2312206572769953
0 1.0220070422535212 0.42664319248826293 0.0801056338028169 0.11384976525821597
0 0.653169014084507 0.9066901408450704 0.17077464788732394 0.09272300469483569
0 0.8285651408450704 0.9008215962441315 0.15889084507042253 0.09154929577464789
0 0.48547535211267606 0.34917840375586856 0.06602112676056338 0.08333333333333333
0 0.2847711267605634 0.38438967136150237 0.07394366197183098 0.07394366197183098
0 0.6674735915492958 0.6382042253521126 0.144806338028169 0.16725352112676056
0 0.3230633802816901 0.6502347417840375 0.07746478873239436 0.1467136150234742
0 0.4324383802816901 0.6399647887323944 0.09463028169014084 0.15669014084507044
0 0.538512323943662 0.6314553990610329 0.10519366197183098 0.1643192488262911
