0 0.570862676056338 0.11619718309859155 0.7008931062165245 0.3467627950803412
0 0.18441901408450703 0.6038732394366197 0.3221019282508431 0.837086928850096
0 0.6778169014084507 0.7247652582159625 0.803838989039873 0.9297389875245211
0 0.3701584507042254 0.15845070422535212 0.46462581054106333 0.3696253223566752
0 0.8213028169014085 0.6232394366197183 0.9670680885488989 0.8493995073728757
0 0.19718309859154928 0.10856807511737089 0.2886456060305495 0.30920858681037716
0 0.10123239436619719 0.15375586854460094 0.2077019223616346 0.32033230289404657
0 0.00044014084507042255 0.14084507042253522 0.0818660034591351 0.3397060768366065
0 0.2948943661971831 0.1426056338028169 0.37531034578952593 0.32209940983931756
0 0.2011443661971831 0.8210093896713615 0.3269361160360048 0.9484618489497233
0 0.9392605633802817 0.15669014084507044 0.9982661705266812 0.36962635555114726
0 0.3613556338028169 0.755868544600939 0.4853163047386432 0.9631714386475347
0 0.4845950704225352 0.7576291079812206 0.6067409352683 0.9631704054530627
0 0.9212147887323944 0.7235915492957746 0.9982741132091847 0.9438241833630893
0 0.07570422535211267 0.03931924882629108 0.17866386257686967 0.16136190184928034
0 0.2830105633802817 0.04870892018779343 0.38235782985766714 0.15666155579801186
0 0.784330985915493 0.7928403755868545 0.9138273191083118 0.9625628871035289
0 0.40316901408450706 0.6320422535211268 0.5235901544832374 0.803032839053098
0 0.4022887323943662 0.05985915492957746 0.47781589404384056 0.15078646763208356
0 0.7200704225352113 0.6026995305164319 0.8157041943562785 0.7197167256276312
0 0.8776408450704225 0.5193661971830986 0.9859693482195994 0.6217609353302916
