0 0.04841549295774648 0.9190140845070423 0.09595070422535211 0.22065727699530516
0 0.1780369718309859 0.9480633802816901 0.14744718309859156 0.16255868544600938
0 0.33340669014084506 0.9533450704225352 0.15272887323943662 0.16255868544600938
0 0.48811619718309857 0.9738849765258216 0.15140845070422534 0.13438967136150234
0 0.6408450704225352 0.9680164319248826 0.15140845070422534 0.12969483568075119
0 0.7753080985915493 0.9275234741784038 0.1307218309859155 0.19307511737089203
0 0.940580985915493 0.9342723004694836 0.18661971830985916 0.20422535211267606
0 0.06734154929577464 0.6208920187793427 0.1329225352112676 0.13262910798122066
0 0.6324823943661971 0.6173708920187794 0.14524647887323944 0.15023474178403756
0 0.796875 0.6200117370892019 0.16593309859154928 0.14847417840375587
0 0.9652288732394366 0.568368544600939 0.176056338028169 0.2142018779342723
0 0.36377640845070425 0.647593896713615 0.15625 0.09683098591549295
0 0.5022007042253521 0.636443661971831 0.10211267605633803 0.12617370892018778
0 0.35651408450704225 0.5140845070422535 0.176056338028169 0.13615023474178403
0 0.7676056338028169 0.4750586854460094 0.1954225352112676 0.13438967136150234
0 0.5055017605633803 0.477112676056338 0.10871478873239436 0.17253521126760563
0 0.04203345070422535 0.19718309859154928 0.08318661971830986 0.22417840375586853
0 0.12764084507042253 0.1954225352112676 0.07746478873239436 0.22769953051643194
0 0.3274647887323944 0.1643192488262911 0.07130281690140845 0.2863849765258216
0 0.4044894366197183 0.16109154929577466 0.08274647887323944 0.272887323943662
0 0.4951584507042254 0.16343896713615025 0.10123239436619719 0.2811032863849765
0 0.5972711267605634 0.19483568075117372 0.08538732394366197 0.1983568075117371
0 0.690580985915493 0.18251173708920188 0.09066901408450705 0.24647887323943662
0 0.7845510563380281 0.18603286384976525 0.0840669014084507 0.2535211267605634
0 0.8512323943661971 0.2153755868544601 0.04929577464788732 0.19483568075117372
0 0.9049295774647887 0.2153755868544601 0.05545774647887324 0.19483568075117372
0 1.0050616197183098 0.22916666666666666 0.1500880281690141 0.18838028169014084
0 0.24515845070422534 0.6408450704225352 0.08538732394366197 0.09624413145539906
0 1.0904489436619718 1.0076291079812207 0.10079225352112677 0.19131455399061034
0 1.09375 0.7541079812206573 0.09419014084507042 0.3192488262910798
