0 0.11355633802816902 0.15610328638497653 0.2116577656962904 0.4265515825784125
0 0.6205985915492958 0.5475352112676056 0.7048324830142829 0.7819556718243735
0 0.6919014084507042 0.8515258215962441 0.9702060293096608 0.999
0 0.707306338028169 0.5404929577464789 0.8003048827737551 0.7749175510811347
0 0.31117957746478875 0.5616197183098591 0.49546162870710175 0.7772525705878464
0 0.5519366197183099 0.17136150234741784 0.6375211546568141 0.41069755780378675
0 0.6377640845070423 0.17488262910798122 0.7241911249628049 0.4130429092552183
0 0.8279049295774648 0.5633802816901409 0.9362553235345169 0.7719698472525293
0 0.7231514084507042 0.21830985915492956 0.7800514298378297 0.4165385505521391
0 0.23987676056338028 0.1942488262910798 0.3537676598765126 0.41655267087658976
0 0.7821302816901409 0.19131455399061034 0.8689339215309463 0.4183149562476581
0 0.999 0.6690140845070423 0.999 0.8804759307015804
0 0.6223591549295775 0.9254694835680751 0.6837049475550485 0.999
0 0.0030809859154929575 0.8726525821596244 0.10035075660831184 0.999
0 0.13380281690140844 0.8703051643192489 0.18920167129537788 0.999
0 0.999 0.999 0.999 0.999
0 0.6117957746478874 0.7012910798122066 0.6128469208738346 0.7008795240141947
0 0.008362676056338027 0.18661971830985916 0.09902800938553857 0.4247731104939496
0 0.37235915492957744 0.21948356807511737 0.5469311799494148 0.41829842513610616
0 0.519806338028169 0.5580985915492958 0.6049648739709382 0.7854705994181049
0 0.0030809859154929575 0.5733568075117371 0.30237540449563577 0.7889827718265776
