0 0.00044014084507042255 0.02992957746478873 0.18441882036054355 0.16958337466111223
0 0.18838028169014084 0.02640845070422535 0.3656741283971434 0.17486713119090125
0 0.3670774647887324 0.022887323943661973 0.5557363215383853 0.17486919757984526
0 0.5651408450704225 0.017605633802816902 0.7255435119519937 0.18660938636513918
0 0.7411971830985915 0.02992957746478873 0.8729132054651855 0.1918838441446803
0 0.8860035211267606 0.052230046948356805 0.999 0.21123695419780025
0 0.999 0.0539906103286385 0.999 0.21827817452445503
0 0.08362676056338028 0.3767605633802817 0.24380122061594925 0.5490746710308801
0 0.24295774647887325 0.3732394366197183 0.3810550362031343 0.5355790848376645
0 0.37588028169014087 0.24237089201877934 0.5297641371999603 0.40948217670656173
0 0.5365316901408451 0.26115023474178406 0.6995877941504661 0.42120824516740507
0 0.6998239436619719 0.25586854460093894 0.8548856408698671 0.39891087526725294
0 0.8578345070422535 0.2764084507042254 0.999 0.4024199480923097
0 0.8679577464788732 0.4524647887323944 0.999 0.5595936239502745
0 0.6932218309859155 0.43896713615023475 0.8575293917997421 0.5631226718684564
0 0.5299295774647887 0.42488262910798125 0.6890273197282285 0.5508069937622606
0 0.38116197183098594 0.42018779342723006 0.5350435026532434 0.5543308757080826
0 0.999 0.4647887323943662 0.999 0.5713234807908484
0 0.999 0.34917840375586856 0.999 0.45167301736868787
0 0.33186619718309857 0.8843896713615024 0.5068961856526484 0.999
0 0.5079225352112676 0.903169014084507 0.6709912312785161 0.999
0 0.6712147887323944 0.9688967136150235 0.8135249934908748 0.999
0 0.8252640845070423 0.9154929577464789 0.9917142323571712 0.999
0 0.1443661971830986 0.7183098591549296 0.3097956134695497 0.8475831514911063
0 0.35651408450704225 0.6132629107981221 0.5117268864064669 0.8147809489960105
0 0.5158450704225352 0.6009389671361502 0.6555828146697084 0.8112670545967511
0 0.6597711267605634 0.6596244131455399 0.7836004528491372 0.8094720514007362
0 0.8019366197183099 0.6320422535211268 0.9296646405723071 0.8130093648746941
0 0.00044014084507042255 0.6068075117370892 0.14172515838871255 0.8306298077982763
0 0.0030809859154929575 0.886150234741784 0.16109019322803014 0.999
0 0.15977112676056338 0.8908450704225352 0.3229930584829399 0.999
0 0.007042253521126761 0.23708920187793428 0.15580675957151358 0.3349547598580529
0 0.00044014084507042255 0.4055164319248826 0.08230614430420552 0.5402549786197623
