0 0.06910211267605634 0.029342723004694836 0.12364916280251935 0.20127385990434
0 0.013644366197183098 0.029342723004694836 0.06513483962755405 0.20127385990434
0 0.15184859154929578 0.11737089201877934 0.2494930243875223 0.2528653926690031
0 0.2671654929577465 0.13849765258215962 0.360357761666832 0.25285299433533914
0 0.3772007042253521 0.14788732394366197 0.4765065137745487 0.24287095814322554
0 0.4894366197183099 0.13849765258215962 0.580330353600476 0.24170275959355508
0 0.5972711267605634 0.15082159624413147 0.6986807785533625 0.2405218183120633
0 0.7209507042253521 0.12969483568075119 0.813062961837929 0.2499238880072296
0 0.8371478873239436 0.1637323943661972 0.9604590018101566 0.24579593169344707
0 0.999 0.13145539906103287 0.999 0.2628336529348233
0 0.0409330985915493 0.24882629107981222 0.09945381465731006 0.4218023319888029
0 0.11223591549295775 0.24589201877934272 0.15091891024846263 0.41065381923780553
0 0.0022007042253521128 0.24589201877934272 0.0312490313801825 0.42297776289977734
0 0.19278169014084506 0.34507042253521125 0.27236233200257887 0.4540228459961648
0 0.2966549295774648 0.33392018779342725 0.3678271765274747 0.44287915481937007
0 0.3899647887323944 0.3257042253521127 0.4641769521176354 0.4329074505719765
0 0.4788732394366197 0.33274647887323944 0.5772540170601071 0.4258610642729617
0 0.5911091549295775 0.33392018779342725 0.6894405329423725 0.42879464777711657
0 0.7051056338028169 0.33098591549295775 0.8707283866048403 0.4287963697679032
0 0.8930457746478874 0.340962441314554 0.999 0.42879051499922854
0 0.999 0.33392018779342725 0.999 0.4299683566973043
0 0.999 0.517018779342723 0.999 0.5977012800590712
0 0.9639084507042254 0.5046948356807511 0.999 0.6106193105424409
0 0.866637323943662 0.5088028169014085 0.9520833462482643 0.596532392713086
0 0.7610035211267606 0.5088028169014085 0.8579396991544337 0.579513613370363
0 0.6267605633802817 0.5070422535211268 0.7030692074985122 0.6018151160484031
0 0.5272887323943662 0.5158450704225352 0.6190460877058124 0.6088522035971698
0 0.43705985915492956 0.517018779342723 0.5152125616817099 0.6217623129229208
0 0.355193661971831 0.5140845070422535 0.4325021154656814 0.6106138001719236
0 0.26188380281690143 0.5199530516431925 0.329110086354394 0.6129577740307258
0 0.18045774647887325 0.528169014084507 0.23979733373834558 0.5988684454142696
0 0.21170774647887325 0.7001173708920188 0.2934807624355287 0.7947769264255329
0 0.3248239436619718 0.7071596244131455 0.42943449650366994 0.7947727936476449
0 0.4476232394366197 0.6919014084507042 0.5165283348417973 0.7947817479997354
0 0.5259683098591549 0.6778169014084507 0.6076030069058719 0.7877477600343846
0 0.6183978873239436 0.6778169014084507 0.7206785220566356 0.7848134877339152
0 0.7323943661971831 0.670774647887324 0.8267022912120611 0.7836439115916154
0 0.840669014084507 0.6848591549295775 0.9248060435677444 0.7765933925147126
0 0.9357394366197183 0.6901408450704225 0.999 0.7795245652317663
0 0.999 0.6807511737089202 0.999 0.7765958033018141
0 0.999 0.846830985915493 0.999 0.9202776813462937
0 0.9441021126760564 0.8497652582159625 0.9854999550560406 0.9132337058343803
0 0.8477112676056338 0.8497652582159625 0.9195212538434835 0.9079520156935352
0 0.7746478873239436 0.8609154929577465 0.84208862328903 0.9372881951332408
0 0.6580105633802817 0.8620892018779343 0.7541117911252728 0.9443297598580528
0 0.5532570422535211 0.869131455399061 0.6423621227806983 0.9496073172210099
0 0.4515845070422535 0.8814553990610329 0.5363329293542948 0.9454921036390487
0 0.34683098591549294 0.8720657276995305 0.43558678213648083 0.9372816515682515
0 0.25880281690140844 0.8791079812206573 0.32999172411227934 0.9566437159734621
0 0.15625 0.8679577464788732 0.22924460827464788 0.9525422783177941
0 0.06382042253521127 0.8732394366197183 0.1350951494619123 0.9284781458705283
0 0.00528169014084507 0.8568075117370892 0.04401175981948026 0.9232060988780886
0 0.09022887323943662 0.4818075117370892 0.14872789222128546 0.6059379063898257
0 0.012764084507042254 0.4794600938967136 0.06909649468111485 0.6217843544049902
0 0.018926056338028168 0.6748826291079812 0.06821350085548503 0.8041814069078005
0 0.08714788732394366 0.6778169014084507 0.14036657223269192 0.7889214689545725
0 0.1602112676056338 0.6807511737089202 0.19359145630827218 0.8030042540060395
0 0.9335387323943662 0.007042253521126761 0.999 0.05339962309065662
0 0.8050176056338029 0.0011737089201877935 0.923941453518647 0.05046879477176045
0 0.659330985915493 0.004107981220657277 0.7981252944604246 0.043424819259847036
0 0.53125 0.007042253521126761 0.6555760343309859 0.04870478740990544
0 0.33098591549295775 0.004107981220657277 0.5143789674667725 0.046359091560316514
0 0.2244718309859155 0.015258215962441314 0.3207638768349534 0.04165771231457603
0 0.13424295774647887 0.011150234741784037 0.2147296465854989 0.04870237662280411
