0 0.10695422535211267 0.11942488262910798 0.0880281690140845 0.20833333333333334
0 0.257262323943662 0.09154929577464789 0.12015845070422536 0.17136150234741784
0 0.3941461267605634 0.08039906103286384 0.13424295774647887 0.14906103286384975
0 0.5459947183098591 0.09653755868544601 0.14040492957746478 0.17077464788732394
0 0.6817781690140845 0.1073943661971831 0.11443661971830986 0.19014084507042253
0 0.8100792253521126 0.11179577464788733 0.12544014084507044 0.20950704225352113
0 0.9537852112676056 0.10768779342723005 0.12147887323943662 0.1813380281690141
0 1.0836267605633803 0.11384976525821597 0.05897887323943662 0.13849765258215962
0 0.03433098591549296 0.35768779342723006 0.06778169014084508 0.1789906103286385
0 0.12786091549295775 0.3550469483568075 0.10695422535211267 0.19248826291079812
0 0.2720070422535211 0.3506455399061033 0.125 0.19307511737089203
0 0.41241197183098594 0.340962441314554 0.10827464788732394 0.18427230046948356
0 0.5448943661971831 0.35563380281690143 0.13028169014084506 0.18309859154929578
0 0.6912411971830986 0.37470657276995306 0.12455985915492958 0.18720657276995306
0 0.8228433098591549 0.36678403755868544 0.12367957746478873 0.19718309859154928
0 0.956205985915493 0.36414319248826293 0.12279929577464789 0.20011737089201878
0 1.0935299295774648 0.3562206572769953 0.06205985915492958 0.14788732394366197
0 1.1003521126760563 0.6106220657276995 0.06514084507042253 0.16725352112676056
0 1.0889084507042253 0.8321596244131455 0.05457746478873239 0.14906103286384975
0 1.0275088028169015 1.039612676056338 0.053257042253521125 0.12265258215962441
0 1.0996919014084507 1.0522300469483568 0.06382042253521127 0.10915492957746478
0 0.9251760563380281 0.9451291079812206 0.10475352112676056 0.1637323943661972
0 0.813600352112676 0.9618544600938967 0.09551056338028169 0.1607981220657277
0 0.6932218309859155 0.9671361502347418 0.1056338028169014 0.1619718309859155
0 0.5671214788732394 0.9606807511737089 0.1131161971830986 0.15258215962441316
0 0.43067781690140844 0.9310446009389671 0.10695422535211267 0.15786384976525822
0 0.2975352112676056 0.9151995305164319 0.07746478873239436 0.14847417840375587
0 0.16461267605633803 0.9257629107981221 0.136443661971831 0.18603286384976525
0 0.05149647887323944 0.9069835680751174 0.07746478873239436 0.16490610328638497
0 0.12830105633802816 0.6672535211267606 0.13336267605633803 0.18896713615023475
0 0.2909330985915493 0.6607981220657277 0.09330985915492958 0.1983568075117371
0 0.41923415492957744 0.6828051643192489 0.1131161971830986 0.1942488262910798
0 0.538512323943662 0.6854460093896714 0.11751760563380281 0.1772300469483568
0 0.6690140845070423 0.6904342723004695 0.1311619718309859 0.20950704225352113
0 0.8054577464788732 0.7051056338028169 0.11003521126760564 0.1942488262910798
0 0.9522447183098591 0.70481220657277 0.10167253521126761 0.19131455399061034
0 0.03147007042253521 0.10416666666666667 0.05237676056338028 0.1965962441314554
