0 0.999 0.5921361502347418 0.999 0.721483488174745
0 0.5924295774647887 0.3456572769953052 0.6775561489535806 0.5238581823491811
0 0.6852992957746479 0.34976525821596244 0.7655434422113667 0.5197477903414226
0 0.6047535211267606 0.034624413145539906 0.6859134007389407 0.2881252204148207
0 0.6949823943661971 0.03873239436619718 0.7796236873264233 0.2781462838061231
0 0.5105633802816901 0.035211267605633804 0.5886837309065662 0.26699811545328306
0 0.4159330985915493 0.04929577464788732 0.4998169308544932 0.28224806585994844
0 0.8727992957746479 0.052230046948356805 0.9516404932677048 0.2781383626485045
0 0.4163732394366197 0.3456572769953052 0.49321462445447334 0.5150553654477728
0 0.5092429577464789 0.6109154929577465 0.5790012134869074 0.7379043923163394
0 0.5052816901408451 0.3591549295774648 0.5820839429180718 0.5226765522713748
0 0.1800176056338028 0.7353286384976526 0.3022975274623091 0.7918219902356235
0 0.12852112676056338 0.20539906103286384 0.26666878471533423 0.4453019958562014
0 0.025528169014084508 0.5434272300469484 0.17164369358758183 0.79780315303401
0 0.30809859154929575 0.06279342723004695 0.4065545340706209 0.27637160010139084
0 0.9546654929577465 0.08215962441314555 0.999 0.2681442725208843
0 0.8961267605633803 0.5950704225352113 0.9463485357567943 0.6956601699398268
0 0.1954225352112676 0.511150234741784 0.3018506062785162 0.6968831277965131
0 0.4546654929577465 0.6091549295774648 0.501560446525987 0.7719429841962574
0 0.3772007042253521 0.6179577464788732 0.45009806307032335 0.7695904003835218
0 0.3261443661971831 0.3573943661971831 0.39818391533177944 0.5220907310057529
0 0.0840669014084507 0.004694835680751174 0.24556159027226737 0.12030240913399018
0 0.008802816901408451 0.2306338028169014 0.09990809735171594 0.4247472806321497
0 0.6857394366197183 0.6091549295774648 0.7342932484874033 0.7062152846657409
0 0.6056338028169014 0.590962441314554 0.6784306189248165 0.7291132849522802
0 0.7860915492957746 0.04342723004694836 0.8689321780152747 0.2722749840199255
0 0.8397887323943662 0.3380281690140845 0.9133627690438405 0.5168204060040997
0 0.999 0.392018779342723 0.999 0.5126807401529679
0 0.999 0.3673708920187793 0.999 0.5097609325751064
0 0.9639084507042254 0.6003521126760564 0.999 0.7208918121404483
0 0.9529049295774648 0.36561032863849763 0.999 0.5244333272719258
0 0.7847711267605634 0.3568075117370892 0.8315207873561794 0.5156356763428773
0 0.9683098591549296 0.8039906103286385 0.999 0.8886126815667086
0 0.999 0.585093896713615 0.999 0.7279430200136656
0 0.19454225352112675 0.8644366197183099 0.3066925430222178 0.958412889307677
0 0.8235035211267606 0.8556338028169014 0.8904826128868281 0.9114696984725252
0 0.047975352112676055 0.9014084507042254 0.12894015169361236 0.9589780466838591
0 0.6654929577464789 0.8767605633802817 0.7316613147193017 0.9237812438008332
0 0.7495598591549296 0.9465962441314554 0.8090891021746677 0.9918153777910027
0 0.8226232394366197 0.8104460093896714 0.9199724369544733 0.8604398791024709
0 0.999 0.05575117370892019 0.999 0.27402831503890324
0 0.7724471830985915 0.676056338028169 0.890505084866594 0.7278896382992792
0 0.4339788732394366 0.8732394366197183 0.5477843402846657 0.941388943992594
