0 0.5884683098591549 0.1772300469483568 0.12940140845070422 0.2711267605633803
0 0.7172095070422535 0.17634976525821597 0.12015845070422536 0.2658450704225352
0 0.8712588028169014 0.19718309859154928 0.18794014084507044 0.2312206572769953
0 0.563600352112676 0.5941901408450704 0.10871478873239436 0.3456572769953052
0 0.6808978873239436 0.5889084507042254 0.12059859154929578 0.3315727699530516
0 0.4414612676056338 0.5616197183098591 0.07922535211267606 0.352112676056338
0 0.3650968309859155 0.5633802816901409 0.0840669014084507 0.3485915492957746
0 0.44850352112676056 0.9565727699530516 0.16549295774647887 0.24530516431924881
0 0.6168573943661971 0.9756455399061033 0.14216549295774647 0.2834507042253521
0 0.20004401408450703 0.19571596244131456 0.16329225352112675 0.20715962441314553
0 0.06910211267605634 1.0249413145539905 0.13204225352112675 0.16725352112676056
0 0.2810299295774648 0.539906103286385 0.08142605633802817 0.3227699530516432
0 0.7975352112676056 0.647887323943662 0.07130281690140845 0.24530516431924881
0 0.8642165492957746 0.9586267605633803 0.07526408450704225 0.25880281690140844
0 0.7748679577464789 0.9568661971830986 0.07526408450704225 0.2658450704225352
0 0.8809419014084507 0.5630868544600939 0.09286971830985916 0.335093896713615
0 1.0347711267605635 0.7209507042253521 0.21214788732394366 0.17781690140845072
0 1.0470950704225352 0.5035211267605634 0.1875 0.20539906103286384
0 1.0556778169014085 0.19630281690140844 0.16857394366197184 0.3022300469483568
0 1.0206866197183098 0.9630281690140845 0.24031690140845072 0.16784037558685447
