0 0.3248239436619718 0.31015258215962443 0.11267605633802817 0.24002347417840375
0 0.46742957746478875 0.3051643192488263 0.11795774647887323 0.2300469483568075
0 0.4564260563380282 0.5363849765258216 0.12147887323943662 0.18427230046948356
0 0.3301056338028169 0.5305164319248826 0.12323943661971831 0.19014084507042253
0 0.2110475352112676 0.5372652582159625 0.11223591549295775 0.1789906103286385
0 0.1850792253521127 0.3136737089201878 0.12808098591549297 0.24002347417840375
0 0.6705545774647887 0.528462441314554 0.11751760563380281 0.2106807511737089
0 0.7852112676056338 0.5416666666666666 0.10387323943661972 0.19131455399061034
0 0.8879841549295775 0.5407863849765259 0.09991197183098592 0.2142018779342723
0 0.8752200704225352 0.306924882629108 0.09198943661971831 0.21244131455399062
0 0.7761883802816901 0.3189553990610329 0.10871478873239436 0.2153755868544601
0 0.6595510563380281 0.3171948356807512 0.11663732394366197 0.21889671361502347
0 0.9786531690140845 0.3145539906103286 0.09991197183098592 0.22065727699530516
0 0.9768926056338029 0.5319835680751174 0.07262323943661972 0.18955399061032863
0 0.05391725352112676 0.5070422535211268 0.10607394366197183 0.16784037558685447
0 0.04137323943661972 0.79518779342723 0.07658450704225352 0.19483568075117372
0 0.13798415492957747 0.7907863849765259 0.10607394366197183 0.20011737089201878
0 0.24471830985915494 0.7852112676056338 0.1073943661971831 0.20187793427230047
0 0.25110035211267606 0.9850352112676056 0.12015845070422536 0.16725352112676056
0 0.140625 0.9791666666666666 0.1034330985915493 0.16960093896713616
0 0.045994718309859156 0.9756455399061033 0.08054577464788733 0.16960093896713616
0 0.5008802816901409 0.977406103286385 0.10211267605633803 0.19307511737089203
0 0.5961707746478874 0.988556338028169 0.08318661971830986 0.1813380281690141
0 0.7495598591549296 0.9844483568075117 0.10475352112676056 0.20011737089201878
0 0.8452904929577465 0.9879694835680751 0.08934859154929578 0.1965962441314554
0 0.9436619718309859 0.9911971830985915 0.10211267605633803 0.18661971830985916
0 1.0576584507042253 0.9747652582159625 0.11795774647887323 0.20539906103286384
0 0.9372799295774648 0.7702464788732394 0.08142605633802817 0.13438967136150234
0 0.8419894366197183 0.772887323943662 0.09330985915492958 0.1467136150234742
0 0.7515404929577465 0.7720070422535211 0.07790492957746478 0.15551643192488263
0 0.5935299295774648 0.7893192488262911 0.09815140845070422 0.18661971830985916
0 0.38116197183098594 0.9231220657276995 0.09859154929577464 0.15375586854460094
0 0.4467429577464789 0.7658450704225352 0.1487676056338028 0.15375586854460094
0 0.5662411971830986 0.30164319248826293 0.07262323943661972 0.24647887323943662
0 0.5715228873239436 0.5105633802816901 0.07790492957746478 0.1431924882629108
0 1.0977112676056338 0.3136737089201878 0.08626760563380281 0.22946009389671362
0 1.097931338028169 0.5302230046948356 0.08142605633802817 0.19307511737089203
0 1.001980633802817 0.057511737089201875 0.10783450704225352 0.1068075117370892
0 0.8970070422535211 0.05575117370892019 0.10211267605633803 0.09976525821596244
0 0.7455985915492958 0.053110328638497656 0.19014084507042253 0.09096244131455399
0 0.5662411971830986 0.05076291079812206 0.11399647887323944 0.0897887323943662
0 0.4357394366197183 0.04548122065727699 0.12411971830985916 0.08274647887323944
0 0.3158010563380282 0.05134976525821596 0.09991197183098592 0.09448356807511737
0 0.20466549295774647 0.04548122065727699 0.0994718309859155 0.0897887323943662
0 0.10035211267605634 0.05076291079812206 0.1267605633802817 0.08274647887323944
0 1.0820862676056338 0.772887323943662 0.09198943661971831 0.1467136150234742
0 0.6808978873239436 0.7711267605633803 0.06866197183098592 0.16784037558685447
0 0.6692341549295775 0.9850352112676056 0.055897887323943664 0.1813380281690141
