0 0.0008802816901408451 0.20246478873239437 0.06602073931263638 0.42476381174370165
0 0.07658450704225352 0.1954225352112676 0.17822333428387224 0.4500026863056272
0 0.22007042253521128 0.1942488262910798 0.35509679999008137 0.39366534693292776
0 0.3657570422535211 0.16490610328638497 0.511282677358163 0.37314266073750796
0 0.5176056338028169 0.1789906103286385 0.6643848566752629 0.4206696064493377
0 0.670774647887324 0.2112676056338028 0.7875568773556834 0.42475864577134165
0 0.7931338028169014 0.20950704225352113 0.9301086558966475 0.47053432685313756
0 0.9463028169014085 0.20657276995305165 0.999 0.4247614009566003
0 0.999 0.2793427230046948 0.999 0.4165027331437766
0 0.999 0.4988262910798122 0.999 0.6704819094535915
0 0.9317781690140845 0.4876760563380282 0.999 0.6968969037228063
0 0.8133802816901409 0.5017605633802817 0.9261384769886928 0.698649201547312
0 0.6747359154929577 0.4865023474178404 0.8148438662343781 0.6986581558994027
0 0.5154049295774648 0.49178403755868544 0.6569034309288831 0.6939602206352354
0 0.38688380281690143 0.4694835680751174 0.5007099983262249 0.6845836364037119
0 0.22315140845070422 0.4865023474178404 0.36477854251388614 0.6998318648195905
0 0.0682218309859155 0.4847417840375587 0.19187138123636183 0.7109831327558465
0 0.0030809859154929575 0.49471830985915494 0.058537376326621704 0.6957190620247306
0 0.04929577464788732 0.8327464788732394 0.19496069728228527 0.999
0 0.25132042253521125 0.8092723004694836 0.3647661441802222 0.999
0 0.37940140845070425 0.8075117370892019 0.5015935733237452 0.999
0 0.5070422535211268 0.8215962441314554 0.6441430271771473 0.999
0 0.6465669014084507 0.8186619718309859 0.775243588511704 0.999
0 0.7984154929577465 0.8327464788732394 0.9111802748710573 0.999
0 0.9432218309859155 0.8274647887323944 0.999 0.999
0 0.999 0.7435446009389671 0.999 0.9132960419008574
0 0.999 0.948943661971831 0.999 0.999
