0 0.6597711267605634 0.14553990610328638 0.8183715796097005 0.44064228878749806
0 0.53125 0.142018779342723 0.6489739216549296 0.34381336926094913
0 0.34242957746478875 0.15082159624413147 0.5117330855732989 0.4647002220679319
0 0.5431338028169014 0.42018779342723006 0.6617327756149572 0.6805045846282705
0 0.6698943661971831 0.4612676056338028 0.8003213493106526 0.6939781293394168
0 0.8899647887323944 0.13497652582159625 0.999 0.3819630419449404
0 0.17693661971830985 0.08509389671361503 0.2697284609948423 0.34736790264277373
0 0.1756161971830986 0.4166666666666667 0.2890952393498314 0.6558587636932707
0 0.051056338028169015 0.4113849765258216 0.17779442942868479 0.6664252435583768
0 0.0008802816901408451 0.07981220657276995 0.15845031677742513 0.37495316185060285
0 0.37235915492957744 0.4630281690140845 0.5249241376958936 0.6904559693843815
0 0.8331866197183099 0.3908450704225352 0.999 0.7063434007802685
0 0.6985035211267606 0.7634976525821596 0.8377207290840112 0.9267819849456678
0 0.5290492957746479 0.7564553990610329 0.6802248902747471 0.9285466811038374
0 0.3970070422535211 0.7529342723004695 0.5323956835201349 0.9232670573519363
0 0.16505281690140844 0.7411971830985915 0.3863710154855188 0.8992129124512332
0 0.0044014084507042256 0.7288732394366197 0.1522867951547312 0.8921778912914105
0 0.10167253521126761 0.9653755868544601 0.42381088356724855 0.999
0 0.43705985915492956 0.9823943661971831 0.6129238292873438 0.999
0 0.6258802816901409 0.9911971830985915 0.7475238202985519 0.999
0 0.7592429577464789 0.9982394366197183 0.8975531501066257 0.999
0 0.9053697183098591 0.999 0.999 0.999
0 0.8459507042253521 0.7687793427230047 0.999 0.9303000121228151
