0 0.12367957746478873 0.17634976525821597 0.09330985915492958 0.25528169014084506
0 0.24097711267605634 0.18368544600938966 0.08670774647887323 0.23826291079812206
0 0.3457306338028169 0.19806338028169015 0.09727112676056338 0.23650234741784038
0 0.46346830985915494 0.20422535211267606 0.09419014084507042 0.2347417840375587
0 0.5735035211267606 0.2039319248826291 0.09419014084507042 0.20011737089201878
0 0.6835387323943662 0.19982394366197184 0.12059859154929578 0.1954225352112676
0 0.7929137323943662 0.20011737089201878 0.09286971830985916 0.20539906103286384
0 0.8802816901408451 0.20334507042253522 0.07394366197183098 0.22946009389671362
0 0.9865757042253521 0.20598591549295775 0.12808098591549297 0.22769953051643194
0 1.066681338028169 0.48034037558685444 0.09463028169014084 0.19307511737089203
0 0.7755281690140845 0.43896713615023475 0.1073943661971831 0.19718309859154928
0 0.8758802816901409 0.44747652582159625 0.09066901408450705 0.2177230046948357
0 0.9665492957746479 0.44923708920187794 0.09066901408450705 0.2282863849765258
0 0.6602112676056338 0.4363262910798122 0.1153169014084507 0.20833333333333334
0 0.5598591549295775 0.4509976525821596 0.08538732394366197 0.20011737089201878
0 0.461487676056338 0.43720657276995306 0.09551056338028169 0.22769953051643194
0 0.35673415492957744 0.4345657276995305 0.10079225352112677 0.22593896713615025
0 0.2460387323943662 0.4336854460093897 0.09683098591549295 0.2312206572769953
0 0.3338468309859155 0.772887323943662 0.08934859154929578 0.25704225352112675
0 0.4570862676056338 0.7341549295774648 0.0840669014084507 0.24178403755868544
0 0.5618397887323944 0.7511737089201878 0.08934859154929578 0.18661971830985916
0 0.653169014084507 0.7505868544600939 0.08538732394366197 0.20539906103286384
0 0.7605633802816901 0.7356220657276995 0.11355633802816902 0.2142018779342723
0 0.8639964788732394 0.7409037558685446 0.0880281690140845 0.22476525821596244
0 0.9689700704225352 0.7253521126760564 0.07262323943661972 0.1936619718309859
0 0.957306338028169 0.9592136150234741 0.08538732394366197 0.22241784037558684
0 0.5638204225352113 0.988556338028169 0.08274647887323944 0.21889671361502347
0 0.6564700704225352 0.9577464788732394 0.07878521126760564 0.19483568075117372
0 0.4452024647887324 0.9782863849765259 0.09463028169014084 0.2300469483568075
0 0.25374119718309857 0.9671361502347418 0.09463028169014084 0.24530516431924881
0 0.25308098591549294 0.727112676056338 0.0801056338028169 0.24178403755868544
0 0.1643926056338028 0.7186032863849765 0.09463028169014084 0.22476525821596244
0 1.0946302816901408 0.20833333333333334 0.08274647887323944 0.20539906103286384
0 0.8342869718309859 0.9507042253521126 0.08054577464788733 0.16784037558685447
0 0.7555017605633803 0.9973591549295775 0.10607394366197183 0.18838028169014084
0 1.1067341549295775 0.7743544600938967 0.0682218309859155 0.21185446009389672
0 1.0807658450704225 0.9926643192488263 0.12015845070422536 0.20598591549295775
0 0.06602112676056338 0.6983568075117371 0.12852112676056338 0.8849765258215962
