0 0.12147887323943662 0.1875 0.12940140845070422 0.1965962441314554
0 0.41307218309859156 0.17400234741784038 0.09727112676056338 0.1813380281690141
0 0.6804577464788732 0.18544600938967137 0.1073943661971831 0.20657276995305165
0 0.5433538732394366 0.18779342723004694 0.11751760563380281 0.1784037558685446
0 0.45598591549295775 0.687206572769953 0.09154929577464789 0.13615023474178403
0 0.9273767605633803 0.46273474178403756 0.10035211267605634 0.159037558685446
0 0.2966549295774648 0.176056338028169 0.09330985915492958 0.215962441314554
0 0.3100792253521127 0.6716549295774648 0.08846830985915492 0.11795774647887323
0 0.6912411971830986 0.7165492957746479 0.09551056338028169 0.15375586854460094
0 0.3118397887323944 0.4213615023474178 0.07790492957746478 0.15258215962441316
0 0.9132922535211268 0.6974765258215962 0.0994718309859155 0.1613849765258216
0 0.09375 0.6869131455399061 0.06866197183098592 0.159037558685446
0 0.8096390845070423 0.46919014084507044 0.08230633802816902 0.1402582159624413
0 0.6985035211267606 0.4498239436619718 0.11179577464788733 0.1789906103286385
0 0.17627640845070422 0.46068075117370894 0.12720070422535212 0.16666666666666666
0 0.4352992957746479 0.4357394366197183 0.11355633802816902 0.1613849765258216
0 0.5642605633802817 0.45892018779342725 0.11619718309859155 0.18309859154929578
0 0.8063380281690141 0.738849765258216 0.08890845070422536 0.16549295774647887
0 0.19784330985915494 0.6907276995305164 0.11399647887323944 0.16901408450704225
0 0.5847271126760564 0.7168427230046949 0.1113556338028169 0.15669014084507044
0 0.07482394366197183 0.4592136150234742 0.08098591549295775 0.16725352112676056
0 0.9551056338028169 0.1857394366197183 0.11707746478873239 0.22007042253521128
0 0.8122799295774648 0.20187793427230047 0.10695422535211267 0.20305164319248825
0 1.097931338028169 0.568075117370892 0.06998239436619719 0.107981220657277
0 0.386443661971831 0.9040492957746479 0.11443661971830986 0.056924882629107984
0 0.8646566901408451 0.9330985915492958 0.11223591549295775 0.062206572769953054
0 0.7158890845070423 0.9330985915492958 0.08670774647887323 0.05985915492957746
0 0.21368838028169015 0.8714788732394366 0.12544014084507044 0.06807511737089202
0 0.5957306338028169 0.9028755868544601 0.1113556338028169 0.058098591549295774
0 0.8664172535211268 0.9923708920187794 0.1131161971830986 0.04342723004694836
0 1.082306338028169 0.9574530516431925 0.06514084507042253 0.06279342723004695
0 1.1126760563380282 0.10886150234741784 0.056338028169014086 0.159037558685446
0 1.0900088028169015 0.3359741784037559 0.058538732394366196 0.18603286384976525
0 1.034330985915493 0.5349178403755869 0.04401408450704225 0.16490610328638497
0 1.0574383802816902 0.7588028169014085 0.04621478873239437 0.11502347417840375
0 0.023327464788732395 0.6875 0.045774647887323945 0.1402582159624413
