0 0.4300176056338028 0.3330399061032864 0.11971830985915492 0.19190140845070422
0 0.827024647887324 0.17928403755868544 0.07394366197183098 0.18955399061032863
0 0.9066901408450704 0.17253521126760563 0.07130281690140845 0.22535211267605634
0 0.7783890845070423 0.4421948356807512 0.06294014084507042 0.13204225352112675
0 0.7392165492957746 0.18221830985915494 0.08230633802816902 0.1742957746478873
0 0.5682218309859155 0.32365023474178406 0.12852112676056338 0.198943661971831
0 0.8507922535211268 0.6737089201877934 0.06954225352112677 0.13145539906103287
0 0.28433098591549294 0.346537558685446 0.11443661971830986 0.20129107981220656
0 0.3109595070422535 0.6563967136150235 0.09198943661971831 0.17312206572769953
0 0.1738556338028169 0.6393779342723005 0.11883802816901408 0.1942488262910798
0 0.5794454225352113 0.6062206572769953 0.10695422535211267 0.1607981220657277
0 0.07636443661971831 0.06954225352112677 0.14920774647887325 0.13673708920187794
0 0.3831426056338028 0.06807511737089202 0.1430457746478873 0.13497652582159625
0 0.140625 0.34242957746478875 0.13600352112676056 0.23767605633802816
0 0.4394806338028169 0.6766431924882629 0.11839788732394366 0.2699530516431925
0 0.6998239436619719 0.42634976525821594 0.07570422535211267 0.17312206572769953
0 0.04951584507042254 0.6302816901408451 0.09815140845070422 0.1983568075117371
0 0.9984595070422535 0.17018779342723006 0.06558098591549295 0.18779342723004694
0 1.0798855633802817 0.176056338028169 0.08230633802816902 0.20187793427230047
0 0.948943661971831 0.43427230046948356 0.08538732394366197 0.15140845070422534
0 1.0477552816901408 0.4477699530516432 0.07350352112676056 0.16666666666666666
0 0.8631161971830986 0.43309859154929575 0.05897887323943662 0.15140845070422534
0 0.9625880281690141 0.6786971830985915 0.10299295774647887 0.11561032863849766
0 0.7871919014084507 0.6801643192488263 0.03829225352112676 0.1431924882629108
0 0.234375 0.06690140845070422 0.13512323943661972 0.1255868544600939
0 0.5660211267605634 0.07130281690140845 0.1487676056338028 0.13086854460093897
0 0.7339348591549296 0.6895539906103286 0.05765845070422535 0.14084507042253522
0 0.030369718309859156 0.340962441314554 0.05017605633802817 0.19248826291079812
0 0.6764964788732394 0.6813380281690141 0.03433098591549296 0.1467136150234742
0 0.2535211267605634 0.8843896713615024 0.08362676056338028 0.10093896713615023
0 0.8294454225352113 0.903462441314554 0.12455985915492958 0.1073943661971831
0 0.961487676056338 0.8873239436619719 0.05149647887323944 0.11971830985915492
0 0.5391725352112676 0.8993544600938967 0.16637323943661972 0.1073943661971831
0 1.119718309859155 0.45129107981220656 0.03433098591549296 0.18427230046948356
0 1.0589788732394365 0.636443661971831 0.061619718309859156 0.0710093896713615
