0 0.06029929577464789 0.002347417840375587 0.22576571333812737 0.21772162710220636
0 0.22183098591549297 0.004107981220657277 0.3564164476294386 0.2230022840485794
0 0.35651408450704225 0.004107981220657277 0.4897198441529458 0.21596003052745266
0 0.5184859154929577 0.004107981220657277 0.643697849509026 0.2247628474288611
0 0.6465669014084507 0.005868544600938967 0.7862471096384646 0.23356463113579756
0 0.7865316901408451 0.004107981220657277 0.8794953645730014 0.23532622771055126
0 0.883362676056338 0.004107981220657277 0.999 0.23884735447111463
0 0.999 0.04518779342723005 0.999 0.252320899182261
0 0.999 0.3421361502347418 0.999 0.5837194036677026
0 0.7720070422535211 0.3333333333333333 0.8988679546468954 0.587245696400626
0 0.8992077464788732 0.3286384976525822 0.9969633768721483 0.5854878882056029
0 0.6426056338028169 0.3421361502347418 0.7655622334358263 0.5784377135268576
0 0.5572183098591549 0.335093896713615 0.6423603792650268 0.5749207195441821
0 0.46786971830985913 0.30927230046948356 0.5517306911451101 0.5714147463025414
0 0.2649647887323944 0.3145539906103286 0.3876474626810157 0.5784539002402521
0 0.0897887323943662 0.30927230046948356 0.2415978042551081 0.5802175632039498
0 0.43309859154929575 0.7875586854460094 0.6309713474509027 0.9167913387996209
0 0.44454225352112675 0.6666666666666666 0.6322867331630628 0.7719092331768388
0 0.08890845070422536 0.6907276995305164 0.24291861423824637 0.8875054414908858
0 0.25440140845070425 0.7323943661971831 0.4197823937462805 0.9080208953250016
0 0.6390845070422535 0.653169014084507 0.8029757550585201 0.7906964970574621
0 0.6311619718309859 0.7910798122065728 0.7822926223715533 0.8956625118472966
0 0.8459507042253521 0.7734741784037559 0.8922332963449713 0.8457902146840353
0 0.8939260563380281 0.7723004694835681 0.9401875325456259 0.8493120302409134
0 0.9432218309859155 0.7687793427230047 0.9982644270110098 0.8563563501509841
0 0.9471830985915493 0.6561032863849765 0.9982626834953382 0.7543097985408539
0 0.8992077464788732 0.6631455399061033 0.9349035177172187 0.7372868864202429
0 0.8591549295774648 0.6960093896713615 0.8988295973021226 0.7648497597478454
0 0.8111795774647887 0.6995305164319249 0.8403119808197778 0.790669289603033
0 0.4859154929577465 0.9788732394366197 0.6996100724062686 0.999
0 0.7059859154929577 0.9688967136150235 0.8909744780301528 0.999
0 0.8939260563380281 0.9706572769953051 0.999 0.999
0 0.0897887323943662 0.9618544600938967 0.48719639580440394 0.999
0 0.999 0.7083333333333334 0.999 0.8235279733959312
0 0.999 0.710093896713615 0.999 0.8217663768211774
0 0.999 0.9688967136150235 0.999 0.999
0 0.00044014084507042255 0.5862676056338029 0.07570403162814918 0.8271207349732196
