0 0.032570422535211266 0.2822769953051643 0.07524974893374331 0.3924399782891401
0 0.09727112676056338 0.28931924882629106 0.1183550743280103 0.3953701178117217
0 0.15316901408450703 0.21654929577464788 0.23980934462408254 0.3478776119156252
0 0.2733274647887324 0.21654929577464788 0.3784008241792303 0.34083535839449847
0 0.4128521126760563 0.20833333333333334 0.5050999770630827 0.36020637715179965
0 0.53125 0.20657276995305165 0.629607724471831 0.35903370142608393
0 0.6685739436619719 0.2136150234741784 0.778314888229022 0.36431125878904097
0 0.8173415492957746 0.1983568075117371 0.9072106771349931 0.3578648140800988
0 0.9220950704225352 0.1983568075117371 0.999 0.36197279530075605
0 0.999 0.2153755868544601 0.999 0.3519862819325972
0 0.891725352112676 0.11619718309859155 0.9806814589119223 0.18185669179395625
0 0.7702464788732394 0.11737089201877934 0.8623370394019043 0.1771611673168904
0 0.999 0.43896713615023475 0.999 0.5519724371266724
0 0.9304577464788732 0.4460093896713615 0.999 0.5584237034098173
0 0.7944542253521126 0.4595070422535211 0.9063404690909541 0.5490261108906963
0 0.664612676056338 0.45011737089201875 0.7743553641390597 0.5449236400405563
0 0.542693661971831 0.43720657276995306 0.6538104341276533 0.5402363811192665
0 0.3983274647887324 0.43309859154929575 0.5134690460102163 0.5490416088077762
0 0.2988556338028169 0.43485915492957744 0.3695867712879389 0.5320217962705812
0 0.22843309859154928 0.443075117370892 0.2934734009249157 0.5320169746963785
0 0.11839788732394366 0.42488262910798125 0.2072542262819877 0.5490464303819789
0 0.035651408450704226 0.4694835680751174 0.07656881540121008 0.638222134056294
0 0.0880281690140845 0.4865023474178404 0.12892252281293395 0.6440806911106702
0 0.0030809859154929575 0.5 0.028167658016762544 0.6452464788732394
0 0.0030809859154929575 0.7071596244131455 0.026407094636480857 0.8810403992814476
0 0.032570422535211266 0.693075117370892 0.08361242499008134 0.8810486648372237
0 0.08494718309859155 0.7071596244131455 0.13112458310603056 0.8810403992814476
0 0.0030809859154929575 0.9178403755868545 0.034769770692818884 0.999
0 0.04401408450704225 0.9154929577464789 0.09329048675857965 0.999
0 0.10167253521126761 0.9237089201877934 0.15840595398978377 0.999
0 0.16549295774647887 0.8045774647887324 0.2464060330291609 0.9414292385770019
0 0.16549295774647887 0.607981220657277 0.22615955415592146 0.7414272410676894
0 0.24515845070422534 0.6332159624413145 0.32691674363965484 0.7402387230267363
0 0.3529929577464789 0.6355633802816901 0.5134889995784567 0.7472795989552338
0 0.5418133802816901 0.6232394366197183 0.655571384955862 0.7525685214573827
0 0.6738556338028169 0.6402582159624414 0.7888759438231502 0.7414082991690362
0 0.8173415492957746 0.6332159624413145 0.9239360292476692 0.7543232300689899
0 0.9388204225352113 0.6426056338028169 0.999 0.7525571563181909
0 0.999 0.6496478873239436 0.999 0.7613558404417113
0 0.9986795774647887 0.8339201877934272 0.999 0.9355434740681964
0 0.835387323943662 0.8456572769953051 0.9741041429031939 0.9425788396261765
0 0.715669014084507 0.8286384976525821 0.8192272583564768 0.9496310806938659
0 0.6056338028169014 0.8368544600938967 0.7030785062487601 0.9496262591196631
0 0.503080985915493 0.8356807511737089 0.5939687143547907 0.9466926756155084
0 0.3846830985915493 0.8286384976525821 0.47474265708688757 0.9537390619145232
0 0.2755281690140845 0.8286384976525821 0.3709174611932156 0.9455230994732087
0 0.18529929577464788 0.999 0.2618022450282682 0.999
0 0.28389084507042256 0.999 0.3665123719872049 0.999
0 0.3732394366197183 0.999 0.46286389109303705 0.999
0 0.47491197183098594 0.999 0.5864987183222574 0.999
0 0.5963908450704225 0.999 0.6894382082548106 0.999
0 0.7086267605633803 0.999 0.8799697945596111 0.999
0 0.9198943661971831 0.999 0.999 0.999
