0 0.12367957746478873 0.125 0.27899485934090457 0.3473444835680751
0 0.2790492957746479 0.12147887323943662 0.44089830576770483 0.36260476591946045
0 0.44850352112676056 0.159037558685446 0.6243624544361238 0.374906668099363
0 0.6298415492957746 0.15434272300469484 0.783613626078655 0.38019111342546674
0 0.7852112676056338 0.5093896713615024 0.9248304527871455 0.7356165553571822
0 0.6919014084507042 0.49413145539906106 0.7822658884645903 0.7391466364698361
0 0.9273767605633803 0.5064553990610329 0.999 0.6423084181930393
0 0.5299295774647887 0.49765258215962443 0.686386474657806 0.7426656968414557
0 0.4823943661971831 0.8116197183098591 0.637551763043047 0.999
0 0.7931338028169014 0.897887323943662 0.918224853079746 0.999
0 0.6465669014084507 0.8116197183098591 0.7937295040046618 0.999
0 0.28036971830985913 0.8773474178403756 0.45894349924370165 0.999
0 0.125 0.48708920187793425 0.3296104753521127 0.7438456049284754
0 0.3477112676056338 0.49589201877934275 0.5117307608857369 0.7338639131345192
0 0.9172535211267606 0.8339201877934272 0.999 0.9578439435517644
0 0.9225352112676056 0.9583333333333334 0.999 0.999
0 0.0017605633802816902 0.3908450704225352 0.11575626735766713 0.6318128843483436
