0 0.5550176056338029 0.6883802816901409 0.6854951507017457 0.9039387439661443
0 0.41241197183098594 0.6789906103286385 0.5548360862800039 0.8974888552756287
0 0.4203345070422535 0.5070422535211268 0.5394276696711962 0.6786930503207036
0 0.4308978873239437 0.10035211267605634 0.5909194991693116 0.3802227980559413
0 0.6839788732394366 0.6895539906103286 0.8302447276086093 0.9080460363904869
0 0.5572183098591549 0.4565727699530516 0.6762512243354494 0.6722672695012013
0 0.002640845070422535 0.06631455399061033 0.12543897850128943 0.18716765577817454
0 0.13204225352112675 0.06514084507042253 0.24686089689545723 0.18423407227401972
0 0.14216549295774647 0.19307511737089203 0.27678601870908554 0.3467176789217307
0 0.6795774647887324 0.5305164319248826 0.8047184958341599 0.685721527915537
0 0.13908450704225353 0.568075117370892 0.30143526210077365 0.786638453569618
0 0.00044014084507042255 0.19014084507042253 0.15316882036054355 0.34202456523176616
0 0.0044014084507042256 0.44190140845070425 0.10211073881670303 0.6306092127884678
0 0.8679577464788732 0.17253521126760563 0.9608855819777821 0.3584668220591153
0 0.012764084507042254 0.659037558685446 0.15536410031491765 0.874613240869316
0 0.13776408450704225 0.8022300469483568 0.27326682918815715 0.8897874236813683
0 0.4449823943661972 0.45011737089201875 0.5015647084531839 0.5038438278339835
0 0.5017605633802817 0.44366197183098594 0.5525960560900616 0.5056081795939958
