0 0.07592429577464789 0.2397300469483568 0.07262323943661972 0.2106807511737089
0 0.1855193661971831 0.25088028169014087 0.06734154929577464 0.20833333333333334
0 0.2577024647887324 0.24530516431924881 0.058538732394366196 0.20539906103286384
0 0.335387323943662 0.25 0.07130281690140845 0.21244131455399062
0 0.3987676056338028 0.2438380281690141 0.03873239436619718 0.20246478873239437
0 0.4606073943661972 0.23884976525821597 0.06998239436619719 0.21244131455399062
0 0.5539172535211268 0.22711267605633803 0.09727112676056338 0.24413145539906103
0 0.6883802816901409 0.22916666666666666 0.09419014084507042 0.25997652582159625
0 0.7775088028169014 0.22359154929577466 0.06470070422535211 0.2511737089201878
0 0.8615757042253521 0.2414906103286385 0.07966549295774648 0.22359154929577466
0 0.9907570422535211 0.2605633802816901 0.0721830985915493 0.20774647887323944
0 0.0724031690140845 0.5205399061032864 0.07350352112676056 0.21948356807511737
0 0.18595950704225353 0.5240610328638498 0.08054577464788733 0.2147887323943662
0 0.2860915492957746 0.5184859154929577 0.08626760563380281 0.2318075117370892
0 0.37610035211267606 0.5331572769953051 0.07526408450704225 0.21654929577464788
0 0.4375 0.5352112676056338 0.040492957746478875 0.2007042253521127
0 0.4876760563380282 0.5296361502347418 0.04929577464788732 0.20129107981220656
0 0.5576584507042254 0.5404929577464789 0.05017605633802817 0.2347417840375587
0 0.6362235915492958 0.5413732394366197 0.09639084507042253 0.20833333333333334
0 0.7403169014084507 0.545774647887324 0.08890845070422536 0.2112676056338028
0 0.8499119718309859 0.5378521126760564 0.06954225352112677 0.2153755868544601
0 0.9478433098591549 0.5469483568075117 0.0682218309859155 0.22183098591549297
0 1.0081426056338028 0.5437206572769953 0.04005281690140845 0.20129107981220656
0 1.1076144366197183 0.551056338028169 0.058538732394366196 0.21948356807511737
0 1.0658010563380282 0.8125 0.05677816901408451 0.20011737089201878
0 0.9975792253521126 0.8306924882629108 0.04621478873239437 0.18016431924882628
0 0.9273767605633803 0.8078051643192489 0.05457746478873239 0.20129107981220656
0 0.8419894366197183 0.8148474178403756 0.07042253521126761 0.20129107981220656
0 0.766725352112676 0.8089788732394366 0.06602112676056338 0.1954225352112676
0 0.6806778169014085 0.8028169014084507 0.07878521126760564 0.18544600938967137
0 0.590669014084507 0.7972417840375586 0.07658450704225352 0.18016431924882628
0 0.4997799295774648 0.795774647887324 0.09022887323943662 0.18309859154929578
0 0.4212147887323944 0.7943075117370892 0.05457746478873239 0.1942488262910798
0 0.35409330985915494 0.7907863849765259 0.07526408450704225 0.19307511737089203
0 0.27662852112676056 0.7881455399061033 0.06734154929577464 0.19248826291079812
0 0.20950704225352113 0.7811032863849765 0.05457746478873239 0.18192488262910797
0 0.1210387323943662 0.7734741784037559 0.040492957746478875 0.1607981220657277
0 0.025308098591549297 0.7705399061032864 0.04973591549295775 0.1772300469483568
0 1.1236795774647887 1.051056338028169 0.03433098591549296 0.13732394366197184
0 1.0730633802816902 1.0542840375586855 0.05017605633802817 0.15199530516431925
0 0.9991197183098591 1.061913145539906 0.07042253521126761 0.15669014084507044
0 0.9201144366197183 1.0604460093896713 0.06294014084507042 0.15375586854460094
0 0.8017165492957746 1.0534037558685445 0.06294014084507042 0.15375586854460094
0 0.7209507042253521 1.0463615023474178 0.06073943661971831 0.15375586854460094
0 0.6586707746478874 1.0551643192488263 0.055897887323943664 0.15375586854460094
0 0.5915492957746479 1.057511737089202 0.05369718309859155 0.15375586854460094
0 0.5246478873239436 1.0560446009389672 0.05369718309859155 0.16960093896713616
0 0.44278169014084506 1.0363849765258215 0.051056338028169015 0.1467136150234742
0 0.3855633802816901 1.0328638497652582 0.05017605633802817 0.1396713615023474
0 0.32900528169014087 1.0264084507042253 0.047975352112676055 0.15258215962441316
0 0.2761883802816901 1.0319835680751173 0.05149647887323944 0.14964788732394366
0 0.21368838028169015 1.0319835680751173 0.058538732394366196 0.15551643192488263
0 0.15713028169014084 1.0349178403755868 0.05897887323943662 0.18016431924882628
0 0.09330985915492958 1.0305164319248827 0.056338028169014086 0.13497652582159625
