0 0.058538732394366196 0.39818075117370894 0.09859154929577464 0.12265258215962441
0 0.2007042253521127 0.41167840375586856 0.0994718309859155 0.1437793427230047
0 0.34463028169014087 0.4240023474178404 0.1153169014084507 0.08509389671361503
0 0.4128521126760563 0.2681924882629108 0.07306338028169014 0.07276995305164319
0 0.2599031690140845 0.2676056338028169 0.07526408450704225 0.051643192488262914
0 0.5061619718309859 0.4295774647887324 0.10475352112676056 0.11619718309859155
0 0.519806338028169 0.3268779342723005 0.09859154929577464 0.07276995305164319
0 0.6538292253521126 0.3374413145539906 0.10255281690140845 0.0539906103286385
0 0.6428257042253521 0.4380868544600939 0.11839788732394366 0.06514084507042253
0 0.8149207746478874 0.4011150234741784 0.13512323943661972 0.11208920187793427
0 0.8006161971830986 0.2549882629107981 0.1153169014084507 0.06866197183098592
0 0.930237676056338 0.2690727699530516 0.09110915492957747 0.06866197183098592
0 0.9641285211267606 0.37646713615023475 0.09639084507042253 0.09096244131455399
0 1.0867077464788732 0.3955399061032864 0.0880281690140845 0.1596244131455399
0 1.0222271126760563 0.6443661971830986 0.1307218309859155 0.10328638497652583
0 0.8325264084507042 0.6449530516431925 0.14128521126760563 0.11032863849765258
0 0.6564700704225352 0.6408450704225352 0.1500880281690141 0.09624413145539906
0 0.4867957746478873 0.6434859154929577 0.13556338028169015 0.12147887323943662
0 0.3457306338028169 0.6519953051643192 0.12984154929577466 0.11032863849765258
0 0.20268485915492956 0.653755868544601 0.11399647887323944 0.08098591549295775
0 0.06602112676056338 0.647593896713615 0.0897887323943662 0.08509389671361503
0 0.08648767605633803 0.8585680751173709 0.12455985915492958 0.12441314553990611
0 0.2268926056338028 0.8650234741784038 0.11839788732394366 0.09741784037558686
0 0.3683978873239437 0.8594483568075117 0.1267605633802817 0.11208920187793427
0 0.577024647887324 0.8676643192488263 0.23151408450704225 0.12852112676056338
0 0.8325264084507042 0.8679577464788732 0.23371478873239437 0.11737089201877934
0 1.0244278169014085 0.8676643192488263 0.11839788732394366 0.12030516431924883
0 1.122799295774648 0.8729460093896714 0.03609154929577465 0.12265258215962441
0 1.0380721830985915 1.0842136150234742 0.17297535211267606 0.09213615023474178
0 0.8047975352112676 1.080105633802817 0.21786971830985916 0.09448356807511737
0 0.6073943661971831 1.0689553990610328 0.14348591549295775 0.10856807511737089
0 0.441681338028169 1.073356807511737 0.13512323943661972 0.10328638497652583
0 0.2834507042253521 1.0842136150234742 0.14172535211267606 0.09800469483568075
0 0.12433978873239436 1.0715962441314555 0.11839788732394366 0.09507042253521127
0 0.026628521126760563 1.0715962441314555 0.04709507042253521 0.10328638497652583
