0 0.6764964788732394 0.4336854460093897 0.8135226688033128 0.7027971329542199
0 0.8173415492957746 0.4336854460093897 0.9375803954448523 0.6992760061936565
0 0.9419014084507042 0.46830985915492956 0.999 0.7115796303643457
0 0.9379401408450704 0.7998826291079812 0.999 0.999
0 0.7605633802816901 0.999 0.9063553858361436 0.999
0 0.8125 0.784037558685446 0.9270191461267606 0.999
0 0.4810739436619718 0.8221830985915493 0.6397530484402896 0.999
0 0.6505281690140845 0.8098591549295775 0.7629179013340607 0.999
0 0.33098591549295775 0.7946009389671361 0.46508319281888516 0.999
0 0.17033450704225353 0.8116197183098591 0.31770671896697084 0.999
0 0.03961267605633803 0.7963615023474179 0.1703170718855386 0.999
0 0.022887323943661973 0.4184272300469484 0.17428570100178536 0.6752239276818973
0 0.198943661971831 0.414906103286385 0.33309905648680815 0.6940053367938461
0 0.3516725352112676 0.4096244131455399 0.4822395807503472 0.6852056194758536
0 0.4951584507042254 0.4131455399061033 0.6569123422312042 0.6992880601291631
0 0.5171654929577465 0.08333333333333333 0.6903533602583813 0.36966940532081377
0 0.690580985915493 0.08333333333333333 0.8403650611857767 0.37495109546165883
0 0.8446302816901409 0.09741784037558686 0.9710190887844674 0.3937221726288876
0 0.9819542253521126 0.12147887323943662 0.999 0.39370805230443695
0 0.3617957746478873 0.08157276995305164 0.5130449842541163 0.35793334931340787
0 0.20774647887323944 0.09213615023474178 0.3489402524300734 0.3508848966254491
0 0.011003521126760563 0.07981220657276995 0.1830937484502083 0.3268310961229033
