0 0.40316901408450706 0.15434272300469484 0.5530795911029557 0.3889939303268752
0 0.5651408450704225 0.17488262910798122 0.6969343570224162 0.4024795289735282
0 0.7632042253521126 0.18368544600938966 0.8909492939148979 0.39719267286032317
0 0.903169014084507 0.1784037558685446 0.999 0.4007168992043025
0 0.999 0.19014084507042253 0.999 0.41009968260265817
0 0.27244718309859156 0.142018779342723 0.3929258595144812 0.37315609226564395
0 0.11839788732394366 0.1437793427230047 0.25699014177494545 0.3801973125922987
0 0.10959507042253522 0.43896713615023475 0.2464306359725253 0.6405874606008508
0 0.27508802816901406 0.44072769953051644 0.391604274635489 0.6493892443077872
0 0.4110915492957746 0.44072769953051644 0.5337099068885142 0.651149807688069
0 0.5378521126760564 0.4424882629107981 0.6476505932602658 0.6558436101743481
0 0.6518485915492958 0.43896713615023475 0.7497130948100575 0.6493902775022592
0 0.7539612676056338 0.4524647887323944 0.8548618128223566 0.6388189760629505
0 0.866637323943662 0.45422535211267606 0.9648474307553065 0.6147569100046287
0 0.9911971830985915 0.45774647887323944 0.999 0.6282524961978443
0 0.9740316901408451 0.6960093896713615 0.999 0.8599201822830567
0 0.8472711267605634 0.6995305164319249 0.9582538419336442 0.8546364257532677
0 0.7491197183098591 0.7012910798122066 0.8403392958986312 0.8892598057043356
0 0.6399647887323944 0.7012910798122066 0.7369542408500297 0.8992363315259319
0 0.5365316901408451 0.721830985915493 0.6335666673899027 0.8939425874495802
0 0.4225352112676056 0.7030516431924883 0.5297436024598294 0.8957141715708964
0 0.29313380281690143 0.7012910798122066 0.400399148854394 0.8939546413850868
0 0.17781690140845072 0.7018779342723005 0.2877738481948026 0.8874988979258965
0 0.056338028169014086 0.7200704225352113 0.17559140051577068 0.9080281276863057
0 0.009683098591549295 0.4336854460093897 0.10827038596012696 0.6388299968039851
0 0.0030809859154929575 0.14730046948356806 0.11839653125619916 0.378434682823073
0 0.0017605633802816902 0.937793427230047 0.13908373214639952 0.999
0 0.14700704225352113 0.943075117370892 0.48717121168914895 0.999
0 0.488556338028169 0.9465962441314554 0.8316511635836144 0.999
0 0.8345070422535211 0.9413145539906104 0.999 0.999
0 0.7024647887323944 0.17488262910798122 0.7536520841598889 0.3854607496308052
