0 0.8849031690140845 0.30428403755868544 0.12455985915492958 0.24471830985915494
0 1.0129841549295775 0.3163145539906103 0.1192781690140845 0.24178403755868544
0 0.41879401408450706 0.6097417840375586 0.4449823943661972 0.2687793427230047
0 0.8369278169014085 0.6123826291079812 0.3886443661971831 0.2881455399061033
0 0.5431338028169014 0.2793427230046948 0.5149647887323944 0.3227699530516432
0 0.1366637323943662 0.15933098591549297 0.144806338028169 0.1273474178403756
0 0.1230193661971831 0.2869718309859155 0.14128521126760563 0.13145539906103287
0 0.1423855633802817 0.983274647887324 0.12808098591549297 0.31514084507042256
0 0.4465228873239437 0.909330985915493 0.40536971830985913 0.18485915492957747
0 0.8259242957746479 0.8884976525821596 0.3455105633802817 0.17136150234741784
0 0.0820862676056338 0.6106220657276995 0.16065140845070422 0.22241784037558684
