0 0.08912852112676056 0.21390845070422534 0.09639084507042253 0.1954225352112676
0 0.20840669014084506 0.20892018779342722 0.1131161971830986 0.20774647887323944
0 0.45224471830985913 0.2074530516431925 0.2460387323943662 0.20246478873239437
0 0.6309419014084507 0.215962441314554 0.10079225352112677 0.18544600938967137
0 0.7466989436619719 0.21919014084507044 0.12015845070422536 0.20129107981220656
0 0.9075704225352113 0.21390845070422534 0.12147887323943662 0.20129107981220656
0 1.0462147887323943 0.22505868544600938 0.12059859154929578 0.20363849765258216
0 1.1036531690140845 0.5619131455399061 0.06910211267605634 0.1954225352112676
0 1.013424295774648 0.5378521126760564 0.11751760563380281 0.20129107981220656
0 0.871919014084507 0.5478286384976526 0.10915492957746478 0.18485915492957747
0 0.7262323943661971 0.5519366197183099 0.12588028169014084 0.22359154929577466
0 0.625 0.5372652582159625 0.05545774647887324 0.18838028169014084
0 0.5096830985915493 0.5519366197183099 0.11619718309859155 0.19307511737089203
0 0.3714788732394366 0.5290492957746479 0.13908450704225353 0.20246478873239437
0 0.24317781690140844 0.5193661971830986 0.09022887323943662 0.18309859154929578
0 0.11179577464788733 0.522593896713615 0.11003521126760564 0.16725352112676056
0 0.022887323943661973 0.5178990610328639 0.04401408450704225 0.1942488262910798
0 0.08912852112676056 0.8004694835680751 0.10871478873239436 0.176056338028169
0 0.24955985915492956 0.7937206572769953 0.10475352112676056 0.1789906103286385
0 0.3767605633802817 0.7943075117370892 0.10827464788732394 0.18838028169014084
0 0.49691901408450706 0.8186619718309859 0.1153169014084507 0.1983568075117371
0 0.608274647887324 0.8125 0.08714788732394366 0.18838028169014084
0 0.7185299295774648 0.8171948356807511 0.11223591549295775 0.20129107981220656
0 0.8481514084507042 0.8019366197183099 0.0994718309859155 0.17077464788732394
0 0.9991197183098591 0.8045774647887324 0.1056338028169014 0.176056338028169
0 1.097931338028169 0.8201291079812206 0.0743838028169014 0.17312206572769953
0 0.04929577464788732 1.0475352112676057 0.0818661971830986 0.16901408450704225
0 0.15404929577464788 1.0443075117370892 0.09859154929577464 0.18016431924882628
0 0.25462147887323944 1.0466549295774648 0.09022887323943662 0.17077464788732394
0 0.3798415492957746 1.0495892018779343 0.10387323943661972 0.16490610328638497
0 0.49295774647887325 1.0604460093896713 0.11443661971830986 0.1396713615023474
0 0.6089348591549296 1.062206572769953 0.10255281690140845 0.1572769953051643
0 0.7167693661971831 1.0633802816901408 0.09198943661971831 0.15375586854460094
0 0.8477112676056338 1.0610328638497653 0.10475352112676056 0.1467136150234742
0 0.9850352112676056 1.0548708920187793 0.12147887323943662 0.159037558685446
0 1.0988116197183098 1.0671948356807512 0.07262323943661972 0.14730046948356806
