0 0.032570422535211266 0.02523474178403756 0.09417580527177148 0.21360021435341311
0 0.10915492957746478 0.005868544600938967 0.18525125223170005 0.22241439639401353
0 0.18441901408450703 0.007042253521126761 0.26488361839168817 0.2136108906962904
0 0.26848591549295775 0.017018779342723004 0.3475930959878992 0.22064728944874254
0 0.3512323943661972 0.011150234741784037 0.4188594927841698 0.20539251746787454
0 0.4225352112676056 0.015258215962441314 0.5143386728823646 0.20949808790143049
0 0.5220070422535211 0.014084507042253521 0.6128864405623884 0.21360675791840245
0 0.6205985915492958 0.015258215962441314 0.703952201324142 0.20949808790143049
0 0.710387323943662 0.004107981220657277 0.7875394421989684 0.2095046314664198
0 0.7944542253521126 0.011150234741784037 0.8662876521895457 0.2165427522096586
0 0.897887323943662 0.017018779342723004 0.9415062115651658 0.21536559930789748
0 0.9608274647887324 0.02523474178403756 0.999 0.21946875895435208
0 0.999 0.007042253521126761 0.999 0.22358741651788666
0 0.019806338028169015 0.3104460093896714 0.07965677537938902 0.45815114670810464
0 0.08670774647887323 0.31866197183098594 0.1474090194777822 0.46108059743437146
0 0.14964788732394366 0.3145539906103286 0.21076159864114263 0.4651909894421301
0 0.21170774647887325 0.3104460093896714 0.2745547060975005 0.4681276725297009
0 0.2755281690140845 0.2975352112676056 0.3238223907706804 0.4610929957680355
0 0.3257042253521127 0.2934272300469484 0.38145875694306686 0.45933484317485507
0 0.38688380281690143 0.3086854460093897 0.4430515476219996 0.46108645220304617
0 0.46963028169014087 0.3075117370892019 0.5323637190661575 0.45697915977870357
0 0.545774647887324 0.3045774647887324 0.6075942893275144 0.47634707895258876
0 0.6153169014084507 0.2992957746478873 0.6735848077018448 0.47048163393506576
0 0.6813380281690141 0.27406103286384975 0.7312141998115453 0.4499565369525447
0 0.7460387323943662 0.2764084507042254 0.8337385392903194 0.4581711218012299
0 0.8811619718309859 0.2822769953051643 0.9503163899771871 0.47225218486191006
0 0.9639084507042254 0.2811032863849765 0.999 0.47753456379906983
0 0.999 0.28931924882629106 0.999 0.47342176100420996
0 0.999 0.29460093896713613 0.999 0.4998271121250193
0 0.999 0.5322769953051644 0.999 0.696870729462849
0 0.999 0.5393192488262911 0.999 0.685716361943177
0 0.9881161971830986 0.5293427230046949 0.999 0.6845485077916639
0 0.9286971830985915 0.5252347417840375 0.9753834959581433 0.674574392757169
0 0.7513204225352113 0.5293427230046949 0.8315355103774053 0.6716377096695982
0 0.6685739436619719 0.5240610328638498 0.7457444656938107 0.6757487904736715
0 0.5867077464788732 0.5311032863849765 0.6630340194777822 0.6716366764751263
0 0.53125 0.5352112676056338 0.5763506822183099 0.6370098525424849
0 0.46963028169014087 0.5363849765258216 0.5187193528689744 0.632901182525513
0 0.4014084507042254 0.5322769953051644 0.4505275490974013 0.6663542975379664
0 0.33758802816901406 0.5381455399061033 0.3915767658326721 0.6645902901761115
0 0.2852112676056338 0.5269953051643192 0.33614207250545525 0.657554580219974
0 0.21786971830985916 0.5352112676056338 0.27543227565215234 0.6733948290683065
0 0.16681338028169015 0.5404929577464789 0.2054723532657211 0.6857156731468624
0 0.11003521126760564 0.54518779342723 0.15620156900912519 0.6827786456611342
0 0.027288732394366196 0.8004694835680751 0.0910971440438405 0.8492954991293614
0 0.7253521126760564 0.7488262910798122 0.7875328555842095 0.8534337873878639
0 0.6351232394366197 0.7488262910798122 0.7039458084333466 0.869865712270493
0 0.8080985915492958 0.7588028169014085 0.8654013650565364 0.8463856790980626
0 0.8710387323943662 0.7347417840375586 0.9397574653466574 0.8240993299389451
0 0.9828345070422535 0.7376760563380281 0.999 0.827031880248628
0 0.999 0.7394366197183099 0.999 0.8252702836738742
0 0.27992957746478875 0.7476525821596244 0.3414260873338623 0.8534344761841787
0 0.3626760563380282 0.778169014084507 0.4597875545526682 0.8311160979964293
0 0.20422535211267606 0.7476525821596244 0.2512305346161476 0.8546081851043664
0 0.1382042253521127 0.7458920187793427 0.18347790306982742 0.8493275281579933
