0 0.3831426056338028 0.47769953051643194 0.11751760563380281 0.19483568075117372
0 0.5055017605633803 0.4762323943661972 0.12191901408450705 0.17781690140845072
0 0.7141285211267606 0.4879694835680751 0.11399647887323944 0.18485915492957747
0 0.8226232394366197 0.4732981220657277 0.09859154929577464 0.20011737089201878
0 0.9198943661971831 0.471537558685446 0.09330985915492958 0.20363849765258216
0 1.0710827464788732 0.4706572769953052 0.11399647887323944 0.21244131455399062
0 0.9216549295774648 0.25264084507042256 0.11003521126760564 0.2142018779342723
0 0.8162411971830986 0.2585093896713615 0.10607394366197183 0.20833333333333334
0 0.7108274647887324 0.26379107981220656 0.1153169014084507 0.21889671361502347
0 0.602112676056338 0.24882629107981222 0.10475352112676056 0.22769953051643194
0 0.4997799295774648 0.23884976525821597 0.09463028169014084 0.2312206572769953
0 0.4027288732394366 0.25146713615023475 0.11267605633802817 0.23650234741784038
0 0.29005281690140844 0.23092723004694835 0.0994718309859155 0.198943661971831
0 0.16065140845070422 0.26467136150234744 0.11795774647887323 0.2312206572769953
0 0.16637323943661972 0.4753521126760563 0.08274647887323944 0.18309859154929578
0 0.06800176056338028 0.47857981220657275 0.1034330985915493 0.18603286384976525
0 0.06470070422535211 0.2681924882629108 0.07130281690140845 0.22417840375586853
0 0.28036971830985913 0.46919014084507044 0.0880281690140845 0.22593896713615025
0 0.1423855633802817 0.7696596244131455 0.11751760563380281 0.232981220657277
0 0.1624119718309859 0.9844483568075117 0.11883802816901408 0.1965962441314554
0 0.28213028169014087 0.988849765258216 0.11795774647887323 0.21244131455399062
0 0.4040492957746479 1.0023474178403755 0.11267605633802817 0.20187793427230047
0 0.41483274647887325 0.766725352112676 0.10871478873239436 0.2142018779342723
0 0.2788292253521127 0.7720070422535211 0.10607394366197183 0.2282863849765258
0 0.6071742957746479 0.7720070422535211 0.10255281690140845 0.20715962441314553
0 0.7178697183098591 0.7676056338028169 0.10387323943661972 0.21244131455399062
0 0.7345950704225352 1.0008802816901408 0.09595070422535211 0.18838028169014084
0 0.6181778169014085 0.9979460093896714 0.11663732394366197 0.20363849765258216
0 0.8336267605633803 0.9879694835680751 0.09683098591549295 0.2106807511737089
0 0.9256161971830986 0.977406103286385 0.07922535211267606 0.1965962441314554
0 0.9165933098591549 0.7626173708920188 0.09727112676056338 0.22946009389671362
0 0.8246038732394366 0.766725352112676 0.09991197183098592 0.22124413145539906
0 1.056338028169014 0.7634976525821596 0.10475352112676056 0.22769953051643194
0 1.0763644366197183 0.9791666666666666 0.08054577464788733 0.18955399061032863
0 1.0809859154929577 0.24031690140845072 0.11003521126760564 0.2106807511737089
0 0.511443661971831 0.7608568075117371 0.06866197183098592 0.22241784037558684
