0 0.14656690140845072 0.16402582159624413 0.15316901408450703 0.21185446009389672
0 0.48965669014084506 0.16490610328638497 0.1131161971830986 0.21244131455399062
0 0.7946742957746479 0.17370892018779344 0.12367957746478873 0.22887323943661972
0 0.34286971830985913 0.15199530516431925 0.12147887323943662 0.21713615023474178
0 0.19234154929577466 0.47417840375586856 0.12764084507042253 0.19131455399061034
0 0.636443661971831 0.18104460093896713 0.14084507042253522 0.22476525821596244
0 0.09110915492957747 0.7447183098591549 0.08538732394366197 0.19248826291079812
0 0.6516285211267606 0.4818075117370892 0.12808098591549297 0.17018779342723006
0 0.5013204225352113 0.44747652582159625 0.11267605633802817 0.16960093896713616
0 0.7981954225352113 0.4794600938967136 0.12015845070422536 0.1983568075117371
0 0.5147447183098591 0.7397300469483568 0.10431338028169014 0.18368544600938966
0 0.777068661971831 0.7544014084507042 0.12279929577464789 0.19307511737089203
0 0.06426056338028169 0.45715962441314556 0.0880281690140845 0.18779342723004694
0 0.35255281690140844 0.7291666666666666 0.11179577464788733 0.1437793427230047
0 0.6476672535211268 0.7458920187793427 0.12984154929577466 0.176056338028169
0 0.352112676056338 0.4527582159624413 0.09330985915492958 0.15199530516431925
0 0.2205105633802817 0.7423708920187794 0.1329225352112676 0.19483568075117372
0 1.0272887323943662 0.2021713615023474 0.045774647887323945 0.22007042253521128
0 1.0327904929577465 0.48620892018779344 0.10167253521126761 0.17312206572769953
0 0.9348591549295775 0.20129107981220656 0.11091549295774648 0.21244131455399062
0 1.0825264084507042 0.19248826291079812 0.10607394366197183 0.22535211267605634
0 1.0107834507042253 0.7282863849765259 0.09639084507042253 0.1431924882629108
0 0.9216549295774648 0.5035211267605634 0.09507042253521127 0.14553990610328638
0 0.903169014084507 0.7593896713615024 0.0977112676056338 0.13732394366197184
0 0.43860035211267606 0.9653755868544601 0.10167253521126761 0.08685446009389672
0 0.6566901408450704 0.9935446009389671 0.10387323943661972 0.08098591549295775
0 0.945862676056338 0.9950117370892019 0.1602112676056338 0.07805164319248827
