0 0.09529049295774648 0.2793427230046948 0.14040492957746478 0.176056338028169
0 0.2671654929577465 0.27406103286384975 0.09242957746478873 0.20422535211267606
0 0.3930457746478873 0.2737676056338028 0.12764084507042253 0.1954225352112676
0 0.528169014084507 0.2778755868544601 0.12147887323943662 0.18720657276995306
0 0.6628521126760564 0.2746478873239437 0.12235915492957747 0.19131455399061034
0 0.7984154929577465 0.2863849765258216 0.11091549295774648 0.19248826291079812
0 0.9388204225352113 0.28843896713615025 0.1153169014084507 0.2106807511737089
0 0.043133802816901406 0.5255281690140845 0.07746478873239436 0.17077464788732394
0 0.15669014084507044 0.5331572769953051 0.11619718309859155 0.18838028169014084
0 0.2918133802816901 0.5134976525821596 0.06778169014084508 0.1607981220657277
0 0.4170334507042254 0.528462441314554 0.1131161971830986 0.16490610328638497
0 0.5563380281690141 0.5525234741784038 0.12147887323943662 0.15786384976525822
0 0.6826584507042254 0.5595657276995305 0.11003521126760564 0.16607981220657278
0 0.8017165492957746 0.5630868544600939 0.09198943661971831 0.14847417840375587
0 0.9216549295774648 0.5443075117370892 0.08890845070422536 0.16607981220657278
0 1.0268485915492958 0.6279342723004695 0.037852112676056336 0.16901408450704225
0 1.0752640845070423 0.41784037558685444 0.056338028169014086 0.18427230046948356
0 1.1087147887323943 0.18104460093896713 0.06073943661971831 0.20246478873239437
0 0.9060299295774648 0.7872652582159625 0.07878521126760564 0.15199530516431925
0 0.793794014084507 0.8356807511737089 0.08934859154929578 0.176056338028169
0 0.6753961267605634 0.8042840375586855 0.10607394366197183 0.16607981220657278
0 0.5660211267605634 0.8078051643192489 0.11091549295774648 0.159037558685446
0 0.433318661971831 0.772887323943662 0.11663732394366197 0.1619718309859155
0 0.2944542253521127 0.7705399061032864 0.09859154929577464 0.13262910798122066
0 0.17077464788732394 0.7720070422535211 0.13028169014084506 0.1637323943661972
0 0.0644806338028169 0.7687793427230047 0.0761443661971831 0.15375586854460094
0 0.5972711267605634 1.0073356807511737 0.06514084507042253 0.09213615023474178
0 0.3873239436619718 0.9850352112676056 0.0994718309859155 0.07805164319248827
0 0.15470950704225353 0.9706572769953051 0.11223591549295775 0.051643192488262914
0 0.862455985915493 1.0193661971830985 0.16593309859154928 0.07394366197183098
0 1.0710827464788732 1.0305164319248827 0.058538732394366196 0.06807511737089202
0 1.049955985915493 0.8538732394366197 0.05677816901408451 0.12323943661971831
0 1.0935299295774648 0.6373239436619719 0.05765845070422535 0.1396713615023474
