0 0.0044014084507042256 0.0005868544600938967 0.09858961205613966 0.22769918611827458
0 0.11751760563380281 0.0029342723004694834 0.2032933461242809 0.21537386486367344
0 0.22755281690140844 0.004107981220657277 0.32560407006298353 0.21537317606735876
0 0.32922535211267606 0.007042253521126761 0.411826925461218 0.20950290947563313
0 0.4529049295774648 0.02112676056338028 0.520487277759869 0.21125520730013886
0 0.5220070422535211 0.007042253521126761 0.589558975773656 0.20832920055544535
0 0.5963908450704225 0.0005868544600938967 0.6947198983956556 0.2112672612356455
0 0.7051056338028169 0.007042253521126761 0.8025065556189248 0.2177188719169477
0 0.8235035211267606 0.005868544600938967 0.901926274858659 0.2235881053142013
0 0.9317781690140845 0.005868544600938967 0.9951884779185677 0.22241439639401353
0 0.999 0.009976525821596244 0.999 0.22065142222663053
0 0.999 0.0011737089201877935 0.999 0.2247645694196478
0 0.999 0.2711267605633803 0.999 0.4875169443893408
0 0.9744718309859155 0.2992957746478873 0.999 0.4775238874561925
0 0.9106514084507042 0.2764084507042254 0.9604266499082524 0.4775373189843285
0 0.8173415492957746 0.2822769953051643 0.8904853250223169 0.4875104008243514
0 0.7376760563380281 0.27816901408450706 0.8024922200456259 0.48633910269126496
0 0.6434859154929577 0.2711267605633803 0.7228681840160682 0.480474690868214
0 0.5532570422535211 0.2711267605633803 0.6401614185553461 0.47636670964755673
0 0.4529049295774648 0.2652582159624413 0.5455753059288831 0.47637015362913
0 0.3886443661971831 0.267018779342723 0.44921274455713156 0.48341137395578476
0 0.31117957746478875 0.27523474178403756 0.3907081075803412 0.48340655238158214
0 0.23987676056338028 0.27406103286384975 0.30887329367932953 0.4775386965769578
0 0.176056338028169 0.27523474178403756 0.23979927097798057 0.4751905899402676
0 0.07878521126760564 0.27406103286384975 0.14653222481898434 0.46110677169432873
0 0.0022007042253521128 0.2852112676056338 0.05237579194356278 0.4663819182701845
0 0.07350352112676056 0.5545774647887324 0.12760849316851813 0.7121158582953118
0 0.1329225352112676 0.5545774647887324 0.19272318550386827 0.7121158582953118
0 0.19278169014084506 0.5475352112676056 0.24815458552370565 0.7150542633736693
0 0.2548415492957746 0.5545774647887324 0.3123878338251339 0.722092384116908
0 0.31117957746478875 0.5463615023474179 0.36473979772118625 0.7109469709493266
0 0.3710387323943662 0.54518779342723 0.4188507752058123 0.7027316973043267
0 0.42561619718309857 0.54518779342723 0.4764852041385638 0.6997974250038572
0 0.49691901408450706 0.5586854460093896 0.5543587504339417 0.7121134475082105
0 0.5805457746478874 0.5563380281690141 0.635747999218905 0.7121148251008398
0 0.6412852112676056 0.5604460093896714 0.6955804202415196 0.7162203955343958
0 0.6980633802816901 0.54518779342723 0.7562948664699465 0.7009711339240451
0 0.7724471830985915 0.5434272300469484 0.8473712820496925 0.7150566741607706
0 0.9000880281690141 0.5404929577464789 0.9617517218185875 0.7262086308933413
0 0.9797535211267606 0.5504694835680751 0.999 0.7250290672044788
0 0.999 0.5492957746478874 0.999 0.7162269390993851
0 0.999 0.5522300469483568 0.999 0.7191594894090678
0 0.144806338028169 0.778169014084507 0.18963696904136085 0.8991912153673213
0 0.2011443661971831 0.7740610328638498 0.25343259490924425 0.9009541895347044
0 0.26100352112676056 0.7740610328638498 0.3071034315487998 0.9009541895347044
0 0.3164612676056338 0.7752347417840375 0.36869874063925806 0.8950849561374506
0 0.3785211267605634 0.7740610328638498 0.421048186123785 0.9021278984548922
0 0.4308978873239437 0.7769953051643192 0.48308499212705813 0.9021261764641054
0 0.5008802816901409 0.7811032863849765 0.5424732041013688 0.8604570990103375
0 0.5523767605633803 0.7769953051643192 0.5939470172708787 0.8745440168396923
0 0.6153169014084507 0.7699530516431925 0.6819474837581829 0.9103462716833081
0 0.6936619718309859 0.7799295774647887 0.7668601839912715 0.9162089615155723
0 0.7724471830985915 0.7740610328638498 0.8442902961341996 0.9150386965769579
0 0.9370598591549296 0.7711267605633803 0.9890241814000198 0.9050638927461482
0 0.999 0.7752347417840375 0.999 0.9162117167008309
0 0.999 0.7769953051643192 0.999 0.9079947210650444
0 0.6716549295774648 0.9753521126760564 0.7290177575133902 0.999
0 0.7429577464788732 0.9741784037558685 0.8064511629636977 0.999
0 0.8186619718309859 0.9794600938967136 0.8926854480757785 0.999
0 0.8961267605633803 0.9653755868544601 0.9670351554751042 0.999
0 0.9925176056338029 0.9765258215962441 0.999 0.999
0 0.3846830985915493 0.999 0.49454899511505657 0.999
0 0.31338028169014087 0.9683098591549296 0.3792634769886927 0.999
0 0.23459507042253522 0.9724178403755869 0.2776256183668915 0.999
0 0.16329225352112675 0.9653755868544601 0.21075559319827414 0.999
0 0.09330985915492958 0.971244131455399 0.12055752206903392 0.999
