0 0.7222711267605634 0.8368544600938967 0.8905271693984329 0.999
0 0.3142605633802817 0.5610328638497653 0.500301821935132 0.8911026802442197
0 0.41725352112676056 0.22593896713615025 0.5605557863023211 0.43003172595825345
0 0.24031690140845072 0.2300469483568075 0.39161957882860543 0.4265081884105887
0 0.605193661971831 0.24119718309859156 0.7576561647614561 0.42826220822588107
0 0.5774647887323944 0.03286384976525822 0.7158549890894663 0.22005113623840067
0 0.24163732394366197 0.005868544600938967 0.39954153286798255 0.21654585179307456
0 0.32438380281690143 0.8726525821596244 0.49369525360791505 0.999
0 0.5162852112676056 0.5686619718309859 0.7238044519316604 0.8112859964954043
0 0.8921654929577465 0.7194835680751174 0.9969664764555644 0.976103589455355
0 0.009683098591549295 0.5616197183098591 0.11751334370660584 0.648731443827283
0 0.09154929577464789 0.5604460093896714 0.24643857865502877 0.7954457476470719
0 0.00044014084507042255 0.27230046948356806 0.11267586261406468 0.4112251757808195
0 0.00044014084507042255 0.11795774647887323 0.11663713021969847 0.27223124545394434
0 0.7341549295774648 0.6220657276995305 0.8513494036401508 0.8171232008640261
0 0.547975352112676 0.8480046948356808 0.6304806446513589 0.9713333305781481
0 0.6461267605633803 0.840962441314554 0.7237473033624281 0.9836614070180079
0 0.07526408450704225 0.9178403755868545 0.20771335207548106 0.9947665256011814
0 0.061619718309859156 0.8145539906103286 0.20155738568736362 0.9161886420242896
