0 0.44366197183098594 0.3380281690140845 0.534575853005356 0.5297312041261654
0 0.5625 0.6848591549295775 0.6599636883802817 0.8968985568339615
0 0.6575704225352113 0.3075117370892019 0.7479500130182504 0.5643735259758866
0 0.2244718309859155 0.687206572769953 0.3282462712011506 0.8722492919173884
0 0.24647887323943662 0.36678403755868544 0.33835982443959534 0.5496673802596487
0 0.3626760563380282 0.6954225352112676 0.4439424841301329 0.8798735783244065
0 0.5422535211267606 0.3045774647887324 0.6318035855980957 0.5614409756662038
0 0.7706866197183099 0.30633802816901406 0.8658579724385043 0.5479422898895722
0 0.6945422535211268 0.6795774647887324 0.7884266979517953 0.8904462573563446
0 0.34507042253521125 0.3503521126760563 0.4342671344971236 0.5596535492296502
0 0.8080985915492958 0.6596244131455399 0.887848548155128 0.8687443518702197
0 0.028609154929577465 0.6778169014084507 0.227540224843781 0.9062923609733519
0 0.1483274647887324 0.3538732394366197 0.2336495037566951 0.5672805908219268
0 0.053257042253521125 0.33392018779342725 0.13025824954126167 0.5185833801714828
0 0.4608274647887324 0.6924882629107981 0.5675788611510613 0.8898518261367895
0 0.5735035211267606 0.11561032863849766 0.6841665917600674 0.1883124352531464
0 0.5919894366197183 0.02640845070422535 0.7083662018324737 0.10151032367916418
0 0.3732394366197183 0.017605633802816902 0.4417371305296568 0.17311173378297956
0 0.7055457746478874 0.10915492957746478 0.7602528407682008 0.17247115321034187
0 0.4590669014084507 0.04753521126760563 0.5086007628074787 0.176615296237519
0 0.07174295774647887 0.04284037558685446 0.1346515215854989 0.16370725330071192
0 0.8745598591549296 0.3257042253521127 0.9754073240056537 0.5631891407128216
0 0.8710387323943662 0.06279342723004695 0.999 0.18540915878683684
0 0.9815140845070423 0.3028169014084507 0.999 0.5532260464193612
0 0.999 0.061619718309859156 0.999 0.1830624297427759
0 0.999 0.30927230046948356 0.999 0.550287985739161
0 0.36971830985915494 0.999 0.4074076944058718 0.999
0 0.4159330985915493 0.999 0.4571232688826622 0.999
0 0.10079225352112677 0.9953051643192489 0.19581831326869667 0.999
0 0.23371478873239437 0.999 0.30007318891341 0.999
0 0.551056338028169 0.999 0.7308314012596706 0.999
0 0.5664612676056338 0.999 0.7378668744420749 0.999
0 0.45686619718309857 0.999 0.5019996187512399 0.999
0 0.31690140845070425 0.999 0.3488922088871256 0.999
0 0.014524647887323943 0.999 0.08274008598244396 0.999
0 0.8970070422535211 0.7077464788732394 0.9842002609849237 0.8704766746016002
0 0.9722711267605634 0.9612676056338029 0.999 0.999
0 0.999 0.999 0.999 0.999
0 0.15316901408450703 0.036384976525821594 0.3542459643423924 0.19305376468513744
0 0.999 0.6455399061032864 0.999 0.8364756221208314
0 0.8301056338028169 0.9894366197183099 0.8918001295625868 0.999
