0 0.46919014084507044 0.704225352112676 0.6080681381422337 0.9655491635257555
0 0.34815140845070425 0.579225352112676 0.46683620096459033 0.7308807362957085
0 0.625 0.6073943661971831 0.7734925176056338 0.6839158483766448
0 0.6223591549295775 0.3057511737089202 0.7422436799494148 0.46989099109524124
0 0.4744718309859155 0.2546948356807512 0.6045446866941083 0.45935757345323897
0 0.6307218309859155 0.1443661971830986 0.7563245062363618 0.3174035409640944
0 0.19102112676056338 0.7335680751173709 0.33486310689843285 0.9097807699089687
0 0.0030809859154929575 0.23591549295774647 0.1289599115378893 0.4311995801097666
0 0.20334507042253522 0.6578638497652582 0.33969923192322954 0.7232054789614053
0 0.00044014084507042255 0.11502347417840375 0.11619698937462805 0.22469775617712534
0 0.6377640845070423 0.6965962441314554 0.7783284489064669 0.8558118566642422
0 0.4639084507042254 0.545774647887324 0.6036690543790915 0.7074261885869205
0 0.08670774647887323 0.5686619718309859 0.20066606173130333 0.7138681561198175
0 0.7874119718309859 0.698943661971831 0.8768541320546518 0.7566320753157443
0 0.7552816901408451 0.602112676056338 0.8531006682701845 0.6768766944389341
0 0.21654929577464788 0.6167840375586855 0.3423342652747471 0.6633704319028411
0 0.3477112676056338 0.7394366197183099 0.47387864820968056 0.9655284996363155
0 0.7627640845070423 0.29401408450704225 0.8768649805966078 0.4499448274151954
0 0.886443661971831 0.2664319248826291 0.9974091357121603 0.45935068549009234
0 0.7724471830985915 0.1602112676056338 0.9010684651482841 0.30448344409178074
0 0.7750880281690141 0.7857981220657277 0.9032680070298551 0.9343980057969098
0 0.8886443661971831 0.6913145539906104 0.9890454910360047 0.7372703553086909
0 0.08230633802816902 0.721830985915493 0.19582644967516366 0.7906562024730543
0 0.6214788732394366 0.8591549295774648 0.6775433631719896 0.9202704489849898
0 0.27508802816901406 0.9196009389671361 0.329104274635489 0.974812440763517
0 0.20334507042253522 0.920774647887324 0.263114724880976 0.9654220806056999
0 0.897887323943662 0.7488262910798122 0.999 0.926790594899601
0 0.051056338028169015 0.7910798122065728 0.19143879562586788 0.9590427935374375
0 0.6892605633802817 0.8609154929577465 0.7540980367238643 0.9331802139125835
0 0.8516725352112676 0.5903755868544601 0.9969842990602062 0.6839258359232075
0 0.9137323943661971 0.16549295774647887 0.9960767022912121 0.2534240064801957
