0 1.081205985915493 0.7884389671361502 0.10431338028169014 0.17781690140845072
0 0.8888644366197183 0.7910798122065728 0.19850352112676056 0.15140845070422534
0 0.24713908450704225 0.15786384976525822 0.15096830985915494 0.09859154929577464
0 0.9955985915492958 1.0715962441314555 0.16725352112676056 0.09507042253521127
0 1.1036531690140845 0.17194835680751175 0.08142605633802817 0.13380281690140844
0 0.4394806338028169 0.5005868544600939 0.16329225352112675 0.15845070422535212
0 0.24559859154929578 0.49002347417840375 0.1522887323943662 0.15845070422535212
0 0.4324383802816901 0.801056338028169 0.17297535211267606 0.1267605633802817
0 0.21852992957746478 0.8083920187793427 0.18705985915492956 0.15551643192488263
0 0.6610915492957746 0.8163145539906104 0.19190140845070422 0.14906103286384975
0 0.6146566901408451 0.5067488262910798 0.1641725352112676 0.15199530516431925
0 0.8006161971830986 0.18544600938967137 0.10211267605633803 0.07394366197183098
0 0.6514084507042254 0.18192488262910797 0.1267605633802817 0.0903755868544601
0 0.6443661971830986 0.0733568075117371 0.12764084507042253 0.10211267605633803
0 0.8039172535211268 0.5293427230046949 0.1694542253521127 0.13732394366197184
0 0.7977552816901409 0.07130281690140845 0.13600352112676056 0.09800469483568075
0 0.07724471830985916 0.1449530516431925 0.13600352112676056 0.1443661971830986
0 0.9918573943661971 0.5088028169014085 0.144806338028169 0.12089201877934272
0 0.9940580985915493 0.36120892018779344 0.10519366197183098 0.051056338028169015
0 0.9181338028169014 0.15991784037558684 0.07306338028169014 0.13791079812206572
0 0.984375 0.16109154929577466 0.05677816901408451 0.14730046948356806
0 1.0398327464788732 0.16167840375586853 0.04005281690140845 0.10974178403755869
0 0.3615757042253521 1.068075117370892 0.10783450704225352 0.10915492957746478
0 0.918794014084507 0.05575117370892019 0.053257042253521125 0.06690140845070422
0 0.9995598591549296 0.05985915492957746 0.06690140845070422 0.04929577464788732
0 0.09485035211267606 0.4750586854460094 0.11223591549295775 0.12030516431924883
0 0.7876320422535211 1.0836267605633803 0.2125880281690141 0.11091549295774648
0 0.5048415492957746 1.0522300469483568 0.14348591549295775 0.1255868544600939
0 0.1736355633802817 1.045774647887324 0.1580105633802817 0.09389671361502347
0 0.03631161971830986 1.0208333333333333 0.053257042253521125 0.10504694835680752
0 0.055897887323943664 0.8104460093896714 0.11091549295774648 0.1619718309859155
0 1.1087147887323943 0.511150234741784 0.06426056338028169 0.17018779342723006
0 0.4742517605633803 0.11326291079812206 0.17913732394366197 0.11150234741784038
0 0.4826144366197183 0.2027582159624413 0.17297535211267606 0.041666666666666664
0 0.24977992957746478 0.053110328638497656 0.167693661971831 0.08626760563380281
