0 0.514524647887324 0.9102112676056338 0.6392981845739932 0.999
0 0.6434859154929577 0.1602112676056338 0.999 0.2763144300072737
0 0.3164612676056338 0.2852112676056338 0.4620085997941876 0.47929271639225024
0 0.6434859154929577 0.3198356807511737 0.999 0.47046957999955913
0 0.48723591549295775 0.5980046948356808 0.541158787009026 0.7607992930194626
0 0.0409330985915493 0.1402582159624413 0.16371437803759176 0.4987439799202098
0 0.5911091549295775 0.5856807511737089 0.6762363075902599 0.7590459620004849
0 0.3045774647887324 0.6062206572769953 0.35241875991866695 0.7560996357645089
0 0.14700704225352113 0.6437793427230047 0.21296346521027573 0.7695752468645991
0 0.17649647887323944 0.31396713615023475 0.2943765420427495 0.4810364042628226
0 0.7077464788732394 0.6073943661971831 0.8095476467962706 0.7596200737287575
0 0.3516725352112676 0.6068075117370892 0.39025014413062886 0.759033563666821
0 0.39436619718309857 0.6056338028169014 0.44216797262447927 0.7602079613833234
0 0.26188380281690143 0.6032863849765259 0.30578262156566155 0.7666647380369855
0 0.43794014084507044 0.6062206572769953 0.48484245592392383 0.7684235794264807
0 0.7566021126760564 0.8386150234741784 0.864543749070125 0.8833106719345809
0 0.5400528169014085 0.5927230046948356 0.5917517373165047 0.7748868996451321
0 0.07262323943661972 0.6426056338028169 0.13068986653193812 0.7725102079613834
0 0.21566901408450703 0.6091549295774648 0.25826775131422336 0.7596190405342855
0 0.008362676056338027 0.6490610328638498 0.068218150230609 0.7748538374220283
0 0.4867957746478873 0.2916666666666667 0.6151026427048205 0.46344385758998435
0 0.19806338028169015 0.1255868544600939 0.3084515566107915 0.30743803588353286
0 0.8384683098591549 0.6367370892018779 0.9287682797931958 0.7607765627410787
0 0.9330985915492958 0.6437793427230047 0.999 0.759011866582909
0 0.9088908450704225 0.8274647887323944 0.999 0.8827303610394763
0 0.8318661971830986 0.5146713615023474 0.9406549884695498 0.5671862257268179
0 0.832306338028169 0.5757042253521126 0.9353731046047412 0.6223147275672816
0 0.28829225352112675 0.9072769953051644 0.38719705446587976 0.999
0 0.4005281690140845 0.8791079812206573 0.4694539928833565 0.999
0 0.18529929577464788 0.8984741784037559 0.26884449854939496 0.999
0 0.1153169014084507 0.9019953051643192 0.17512530065959137 0.999
0 0.006602112676056338 0.9078638497652582 0.09506751667575877 0.999
0 0.6852992957746479 0.880868544600939 0.7681842872817893 0.929060523154577
0 0.9432218309859155 0.9683098591549296 0.999 0.999
0 0.8067781690140845 0.9507042253521126 0.9054547631298353 0.999
0 0.9172535211267606 0.8890845070422535 0.999 0.9548772978245057
0 0.7112676056338029 0.9559859154929577 0.7870989139059711 0.999
0 0.36047535211267606 0.07805164319248827 0.47387303021473914 0.248780486124887
0 0.5365316901408451 0.15082159624413147 0.6309258223194802 0.26516970563600695
0 0.7913732394366197 0.8926056338028169 0.9041411209333465 0.9466592689942472
