0 0.7235915492957746 0.9125586854460094 0.11883802816901408 0.2711267605633803
0 0.1311619718309859 0.4028755868544601 0.04401408450704225 0.30809859154929575
0 0.8701584507042254 0.9336854460093896 0.0880281690140845 0.23708920187793428
0 0.04841549295774648 0.4231220657276995 0.04225352112676056 0.28169014084507044
0 0.5673415492957746 0.4169600938967136 0.0625 0.38086854460093894
0 0.3873239436619718 0.4354460093896714 0.05457746478873239 0.3145539906103286
0 0.33274647887323944 0.4518779342723005 0.0528169014084507 0.2992957746478873
0 0.2735475352112676 0.4424882629107981 0.050616197183098594 0.3028169014084507
0 0.640625 0.42282863849765256 0.05765845070422535 0.3550469483568075
0 0.7086267605633803 0.4421948356807512 0.04929577464788732 0.31514084507042256
0 0.230193661971831 0.43603286384976525 0.04225352112676056 0.29694835680751175
0 0.4977992957746479 0.4424882629107981 0.05193661971830986 0.3145539906103286
0 0.44366197183098594 0.44072769953051644 0.045774647887323945 0.3145539906103286
0 0.7508802816901409 0.44630281690140844 0.04929577464788732 0.31514084507042256
0 0.1800176056338028 0.4310446009389671 0.040492957746478875 0.2822769953051643
0 0.7315140845070423 0.049002347417840375 0.04401408450704225 0.09096244131455399
0 1.0847271126760563 0.5073356807511737 0.09991197183098592 0.16607981220657278
0 0.8087588028169014 0.4339788732394366 0.061179577464788734 0.31866197183098594
0 0.8664172535211268 0.5272887323943662 0.03301056338028169 0.15199530516431925
0 0.851012323943662 0.0534037558685446 0.0488556338028169 0.10093896713615023
0 0.7860915492957746 0.046948356807511735 0.04753521126760563 0.08685446009389672
0 0.47403169014084506 0.8773474178403756 0.08626760563380281 0.3004694835680751
0 0.3701584507042254 0.8764671361502347 0.07570422535211267 0.2881455399061033
0 0.5871478873239436 0.9328051643192489 0.09859154929577464 0.2282863849765258
0 0.17825704225352113 0.8139671361502347 0.07306338028169014 0.17253521126760563
0 1.0233274647887325 0.9275234741784038 0.11443661971830986 0.3045774647887324
0 1.1210387323943662 0.9436619718309859 0.0528169014084507 0.27582159624413144
0 0.04533450704225352 0.8488849765258216 0.07746478873239436 0.272887323943662
0 1.044894366197183 0.06778169014084508 0.1382042253521127 0.11091549295774648
0 1.0453345070422535 0.1772300469483568 0.13732394366197184 0.09507042253521127
0 1.027068661971831 0.26965962441314556 0.14040492957746478 0.08392018779342723
0 1.027068661971831 0.3647300469483568 0.13600352112676056 0.09448356807511737
0 0.6703345070422535 0.049002347417840375 0.04929577464788732 0.08392018779342723
0 0.6137764084507042 0.0443075117370892 0.04709507042253521 0.07687793427230047
0 0.5352112676056338 0.04606807511737089 0.05545774647887324 0.0897887323943662
0 0.4555457746478873 0.04636150234741784 0.051056338028169015 0.08098591549295775
0 0.38204225352112675 0.046948356807511735 0.07658450704225352 0.08215962441314555
0 0.29247359154929575 0.04342723004694836 0.0840669014084507 0.07276995305164319
0 0.21390845070422534 0.04196009389671362 0.05897887323943662 0.07805164319248827
0 0.15735035211267606 0.04196009389671362 0.05677816901408451 0.0721830985915493
0 0.09859154929577464 0.0443075117370892 0.05017605633802817 0.07687793427230047
0 0.042693661971830985 0.04753521126760563 0.04929577464788732 0.07511737089201878
0 0.8987676056338029 0.05516431924882629 0.03433098591549296 0.08568075117370892
