0 0.5761443661971831 0.16725352112676056 0.6749224716698076 0.4834699216425312
0 0.7447183098591549 0.8914319248826291 0.8284574303213649 0.999
0 0.8032570422535211 0.18720657276995306 0.8847696932032335 0.375476991447905
0 0.09286971830985916 0.17488262910798122 0.23235349044088474 0.45529643038197887
0 0.09110915492957747 0.5164319248826291 0.21122750477335844 0.753804910842205
0 0.23371478873239437 0.5211267605633803 0.32031966778664944 0.7584969913376975
0 0.426056338028169 0.1965962441314554 0.5451469822455861 0.45880481441072096
0 0.3230633802816901 0.5375586854460094 0.4364775249206507 0.7537925125085412
0 0.24735915492957747 0.23943661971830985 0.33659887361138663 0.4646482179461747
0 0.45202464788732394 0.5393192488262911 0.5517376652077961 0.7473360802530362
0 0.7940140845070423 0.5176056338028169 0.8746505219698472 0.7150718276796932
0 0.707306338028169 0.1965962441314554 0.7884210799568537 0.378992607837951
0 0.7046654929577465 0.4953051643192488 0.7637743549766911 0.7062820979082634
0 0.5735035211267606 0.5011737089201878 0.6841665917600674 0.7655509543961737
0 0.3503521126760563 0.22887323943661972 0.4303035422039278 0.4593727269721616
0 0.007482394366197183 0.522887323943662 0.07746149542501488 0.7361954886596574
0 0.999 0.29518779342723006 0.999 0.41825399777381034
0 0.3226232394366197 0.8761737089201878 0.3999460285037691 0.999
0 0.426056338028169 0.8703051643192489 0.5006927568934735 0.999
0 0.25440140845070425 0.8667840375586855 0.31502887261951995 0.999
0 0.5079225352112676 0.8744131455399061 0.5768010904334457 0.999
0 0.009683098591549295 0.8661971830985915 0.11443235779111287 0.999
0 0.1756161971830986 0.8532863849765259 0.23715861963152152 0.999
0 0.12852112676056338 0.8726525821596244 0.16939765795477088 0.999
0 0.5875880281690141 0.8673708920187794 0.6489491249876017 0.999
0 0.6738556338028169 0.8603286384976526 0.7254956621330093 0.999
0 0.8459507042253521 0.863849765258216 0.9366875216970839 0.999
