0 0.8952464788732394 0.45305164319248825 0.9956446978526087 0.6247341246225395
0 0.871919014084507 0.6514084507042254 0.9428380638142233 0.8194533987965351
0 0.37411971830985913 0.45774647887323944 0.4536205458986312 0.601257191033525
0 0.2984154929577465 0.6467136150234741 0.37662921853302916 0.8282589708832022
0 0.6329225352112676 0.6490610328638498 0.7021862136728824 0.8212153397694462
0 0.3767605633802817 0.6467136150234741 0.45229896101963896 0.8270852619630145
0 0.2847711267605634 0.45774647887323944 0.37531480144068635 0.5953886464325862
0 0.20950704225352113 0.6467136150234741 0.2996437028863321 0.8247378441226388
0 0.5374119718309859 0.6496478873239436 0.6304852940264828 0.8300178122726972
0 0.4784330985915493 0.232981220657277 0.5578880136009721 0.4118351049174547
0 0.3785211267605634 0.2347417840375587 0.4756256509125174 0.41124721726288876
0 0.7090669014084507 0.45892018779342725 0.8187900233708589 0.6129935914390884
0 0.4555457746478873 0.4647887323943662 0.5394121717541163 0.5953845136546981
0 0.5585387323943662 0.22300469483568075 0.6427999389382067 0.4130146686063171
0 0.602112676056338 0.4595070422535211 0.7110025912517358 0.6071247024399921
0 0.025528169014084508 0.45305164319248825 0.11706622879884944 0.5906965659370936
0 0.2891725352112676 0.24061032863849766 0.3775135684264035 0.40948320990103376
0 0.13336267605633803 0.6525821596244131 0.20724763966722873 0.8235606912208777
0 0.6434859154929577 0.22417840375586853 0.7417942403540965 0.4089059985893451
0 0.1949823943661972 0.24178403755868544 0.28644587042501485 0.410069375564813
0 0.7046654929577465 0.6455399061032864 0.7778588620189447 0.832954495360268
0 0.45598591549295775 0.6484741784037559 0.5416126822555049 0.8200419752474156
0 0.04005281690140845 0.6514084507042254 0.12938377957002578 0.8165191264960656
0 0.375 0.04401408450704225 0.4558208626760563 0.18600703398796534
0 0.00044014084507042255 0.25410798122065725 0.05413713021969847 0.4030198896823823
0 0.542693661971831 0.04284037558685446 0.649409025676949 0.1848340138640922
0 0.8213028169014085 0.4636150234741784 0.8913638631967864 0.6182725263946748
0 0.45774647887323944 0.04107981220657277 0.5438126115850029 0.186008755978752
0 0.1914612676056338 0.05927230046948357 0.27984530754066655 0.18775864301615638
0 0.2746478873239437 0.04988262910798122 0.377519961317199 0.18717729892657983
0 0.12147887323943662 0.25528169014084506 0.19492892655227137 0.4047797642663493
0 0.10827464788732394 0.04870892018779343 0.1993361467218806 0.17720146190129826
0 0.741637323943662 0.2300469483568075 0.8539869554031938 0.41301053582842906
0 0.7794894366197183 0.6543427230046949 0.8671745204944455 0.8270807847869691
0 0.9414612676056338 0.6437793427230047 0.999 0.8182841670523926
0 0.3657570422535211 0.8714788732394366 0.463307325245487 0.999
0 0.292693661971831 0.8550469483568075 0.36870920173328703 0.999
0 0.6329225352112676 0.8685446009389671 0.7241932559264035 0.9977297273468668
0 0.5466549295774648 0.8697183098591549 0.6326819300486015 0.999
0 0.4630281690140845 0.8685446009389671 0.5468912728129339 0.9977297273468668
0 0.7253521126760564 0.8714788732394366 0.8064589119222376 0.999
0 0.8714788732394366 0.8509389671361502 0.9397572716226938 0.999
0 0.8045774647887324 0.8744131455399061 0.8636423514679628 0.9977262833652936
0 0.19806338028169015 0.8550469483568075 0.2961276129488197 0.999
0 0.05413732394366197 0.2652582159624413 0.12233532688206704 0.3989053648967356
0 0.8794014084507042 0.2681924882629108 0.999 0.4135750044082964
0 0.12015845070422536 0.45305164319248825 0.2015316204002182 0.605367927439441
0 0.1993838028169014 0.45774647887323944 0.28732421487552073 0.6112337168551213
0 0.9401408450704225 0.8697183098591549 0.999 0.9953816207101766
0 0.00044014084507042255 0.09507042253521127 0.09595051050138861 0.18773763472855914
