0 0.21786971830985916 0.8703051643192489 0.11179577464788733 0.19014084507042253
0 0.7321742957746479 0.18368544600938966 0.12455985915492958 0.18544600938967137
0 0.9507042253521126 0.8397887323943662 0.06073943661971831 0.22652582159624413
0 0.4005281690140845 0.5322769953051644 0.06866197183098592 0.2323943661971831
0 0.6870598591549296 0.897887323943662 0.11179577464788733 0.20187793427230047
0 0.23723591549295775 0.20657276995305165 0.037852112676056336 0.17253521126760563
0 0.37411971830985913 0.20980046948356806 0.04225352112676056 0.20481220657276994
0 0.30369718309859156 0.539612676056338 0.11179577464788733 0.23650234741784038
0 0.6175176056338029 0.1869131455399061 0.09066901408450705 0.18251173708920188
0 0.11619718309859155 0.5481220657276995 0.05017605633802817 0.18192488262910797
0 0.8327464788732394 0.5645539906103286 0.10035211267605634 0.15610328638497653
0 0.13006161971830985 0.23620892018779344 0.058538732394366196 0.12030516431924883
0 0.8565140845070423 0.20715962441314553 0.09859154929577464 0.15023474178403756
0 0.534330985915493 0.4950117370892019 0.1056338028169014 0.15434272300469484
0 0.1932218309859155 0.22007042253521128 0.03609154929577465 0.16666666666666666
0 0.04731514084507042 0.2494131455399061 0.08142605633802817 0.14084507042253522
0 0.19080105633802816 0.5431338028169014 0.06558098591549295 0.18251173708920188
0 0.045994718309859156 0.5413732394366197 0.06734154929577464 0.20363849765258216
0 0.2810299295774648 0.20862676056338028 0.035651408450704226 0.16960093896713616
0 0.698943661971831 0.4251760563380282 0.0994718309859155 0.06514084507042253
0 0.47975352112676056 0.20950704225352113 0.03961267605633803 0.14553990610328638
0 0.8116197183098591 0.4345657276995305 0.09859154929577464 0.05457746478873239
0 0.5356514084507042 0.19512910798122066 0.05017605633802817 0.17194835680751175
0 0.5165052816901409 0.8791079812206573 0.1034330985915493 0.22652582159624413
0 0.9544454225352113 0.3615023474178404 0.13512323943661972 0.0539906103286385
0 0.07174295774647887 0.8553403755868545 0.10387323943661972 0.18955399061032863
0 0.7026848591549296 0.5134976525821596 0.10871478873239436 0.06807511737089202
0 0.426056338028169 0.20481220657276994 0.05193661971830986 0.1572769953051643
0 0.9628080985915493 0.5686619718309859 0.09198943661971831 0.1772300469483568
0 0.7973151408450704 0.35827464788732394 0.10959507042253522 0.04870892018779343
0 0.9661091549295775 0.21742957746478872 0.07834507042253522 0.10269953051643192
0 0.8301056338028169 0.7514671361502347 0.11091549295774648 0.05927230046948357
0 0.8672975352112676 0.0977112676056338 0.11047535211267606 0.04753521126760563
0 0.8659771126760564 0.04107981220657277 0.10959507042253522 0.04812206572769953
0 0.351012323943662 0.8735328638497653 0.11575704225352113 0.21185446009389672
0 0.8111795774647887 0.8981807511737089 0.11267605633802817 0.16842723004694835
0 0.36311619718309857 1.0868544600938967 0.0880281690140845 0.0892018779342723
0 0.25308098591549294 1.0874413145539905 0.09859154929577464 0.0715962441314554
0 0.4975792253521127 1.0930164319248827 0.12279929577464789 0.06396713615023474
0 0.6012323943661971 0.8838028169014085 0.04753521126760563 0.14553990610328638
0 0.13930457746478872 1.0754107981220657 0.09727112676056338 0.08157276995305164
0 0.6454665492957746 1.1035798122065728 0.08582746478873239 0.06044600938967136
0 0.8963468309859155 1.0868544600938967 0.15272887323943662 0.06572769953051644
0 0.3279049295774648 0.20598591549295775 0.028169014084507043 0.16901408450704225
0 0.9586267605633803 0.43309859154929575 0.1267605633802817 0.05868544600938967
