0 0.0030809859154929575 0.2517605633802817 0.08494582703084706 0.5432794832374529
0 0.15492957746478872 0.3045774647887324 0.319474062685975 0.5473564686239503
0 0.3543133802816901 0.3034037558685446 0.5764285592516366 0.5614416644625184
0 0.6003521126760564 0.2153755868544601 0.7805456196687165 0.5614933241861183
0 0.8886443661971831 0.3438967136150235 0.9604363361064273 0.4833662577971743
0 0.9744718309859155 0.335093896713615 0.999 0.4763291702484075
0 0.999 0.33392018779342725 0.999 0.4516819717207785
0 0.9014084507042254 0.4935446009389671 0.987719450505852 0.6341000325111861
0 0.9986795774647887 0.4794600938967136 0.999 0.6352820069871499
0 0.999 0.4935446009389671 0.999 0.6370343048116555
0 0.43705985915492956 0.16607981220657278 0.5741914349211465 0.22349408461724965
0 0.9264964788732394 0.8215962441314554 0.999 0.999
0 0.6404049295774648 0.6919014084507042 0.8549117936049395 0.8716596822720359
0 0.4665492957746479 0.6901408450704225 0.6379988779508033 0.8922006215697944
0 0.2147887323943662 0.6737089201877934 0.442247012001587 0.8646281050937864
0 0.011443661971830986 0.676056338028169 0.17297031528962506 0.8728426899424717
0 0.0008802816901408451 0.9894366197183099 0.13424257029855188 0.999
0 0.24295774647887325 0.999 0.4475163038087681 0.999
0 0.49559859154929575 0.999 0.7911551062537195 0.999
