0 0.10607394366197183 0.049002347417840375 0.20774647887323944 0.08626760563380281
0 0.3204225352112676 0.038438967136150234 0.14964788732394366 0.06044600938967136
0 0.48151408450704225 0.03433098591549296 0.15404929577464788 0.056924882629107984
0 0.6388644366197183 0.028755868544600938 0.1307218309859155 0.04929577464788732
0 0.8301056338028169 0.03198356807511737 0.198943661971831 0.05575117370892019
0 1.0433538732394365 0.036384976525821594 0.1835387323943662 0.05868544600938967
0 0.160431338028169 0.45715962441314556 0.1738556338028169 0.2793427230046948
0 0.3265845070422535 0.2852112676056338 0.11619718309859155 0.15375586854460094
0 0.4628080985915493 0.24647887323943662 0.13512323943661972 0.11854460093896714
0 0.4753521126760563 0.3415492957746479 0.1329225352112676 0.045774647887323945
0 0.6183978873239436 0.2743544600938967 0.12764084507042253 0.17194835680751175
0 0.7924735915492958 0.2649647887323944 0.18882042253521128 0.15786384976525822
0 1.0105633802816902 0.26848591549295775 0.176056338028169 0.15082159624413147
0 1.099911971830986 0.5184859154929577 0.043133802816901406 0.11443661971830986
0 0.9768926056338029 0.5296361502347418 0.15536971830985916 0.13673708920187794
0 0.8230633802816901 0.5443075117370892 0.13468309859154928 0.13321596244131456
0 0.6696742957746479 0.5498826291079812 0.15096830985915494 0.1467136150234742
0 0.5253080985915493 0.5490023474178404 0.12367957746478873 0.13673708920187794
0 0.3716989436619718 0.5554577464788732 0.14392605633802816 0.12147887323943662
0 0.15845070422535212 0.8620892018779343 0.2658450704225352 0.1784037558685446
0 0.33428697183098594 0.9551056338028169 0.06910211267605634 0.08274647887323944
0 0.4597271126760563 1.0243544600938967 0.13336267605633803 0.17312206572769953
0 0.6615316901408451 0.9668427230046949 0.10915492957746478 0.08392018779342723
0 0.7838908450704225 0.9495305164319249 0.09859154929577464 0.06572769953051644
0 0.3857834507042254 0.7866784037558685 0.09198943661971831 0.10387323943661972
0 0.5352112676056338 0.7775821596244131 0.16637323943661972 0.09624413145539906
0 0.6782570422535211 0.7790492957746479 0.10035211267605634 0.09917840375586855
0 0.7845510563380281 0.7623239436619719 0.09551056338028169 0.10211267605633803
0 0.8835827464788732 0.7790492957746479 0.06470070422535211 0.13556338028169015
0 1.001100352112676 0.772593896713615 0.10255281690140845 0.09213615023474178
0 1.0904489436619718 0.7517605633802817 0.0743838028169014 0.09741784037558686
0 1.0994718309859155 0.937793427230047 0.05017605633802817 0.1255868544600939
0 0.14370598591549297 0.25088028169014087 0.15096830985915494 0.06279342723004695
