0 0.1619718309859155 0.5302230046948356 0.02640845070422535 0.232981220657277
0 0.457306338028169 0.19747652582159625 0.051056338028169015 0.23767605633802816
0 0.5184859154929577 0.19043427230046947 0.051056338028169015 0.22476525821596244
0 0.3842429577464789 0.5378521126760564 0.04665492957746479 0.25997652582159625
0 0.5693221830985915 0.19278169014084506 0.04973591549295775 0.2353286384976526
0 0.8091989436619719 0.5768779342723005 0.05237676056338028 0.23826291079812206
0 0.5294894366197183 0.5598591549295775 0.04225352112676056 0.2347417840375587
0 0.5834066901408451 0.5589788732394366 0.05149647887323944 0.22476525821596244
0 0.7506602112676056 0.5718896713615024 0.04621478873239437 0.26115023474178406
0 0.6410651408450704 0.5575117370892019 0.0488556338028169 0.24413145539906103
0 0.43309859154929575 0.5434272300469484 0.040492957746478875 0.2605633802816901
0 0.07174295774647887 0.5375586854460094 0.0448943661971831 0.23591549295774647
0 0.40999119718309857 0.1784037558685446 0.0409330985915493 0.23708920187793428
0 0.47755281690140844 0.5446009389671361 0.040492957746478875 0.2476525821596244
0 0.6938820422535211 0.5492957746478874 0.05149647887323944 0.25
0 0.7350352112676056 0.16637323943661972 0.05369718309859155 0.2916666666666667
0 0.9194542253521126 0.5704225352112676 0.043133802816901406 0.2746478873239437
0 0.11465669014084508 0.5313967136150235 0.04357394366197183 0.2130281690140845
0 0.0625 0.14465962441314553 0.040492957746478875 0.2811032863849765
0 0.6214788732394366 0.18955399061032863 0.0448943661971831 0.24647887323943662
0 0.674955985915493 0.18603286384976525 0.0409330985915493 0.2687793427230047
0 0.01738556338028169 0.5316901408450704 0.03301056338028169 0.2664319248826291
0 0.3576144366197183 0.19336854460093897 0.047975352112676055 0.22593896713615025
0 0.10497359154929578 0.1437793427230047 0.03125 0.2652582159624413
0 0.34110915492957744 0.528169014084507 0.035211267605633804 0.2147887323943662
0 0.01232394366197183 0.14407276995305165 0.023767605633802816 0.2517605633802817
0 0.9859154929577465 0.1637323943661972 0.0625 0.2863849765258216
0 1.0576584507042253 0.17165492957746478 0.03961267605633803 0.2916666666666667
0 0.8950264084507042 0.16696009389671362 0.05237676056338028 0.2517605633802817
0 0.8609154929577465 0.5751173708920188 0.04401408450704225 0.25
0 0.8404489436619719 0.1807511737089202 0.05501760563380282 0.2746478873239437
0 0.7880721830985915 0.1681338028169014 0.0488556338028169 0.2904929577464789
0 0.983274647887324 0.5360915492957746 0.05545774647887324 0.20481220657276994
0 1.049075704225352 0.5308098591549296 0.05149647887323944 0.19072769953051644
0 0.472931338028169 0.903169014084507 0.07878521126760564 0.21244131455399062
0 0.6751760563380281 0.8884976525821596 0.09419014084507042 0.2323943661971831
0 0.5787852112676056 0.8629694835680751 0.07130281690140845 0.20011737089201878
0 0.8831426056338029 0.9398474178403756 0.08230633802816902 0.2857981220657277
0 0.7880721830985915 0.9342723004694836 0.07790492957746478 0.27230046948356806
0 0.3813820422535211 0.875293427230047 0.07966549295774648 0.20715962441314553
0 0.04181338028169014 0.9198943661971831 0.037852112676056336 0.25528169014084506
0 0.09595070422535211 0.9295774647887324 0.03697183098591549 0.2323943661971831
0 0.15955105633802816 0.8908450704225352 0.02948943661971831 0.17488262910798122
0 0.23371478873239437 0.999706572769953 0.027288732394366196 0.0710093896713615
0 0.24163732394366197 0.34800469483568075 0.11619718309859155 0.0892018779342723
0 0.25110035211267606 0.4630281690140845 0.12455985915492958 0.07981220657276995
0 0.245818661971831 0.5490023474178404 0.12279929577464789 0.0698356807511737
0 0.24713908450704225 0.6276408450704225 0.11839788732394366 0.0698356807511737
0 0.25264084507042256 0.7036384976525821 0.10915492957746478 0.06572769953051644
0 0.25704225352112675 0.7690727699530516 0.10475352112676056 0.04870892018779343
0 0.25682218309859156 0.8377347417840375 0.1131161971830986 0.06279342723004695
0 0.2636443661971831 0.9122652582159625 0.12059859154929578 0.061619718309859156
