0 0.5761443661971831 0.2793427230046948 0.6894471195571314 0.5033571932376734
0 0.999 0.284037558685446 0.999 0.4810539685688466
0 0.3516725352112676 0.29518779342723006 0.4426269046940091 0.5244746550508056
0 0.23987676056338028 0.27582159624413144 0.3220775190314422 0.5127489309881197
0 0.46786971830985913 0.29577464788732394 0.5614137897366593 0.5444273622958408
0 0.7059859154929577 0.2711267605633803 0.8091082808470542 0.5156859584738478
0 0.014524647887323943 0.29577464788732394 0.10430698739089467 0.48984989750710833
0 0.8301056338028169 0.26936619718309857 0.9195290028020234 0.5127527193678503
0 0.11047535211267606 0.323943661971831 0.1922929245809363 0.5003967466772465
0 0.5448943661971831 0.7224178403755869 0.7550418598740329 0.7795056233331129
0 0.37191901408450706 0.6772300469483568 0.41488912015225154 0.8352833157001477
0 0.22887323943661972 0.6754694835680751 0.29699433396151553 0.8317632221340563
0 0.7900528169014085 0.01936619718309859 0.8702508570348145 0.15433135786550287
0 0.4220950704225352 0.6854460093896714 0.4615219651978774 0.8382127664264145
0 0.5519366197183099 0.801056338028169 0.7479965067694901 0.8622059528532698
0 0.45202464788732394 0.006455399061032864 0.531931327179627 0.14612297218364964
0 0.5585387323943662 0.0035211267605633804 0.6361978262621504 0.14436413079415458
0 0.5858274647887324 0.6725352112676056 0.7497421534045824 0.7132203431858758
0 0.23503521126760563 0.017605633802816902 0.3220796499950407 0.15667980890035046
0 0.3419894366197183 0.015258215962441314 0.4294269412690934 0.16313658555401267
0 0.11619718309859155 0.6296948356807511 0.20813547659194606 0.8006867988053517
0 0.4590669014084507 0.6842723004694836 0.5024387909764927 0.8053496054574709
0 0.12015845070422536 0.006455399061032864 0.22749993025937312 0.15668635246533977
0 0.9141725352112676 0.017018779342723004 0.9894743958911921 0.15081160869756882
0 0.9361795774647887 0.2564553990610329 0.999 0.5127602961273117
0 0.999 0.0011737089201877935 0.999 0.13673640040556326
0 0.3248239436619718 0.6801643192488263 0.3664943556585995 0.8382158660098304
0 0.999 0.6120892018779343 0.999 0.7789835157265974
0 0.8490316901408451 0.6220657276995305 0.9124784191504662 0.8335551257466552
0 0.6580105633802817 0.009976525821596244 0.7488301009844277 0.13144954429235822
0 0.009242957746478873 0.009976525821596244 0.11443255151507636 0.12851527199188872
0 0.00044014084507042255 0.13556338028169015 0.11927797529012102 0.1789110543542948
