0 0.10607394366197183 0.21097417840375587 0.17165492957746478 0.159037558685446
0 0.27838908450704225 0.20011737089201878 0.14744718309859156 0.176056338028169
0 0.49889964788732394 0.18632629107981222 0.18441901408450703 0.13556338028169015
0 0.717649647887324 0.1983568075117371 0.20642605633802816 0.176056338028169
0 0.9419014084507042 0.19512910798122066 0.19190140845070422 0.18603286384976525
0 1.107394366197183 0.22564553990610328 0.04929577464788732 0.11326291079812206
0 1.0796654929577465 0.47857981220657275 0.06690140845070422 0.1602112676056338
0 0.9157130281690141 0.4897300469483568 0.19586267605633803 0.1437793427230047
0 0.7207306338028169 0.4897300469483568 0.1624119718309859 0.13321596244131456
0 0.5250880281690141 0.4867957746478873 0.15933098591549297 0.1437793427230047
0 0.35321302816901406 0.482981220657277 0.12984154929577466 0.1467136150234742
0 0.21875 0.4856220657276995 0.11003521126760564 0.12969483568075119
0 0.07306338028169014 0.4841549295774648 0.1329225352112676 0.12206572769953052
0 0.10123239436619719 0.704225352112676 0.08274647887323944 0.10093896713615023
0 0.2323943661971831 0.7068661971830986 0.17517605633802816 0.09213615023474178
0 0.3899647887323944 0.7121478873239436 0.10915492957746478 0.08509389671361503
0 0.5110035211267606 0.7244718309859155 0.10827464788732394 0.09330985915492958
0 0.6232394366197183 0.721537558685446 0.08098591549295775 0.09917840375586855
0 0.7546214788732394 0.7285798122065728 0.14656690140845072 0.06866197183098592
0 0.8846830985915493 0.7291666666666666 0.07746478873239436 0.0698356807511737
0 0.9982394366197183 0.7285798122065728 0.03873239436619718 0.0710093896713615
0 0.18882042253521128 0.9325117370892019 0.13204225352112675 0.19718309859154928
0 0.41307218309859156 0.9157863849765259 0.1113556338028169 0.09917840375586855
0 0.5435739436619719 0.903169014084507 0.11619718309859155 0.07981220657276995
0 0.7112676056338029 0.8858568075117371 0.22095070422535212 0.05575117370892019
0 0.8862235915492958 0.914612676056338 0.09991197183098592 0.11326291079812206
0 1.007262323943662 0.9178403755868545 0.09815140845070422 0.08098591549295775
0 1.105193661971831 0.9157863849765259 0.06426056338028169 0.12969483568075119
