0 0.4198943661971831 0.34800469483568075 0.5072975817050188 0.4933403728316692
0 0.6245598591549296 0.3438967136150235 0.7136335564000198 0.49627705591924004
0 0.7117077464788732 0.3532863849765258 0.8025036497594723 0.5021400901496617
0 0.8133802816901409 0.36502347417840375 0.8997300262844674 0.513283436928299
0 0.7108274647887324 0.198943661971831 0.8082258681933148 0.34964850724062685
0 0.5224471830985915 0.34917840375586856 0.6102454017680023 0.5009687920165752
0 0.602112676056338 0.6197183098591549 0.6854744222376513 0.7384860808040733
0 0.37235915492957744 0.5921361502347418 0.457582588400119 0.7525867745597214
0 0.9110915492957746 0.21244131455399062 0.9960778646349931 0.36196452974498006
0 0.9044894366197183 0.3738262910798122 0.993439925424023 0.5115177075756574
0 0.4137323943661972 0.1983568075117371 0.5046594487700853 0.34495401595803304
0 0.6179577464788732 0.19718309859154928 0.7074744904284864 0.3467152681346294
0 0.2689260563380282 0.6244131455399061 0.36387811353154137 0.747872996980317
0 0.2852112676056338 0.34330985915492956 0.385877987998413 0.49334312801692787
0 0.144806338028169 0.23650234741784038 0.22264753242164254 0.3590161371200599
0 0.02640845070422535 0.3421361502347418 0.12058696811148581 0.48982269005267914
0 0.1892605633802817 0.35093896713615025 0.27940613531541364 0.49451235976107033
0 0.056338028169014086 0.23943661971830985 0.14390125967070025 0.33612709118561135
0 0.5136443661971831 0.1936619718309859 0.6093689945571314 0.32969855518085034
0 0.49691901408450706 0.6449530516431925 0.5952918490254909 0.7507952153452798
0 0.8111795774647887 0.20715962441314553 0.9028119808197778 0.3478831222861425
0 0.48723591549295775 0.7546948356807511 0.5697679419386035 0.902139263594084
0 0.2790492957746479 0.7588028169014085 0.3717961930916485 0.9115265241684851
0 0.386443661971831 0.7599765258215962 0.4654989244445547 0.902136164010668
0 0.5862676056338029 0.7546948356807511 0.681079987849633 0.8945101556128634
0 0.02992957746478873 0.732981220657277 0.11354316479865106 0.8651801753399899
