0 0.639524647887324 0.7030516431924883 0.7224297866866694 0.9086249696929621
0 0.2266725352112676 0.999 0.32164318990527674 0.999
0 0.4894366197183099 0.015258215962441314 0.5759289451497719 0.22240888602349623
0 0.6078345070422535 0.01232394366197183 0.703517678474013 0.21888948125371951
0 0.6170774647887324 0.2805164319248826 0.7026333285806388 0.4886851429390112
0 0.7473591549295775 0.6314553990610329 0.8187731693860345 0.9245120566906919
0 0.5422535211267606 0.6496478873239436 0.6419268250347153 0.8411680470144812
0 0.39744718309859156 0.6561032863849765 0.5024659123313826 0.855835620137098
0 0.16505281690140844 0.2822769953051643 0.28469848027425115 0.44232260739712137
0 0.31514084507042256 0.2676056338028169 0.47477326547312043 0.48165046617734575
0 0.21434859154929578 0.653169014084507 0.35289861417625473 0.8065415674799973
0 0.07174295774647887 0.6496478873239436 0.19935222581085102 0.8012619437280963
0 0.4977992957746479 0.30927230046948356 0.58076681369024 0.493949957570147
0 0.0035211267605633804 0.2546948356807512 0.12587873189843285 0.41593034340629065
0 0.721830985915493 0.028755868544600938 0.8148231377702837 0.23003007284709825
0 0.7196302816901409 0.29518779342723006 0.7950177683619322 0.49865305880667415
0 0.38600352112676056 0.02171361502347418 0.47650263929527875 0.17252246853578435
0 0.9401408450704225 0.30164319248826293 0.999 0.5086257962485398
0 0.999 0.6279342723004695 0.999 0.8341385362251758
0 0.8375880281690141 0.007042253521126761 0.9318496531566157 0.18368131323150166
0 0.999 0.2699530516431925 0.999 0.5150997928100686
0 0.8424295774647887 0.6473004694835681 0.9371292123338623 0.8963337438559369
0 0.9511443661971831 0.00528169014084507 0.999 0.18192178304569198
0 0.8235035211267606 0.29107981220657275 0.9287748664079547 0.5062845775749961
0 0.8235035211267606 0.999 0.9309755706333068 0.999
0 0.3600352112676056 0.999 0.48003519576968856 0.999
0 0.7209507042253521 0.999 0.7716897224013093 0.999
0 0.49471830985915494 0.999 0.6195005641241818 0.999
0 0.1113556338028169 0.999 0.22002141037244594 0.999
0 0.9625880281690141 0.999 0.999 0.999
0 0.008362676056338027 0.6607981220657277 0.060735755864411815 0.7959737100222619
0 0.00528169014084507 0.999 0.09462795700257885 0.999
0 0.647887323943662 0.999 0.7061408946637572 0.999
0 0.999 0.017018779342723004 0.999 0.16900409696047963
0 0.22535211267605634 0.009976525821596244 0.34365081333068836 0.14142607011395447
0 0.10167253521126761 0.011150234741784037 0.17205032018696687 0.09095589774956468
