0 0.11267605633802817 0.04401408450704225 0.21654929577464788 0.07981220657276995
0 0.347931338028169 0.03902582159624413 0.21786971830985916 0.0698356807511737
0 0.5836267605633803 0.04196009389671362 0.2262323943661972 0.0721830985915493
0 0.8169014084507042 0.045774647887323945 0.24031690140845072 0.0903755868544601
0 1.0418133802816902 0.051643192488262914 0.18221830985915494 0.09507042253521127
0 0.0565580985915493 0.27406103286384975 0.09815140845070422 0.14553990610328638
0 0.1954225352112676 0.2960680751173709 0.14964788732394366 0.1426056338028169
0 0.3752200704225352 0.2778755868544601 0.16329225352112675 0.15082159624413147
0 0.5589788732394366 0.30252347417840375 0.17077464788732394 0.1637323943661972
0 0.7477992957746479 0.2948943661971831 0.1813380281690141 0.17312206572769953
0 0.9394806338028169 0.2990023474178404 0.17473591549295775 0.16490610328638497
0 1.112455985915493 0.301056338028169 0.04533450704225352 0.18309859154929578
0 0.04841549295774648 0.5924295774647887 0.09595070422535211 0.19307511737089203
0 0.19630281690140844 0.6112089201877934 0.1329225352112676 0.17077464788732394
0 0.359375 0.6208920187793427 0.13424295774647887 0.16901408450704225
0 0.519806338028169 0.6176643192488263 0.1443661971830986 0.17077464788732394
0 0.6841989436619719 0.6288145539906104 0.14040492957746478 0.17312206572769953
0 0.8358274647887324 0.6182511737089202 0.14788732394366197 0.15199530516431925
0 0.9964788732394366 0.6273474178403756 0.1426056338028169 0.17018779342723006
0 1.1080545774647887 0.6373239436619719 0.04709507042253521 0.15375586854460094
0 0.025088028169014086 0.841255868544601 0.03961267605633803 0.12265258215962441
0 0.12147887323943662 0.8034037558685446 0.07130281690140845 0.04460093896713615
0 0.2304137323943662 0.8532863849765259 0.10695422535211267 0.11032863849765258
0 0.430237676056338 0.8846830985915493 0.13512323943661972 0.07805164319248827
0 0.5884683098591549 0.89231220657277 0.16461267605633803 0.08509389671361503
0 0.8149207746478874 0.8899647887323944 0.14568661971830985 0.07805164319248827
0 1.0127640845070423 0.9055164319248826 0.1329225352112676 0.08685446009389672
0 1.1102552816901408 0.9110915492957746 0.0409330985915493 0.11443661971830986
