0 0.08362676056338028 0.018192488262910797 0.42117798117932953 0.09212547389186448
0 0.4326584507042254 0.018192488262910797 0.671464498921345 0.09388603727214617
0 0.6852992957746479 0.024061032863849766 0.8975856957324935 0.10327226465207522
0 0.9190140845070423 0.03051643192488263 0.999 0.12322152791553703
0 0.999 0.21948356807511737 0.999 0.3883688476713174
0 0.8824823943661971 0.2347417840375587 0.999 0.3883598933192268
0 0.6949823943661971 0.22065727699530516 0.8504863633827614 0.37310994291256144
0 0.516725352112676 0.19718309859154928 0.6621845398978378 0.366081465317728
0 0.34066901408450706 0.20246478873239437 0.49764935342689937 0.377228600476096
0 0.19278169014084506 0.2347417840375587 0.3132954305941282 0.36312515153518926
0 0.05149647887323944 0.2529342723004695 0.16150902443711565 0.3730910010139082
0 0.06910211267605634 0.4818075117370892 0.15930057125322358 0.6522994087372435
0 0.1949823943661972 0.49061032863849763 0.31109375774895853 0.6593364962860103
0 0.3279049295774648 0.5181924882629108 0.4598028587457846 0.6604940184928034
0 0.4735915492957746 0.511150234741784 0.6243514121702043 0.6693009681720999
0 0.6426056338028169 0.49178403755868544 0.7774460362527277 0.6804625680530758
0 0.7944542253521126 0.522887323943662 0.9331890606402499 0.6716414980493288
0 0.9357394366197183 0.5545774647887324 0.999 0.6827731352906169
0 0.06910211267605634 0.7476525821596244 0.18967028956308274 0.8757349456677467
0 0.22535211267605634 0.7711267605633803 0.34056982741519537 0.8898056767837069
0 0.375 0.7417840375586855 0.4399757922535211 0.7888839295554233
0 0.4476232394366197 0.7476525821596244 0.492320588362924 0.7806645231325354
0 0.49559859154929575 0.7517605633802817 0.6032149654086492 0.8616480278383919
0 0.6109154929577465 0.7517605633802817 0.6493789984626066 0.7877043658665609
0 0.6830985915492958 0.7922535211267606 0.8170408897044238 0.8909669873702308
0 0.8393485915492958 0.8004694835680751 0.9824650754438603 0.9062203817584694
0 0.999 0.8092723004694836 0.999 0.919712868368269
