0 0.3600352112676056 0.6018192488262911 0.1311619718309859 0.11443661971830986
0 1.0880281690140845 0.8785211267605634 0.07042253521126761 0.12206572769953052
0 0.207306338028169 0.5880281690140845 0.11707746478873239 0.10446009389671361
0 0.6267605633802817 0.16725352112676056 0.11795774647887323 0.22300469483568075
0 0.47183098591549294 0.20187793427230047 0.13908450704225353 0.25
0 0.5193661971830986 0.5803990610328639 0.14964788732394366 0.19718309859154928
0 0.748899647887324 0.21156103286384975 0.07086267605633803 0.2775821596244131
0 0.8237235915492958 0.21625586854460094 0.06382042253521127 0.2975352112676056
0 0.921875 0.5839201877934272 0.08318661971830986 0.20657276995305165
0 0.1742957746478873 0.20481220657276994 0.11179577464788733 0.1643192488262911
0 0.6595510563380281 0.590962441314554 0.07878521126760564 0.17136150234741784
0 0.7400968309859155 0.585093896713615 0.0761443661971831 0.17253521126760563
0 0.31866197183098594 0.1898474178403756 0.11619718309859155 0.1414319248826291
0 0.05435739436619718 0.17546948356807512 0.10079225352112677 0.16549295774647887
0 0.9804137323943662 0.22769953051643194 0.1210387323943662 0.28169014084507044
0 1.052156690140845 0.5930164319248826 0.09991197183098592 0.17781690140845072
0 0.828125 0.5874413145539906 0.07878521126760564 0.18427230046948356
0 1.1005721830985915 0.2238849765258216 0.0840669014084507 0.23415492957746478
0 0.6386443661971831 0.8785211267605634 0.16285211267605634 0.16549295774647887
0 0.12037852112676056 1.0944835680751173 0.14128521126760563 0.08333333333333333
0 0.14216549295774647 0.8667840375586855 0.10123239436619719 0.15610328638497653
0 0.44278169014084506 0.875293427230047 0.1602112676056338 0.1437793427230047
0 0.2790492957746479 0.8626760563380281 0.12147887323943662 0.15258215962441316
0 0.2805897887323944 1.1035798122065728 0.13160211267605634 0.0710093896713615
0 0.460387323943662 1.0974178403755868 0.15933098591549297 0.07394366197183098
0 0.8807218309859155 1.1006455399061033 0.040492957746478875 0.06866197183098592
0 0.8025968309859155 0.8970070422535211 0.04181338028169014 0.08509389671361503
0 0.9339788732394366 0.914612676056338 0.04753521126760563 0.0721830985915493
0 0.8622359154929577 0.9251760563380281 0.04137323943661972 0.0733568075117371
0 0.8274647887323944 1.0991784037558685 0.04137323943661972 0.06690140845070422
0 0.7577024647887324 0.8949530516431925 0.037411971830985914 0.08568075117370892
0 0.7737676056338029 1.102112676056338 0.03961267605633803 0.06690140845070422
0 1.085387323943662 1.0988849765258215 0.07834507042253522 0.06866197183098592
0 0.06888204225352113 0.5548708920187794 0.1307218309859155 0.12852112676056338
0 0.9867957746478874 0.9157863849765259 0.04929577464788732 0.08509389671361503
0 0.9920774647887324 1.1015258215962442 0.08450704225352113 0.07863849765258216
0 0.924955985915493 1.1144366197183098 0.02420774647887324 0.051643192488262914
