0 0.6014524647887324 0.7655516431924883 0.04005281690140845 0.2576291079812207
0 0.8237235915492958 0.36678403755868544 0.047975352112676055 0.21244131455399062
0 0.7407570422535211 0.7224178403755869 0.04225352112676056 0.29460093896713613
0 0.3866637323943662 0.7467723004694836 0.05149647887323944 0.27523474178403756
0 0.17517605633802816 0.6822183098591549 0.04401408450704225 0.21889671361502347
0 0.8516725352112676 0.7153755868544601 0.056338028169014086 0.29107981220657275
0 0.09330985915492958 0.7247652582159625 0.056338028169014086 0.30164319248826293
0 0.2788292253521127 0.380575117370892 0.042693661971830985 0.2306338028169014
0 0.6428257042253521 0.7590962441314554 0.042693661971830985 0.2658450704225352
0 0.5521566901408451 0.7593896713615024 0.04181338028169014 0.27699530516431925
0 0.7940140845070423 0.7306338028169014 0.0448943661971831 0.30633802816901406
0 0.6404049295774648 0.38585680751173707 0.040492957746478875 0.18603286384976525
0 0.45268485915492956 0.7590962441314554 0.04533450704225352 0.27875586854460094
0 0.2891725352112676 0.7279929577464789 0.05721830985915493 0.25880281690140844
0 0.22425176056338028 0.38761737089201875 0.04357394366197183 0.22124413145539906
0 0.3320862676056338 0.3817488262910798 0.04357394366197183 0.18955399061032863
0 0.03939260563380282 0.7464788732394366 0.04709507042253521 0.2992957746478873
0 0.5035211267605634 0.7626173708920188 0.03873239436619718 0.27523474178403756
0 0.17737676056338028 0.3738262910798122 0.037852112676056336 0.215962441314554
0 0.6903609154929577 0.7376760563380281 0.04621478873239437 0.29460093896713613
0 0.7293133802816901 0.41343896713615025 0.040492957746478875 0.15082159624413147
0 0.5838468309859155 0.38321596244131456 0.04357394366197183 0.19248826291079812
0 0.6848591549295775 0.40874413145539906 0.03961267605633803 0.159037558685446
0 0.1327024647887324 0.32335680751173707 0.04181338028169014 0.12910798122065728
0 0.37874119718309857 0.38116197183098594 0.0409330985915493 0.13908450704225353
0 1.0380721830985915 0.3884976525821596 0.042693661971830985 0.2136150234741784
0 0.9942781690140845 0.37910798122065725 0.040492957746478875 0.20892018779342722
0 0.8694982394366197 0.3732394366197183 0.03917253521126761 0.21009389671361503
0 0.7706866197183099 0.4028755868544601 0.04753521126760563 0.18016431924882628
0 0.9212147887323944 0.37646713615023475 0.05369718309859155 0.1942488262910798
0 1.1133362676056338 0.7356220657276995 0.03389084507042254 0.23884976525821597
0 0.304137323943662 1.051056338028169 0.056338028169014086 0.1596244131455399
0 0.11289612676056338 1.073943661971831 0.05765845070422535 0.13028169014084506
0 0.5292693661971831 1.057218309859155 0.05501760563380282 0.17312206572769953
0 0.47579225352112675 1.0610328638497653 0.04841549295774648 0.17018779342723006
0 0.36641725352112675 1.0598591549295775 0.04445422535211268 0.1619718309859155
0 0.9042693661971831 1.0407863849765258 0.04445422535211268 0.16842723004694835
0 0.04951584507042254 1.0657276995305165 0.04709507042253521 0.16666666666666666
0 0.24669894366197184 1.057218309859155 0.047975352112676055 0.14964788732394366
0 0.7383362676056338 1.0375586854460095 0.047975352112676055 0.15610328638497653
0 0.42055457746478875 1.0545774647887325 0.0409330985915493 0.1431924882629108
0 0.5999119718309859 1.0522300469483568 0.058098591549295774 0.15845070422535212
0 0.9553257042253521 1.0613262910798122 0.0488556338028169 0.1426056338028169
0 0.6778169014084507 1.039906103286385 0.04929577464788732 0.14553990610328638
0 0.18023767605633803 1.0701291079812207 0.0409330985915493 0.15316901408450703
0 0.7482394366197183 0.8207159624413145 0.04225352112676056 0.12147887323943662
0 0.3422095070422535 0.8101525821596244 0.04445422535211268 0.15199530516431925
0 0.9898767605633803 1.0545774647887325 0.03873239436619718 0.15610328638497653
0 0.288512323943662 0.8139671361502347 0.04445422535211268 0.11971830985915492
0 0.8538732394366197 1.040199530516432 0.051056338028169015 0.1742957746478873
0 1.044674295774648 1.0369718309859155 0.04181338028169014 0.14906103286384975
0 1.1179577464788732 1.0328638497652582 0.04841549295774648 0.1936619718309859
0 0.7966549295774648 1.040199530516432 0.051056338028169015 0.16842723004694835
0 1.0858274647887325 0.3940727699530516 0.037852112676056336 0.20363849765258216
0 1.072843309859155 0.7432511737089202 0.03477112676056338 0.24589201877934272
0 1.0308098591549295 0.7426643192488263 0.03433098591549296 0.232981220657277
0 0.9894366197183099 0.7455985915492958 0.02112676056338028 0.22476525821596244
0 0.9559859154929577 0.7417840375586855 0.016725352112676055 0.22065727699530516
0 0.9203345070422535 0.7411971830985915 0.029049295774647887 0.2335680751173709
