0 0.6659330985915493 0.4354460093896714 0.7734745012770284 0.6605425786329874
0 0.5743838028169014 0.4454225352112676 0.6533563451572109 0.6605367238643126
0 0.37632042253521125 0.7752347417840375 0.4474576054478278 0.9948502143534131
0 0.7662852112676056 0.06866197183098592 0.8082014589739139 0.2751944471996297
0 0.9335387323943662 0.07570422535211267 0.9692193931635588 0.2716691876611783
0 0.12279929577464789 0.36619718309859156 0.2032910214367189 0.48628744296766513
0 0.05413732394366197 0.38438967136150237 0.11045152406516565 0.4939058746060085
0 0.5250880281690141 0.12852112676056338 0.609804098579151 0.26987762844673674
0 0.0880281690140845 0.5974178403755869 0.1280422411227931 0.720893534131235
0 0.1034330985915493 0.17136150234741784 0.1570847565587185 0.28863183010425625
0 0.4537852112676056 0.4254694835680751 0.5609798480584209 0.6763935038241972
0 0.43838028169014087 0.12441314553990611 0.5169725438901012 0.2786828561352465
0 0.6214788732394366 0.1255868544600939 0.6982299828902995 0.28220329409949524
0 0.8177816901408451 0.07805164319248827 0.870238652425114 0.24701992274460532
0 0.02992957746478873 0.5944835680751174 0.06996922113667922 0.7232426739623973
0 0.3732394366197183 0.4424882629107981 0.43909628545923424 0.645280229892658
0 0.0030809859154929575 0.3732394366197183 0.05017470027028367 0.49273870925081
0 0.38116197183098594 0.11913145539906103 0.4250082913856377 0.2669488665167846
0 0.1800176056338028 0.19014084507042253 0.2283538654904781 0.275123156781062
0 0.03433098591549296 0.1807511737089202 0.08229122755901606 0.2856920474332694
0 0.12588028169014084 0.6097417840375586 0.15927558086193216 0.7202994473098371
0 0.0017605633802816902 0.1789906103286385 0.036971056090061495 0.2997775876699949
0 0.7209507042253521 0.0892018779342723 0.7576052153590558 0.2722481209636536
0 0.2948943661971831 0.4131455399061033 0.3427399232543146 0.5332082479225904
0 0.7935739436619719 0.42077464788732394 0.9059007156938107 0.6734619867089863
0 0.9269366197183099 0.414906103286385 0.9934300455018846 0.6634889048689635
0 0.999 0.4154929577464789 0.999 0.6535120346492098
0 0.999 0.09096244131455399 0.999 0.25933628964711586
0 0.999 0.07687793427230047 0.999 0.27929760684608435
0 0.878080985915493 0.10446009389671361 0.9203881685801428 0.27047860323128126
0 0.04225352112676056 0.7981220657276995 0.0963722475699266 0.922066829773634
0 0.15669014084507044 0.999 0.2037162455365999 0.999
0 0.676056338028169 0.7676056338028169 0.798558073794882 0.999
0 0.1324823943661972 0.7904929577464789 0.18127971725600078 0.9144421989684587
0 0.46875 0.7881455399061033 0.5552514304577465 0.999
0 0.11619718309859155 0.999 0.15487843433842494 0.999
0 0.2130281690140845 0.7946009389671361 0.25518792774251137 0.9091580980405123
0 0.0017605633802816902 0.7946009389671361 0.03873161947034318 0.9343928398245499
0 0.2262323943661972 0.999 0.26926662306585997 0.999
0 0.06029929577464789 0.999 0.10076571333812735 0.999
0 0.4168133802816901 0.999 0.5139010504488197 0.999
0 0.0035211267605633804 0.999 0.041811830489982146 0.999
0 0.8221830985915493 0.7652582159624414 0.9234937574390001 0.999
0 0.9973591549295775 0.7582159624413145 0.999 0.999
0 0.9577464788732394 0.999 0.999 0.999
0 0.7011443661971831 0.999 0.8086702709655822 0.999
0 0.8195422535211268 0.999 0.9186533704870067 0.999
0 0.2381161971830986 0.0892018779342723 0.26838111082870464 0.28515891908571933
