0 0.042913732394366196 0.34507042253521125 0.0840669014084507 0.07511737089201878
0 0.176056338028169 0.34683098591549294 0.0897887323943662 0.05868544600938967
0 0.2720070422535211 0.3899647887323944 0.0977112676056338 0.17077464788732394
0 0.40911091549295775 0.3940727699530516 0.11223591549295775 0.15669014084507044
0 0.5369718309859155 0.397593896713615 0.09330985915492958 0.17194835680751175
0 0.6340228873239436 0.38438967136150237 0.0840669014084507 0.1619718309859155
0 0.7378961267605634 0.38438967136150237 0.10695422535211267 0.16784037558685447
0 0.8499119718309859 0.40023474178403756 0.0818661971830986 0.1467136150234742
0 0.9773327464788732 0.3829225352112676 0.09110915492957747 0.16490610328638497
0 1.0972711267605635 0.38761737089201875 0.0818661971830986 0.1637323943661972
0 1.1029929577464788 0.25997652582159625 0.06426056338028169 0.07863849765258216
0 0.7361355633802817 0.2039319248826291 0.10607394366197183 0.17312206572769953
0 0.6203785211267606 0.21801643192488263 0.09815140845070422 0.14847417840375587
0 0.34903169014084506 0.2529342723004695 0.10299295774647887 0.08685446009389672
0 0.045774647887323945 0.44072769953051644 0.09066901408450705 0.0880281690140845
0 0.16351232394366197 0.4345657276995305 0.12984154929577466 0.07570422535211267
0 0.06866197183098592 0.7482394366197183 0.08890845070422536 0.2664319248826291
0 0.1619718309859155 0.7180164319248826 0.028169014084507043 0.20129107981220656
0 0.23899647887323944 0.7370892018779343 0.07570422535211267 0.21948356807511737
0 0.3609154929577465 0.744131455399061 0.05545774647887324 0.2136150234741784
0 0.44608274647887325 0.7488262910798122 0.09110915492957747 0.22887323943661972
0 0.5376320422535211 0.755868544600939 0.05413732394366197 0.24061032863849766
0 0.5941901408450704 0.7370892018779343 0.06073943661971831 0.21948356807511737
0 0.7053257042253521 0.7831572769953051 0.15096830985915494 0.20246478873239437
0 0.890625 0.7769953051643192 0.14656690140845072 0.19248826291079812
0 1.0336707746478873 0.7764084507042254 0.12455985915492958 0.1607981220657277
0 0.7403169014084507 1.0718896713615023 0.13732394366197184 0.10622065727699531
0 0.9159330985915493 1.0208333333333333 0.1382042253521127 0.0710093896713615
0 0.9584066901408451 1.1053403755868545 0.1624119718309859 0.06748826291079812
0 1.086487676056338 1.0824530516431925 0.09991197183098592 0.11678403755868545
0 0.5653609154929577 1.0311032863849765 0.14568661971830985 0.07511737089201878
0 0.5726232394366197 1.1109154929577465 0.12059859154929578 0.0528169014084507
0 0.4275968309859155 1.0710093896713615 0.10695422535211267 0.11032863849765258
0 0.2557218309859155 1.0152582159624413 0.12588028169014084 0.08215962441314555
0 0.2832306338028169 1.102112676056338 0.14128521126760563 0.07746478873239436
0 0.15360915492957747 1.067488262910798 0.07042253521126761 0.11502347417840375
0 0.07020246478873239 1.0657276995305165 0.07790492957746478 0.1467136150234742
