0 0.65625 0.8949530516431925 0.7334259463028169 0.999
0 0.846830985915493 0.8867370892018779 0.9375674159392978 0.999
0 0.9515845070422535 0.8656103286384976 0.999 0.999
0 0.37632042253521125 0.8438967136150235 0.4474576054478278 0.999
0 0.2548415492957746 0.04107981220657277 0.3097469887547114 0.33448293438250787
0 0.8107394366197183 0.45129107981220656 0.8645199210226145 0.7602985380987018
0 0.13160211267605634 0.023474178403755867 0.19008292160533624 0.3415355198483546
0 0.061179577464788734 0.035211267605633804 0.12497307236907361 0.3538525755471798
0 0.47139084507042256 0.056924882629107984 0.5306023807900219 0.3250839642707576
0 0.8547535211267606 0.06279342723004695 0.9049935063727435 0.3544232432938791
0 0.6597711267605634 0.4753521126760563 0.7048152415815315 0.7591107088540633
0 0.3217429577464789 0.03755868544600939 0.36737599341648486 0.3309638740108885
0 0.4194542253521127 0.051056338028169015 0.4712062261332077 0.3039606476889506
0 0.3732394366197183 0.03873239436619718 0.4153286798254314 0.31746553263241417
0 0.19234154929577466 0.04284037558685446 0.25079562431809166 0.3321344833476603
0 0.3692781690140845 0.47124413145539906 0.4228128177073001 0.6875168755097092
0 0.7517605633802817 0.05985915492957746 0.8020458800337235 0.3385798948621305
0 0.477112676056338 0.4507042253521127 0.5173956370263837 0.7526697745156384
0 0.5233274647887324 0.4612676056338028 0.5653506481228923 0.7649875190107783
0 0.1936619718309859 0.5005868544600939 0.24331264878000394 0.7356217213295422
0 0.301056338028169 0.4800469483568075 0.3599027040765721 0.7186149959223258
0 0.7161091549295775 0.49295774647887325 0.7549665012522316 0.7391473252661509
0 0.2482394366197183 0.49061032863849763 0.29830623264233286 0.7197825056756817
0 0.8098591549295775 0.07276995305164319 0.8495555197381471 0.3379854636425753
0 0.6201584507042254 0.4876760563380282 0.6581777471607816 0.7450189694505059
0 0.002640845070422535 0.051643192488262914 0.055456584135092246 0.34445326103727214
0 0.5435739436619719 0.0528169014084507 0.5961515959755008 0.318630975996826
0 0.6144366197183099 0.03931924882629108 0.672704913459631 0.30748866241266065
0 0.6808978873239436 0.03814553990610329 0.7285735484650863 0.33565836529348236
0 0.5673415492957746 0.49471830985915494 0.6089052193885142 0.7420805643721484
0 0.9427816901408451 0.1056338028169014 0.9881413812983536 0.3215342524631356
0 0.13908450704225353 0.5217136150234741 0.18919934660781593 0.7391304497564417
0 0.4295774647887324 0.4477699530516432 0.46988134794683595 0.7274367547223876
0 0.9097711267605634 0.10622065727699531 0.95074393876463 0.3326841428067623
0 0.7579225352112676 0.4460093896713615 0.8121664073348542 0.746803985099958
0 0.9352992957746479 0.4636150234741784 0.9846235478451696 0.7016058597280082
0 0.8644366197183099 0.4753521126760563 0.9159927655723071 0.732115403689744
0 0.9977992957746479 0.6115023474178404 0.999 0.7302749399369614
0 0.999 0.09565727699530517 0.999 0.34325372225528444
0 0.8824823943661971 0.8004694835680751 0.999 0.8475349357490798
0 0.10475352112676056 0.9154929577464789 0.19889755566851813 0.999
0 0.2262323943661972 0.903169014084507 0.3194426794038881 0.999
0 0.7394366197183099 0.8779342723004695 0.8363822902201944 0.999
0 0.007922535211267605 0.8890845070422535 0.08934510451795279 0.999
0 0.5757042253521126 0.8838028169014085 0.6449930879289824 0.999
0 0.007482394366197183 0.5492957746478874 0.11223262218557825 0.7584804602261457
0 0.999 0.11443661971830986 0.999 0.3408952836738742
0 0.999 0.4653755868544601 0.999 0.6552433241861183
0 0.999 0.8873239436619719 0.999 0.999
