0 0.3573943661971831 0.21654929577464788 0.5165680482543146 0.2850841846855783
0 0.3019366197183099 0.36208920187793425 0.49986710536103945 0.5754917316890388
0 0.10783450704225352 0.4471830985915493 0.25655465030499897 0.5543150333928454
0 0.5374119718309859 0.33392018779342725 0.6956261390969054 0.5532077933170226
0 0.7367957746478874 0.3174882629107981 0.9147285229865106 0.547348891864489
0 0.9590669014084507 0.31279342723004694 0.999 0.5561544639511561
0 0.999 0.687206572769953 0.999 0.8675544562366373
0 0.7847711267605634 0.6860328638497653 0.9816088155251934 0.8798790886949238
0 0.5501760563380281 0.6748826291079812 0.7700043239188653 0.8687353975181291
0 0.3257042253521127 0.681924882629108 0.5311066442670105 0.8757735182613678
0 0.08494718309859155 0.698943661971831 0.2944168366271573 0.8563973335317068
0 0.09242957746478873 0.9794600938967136 0.2376353743056933 0.999
0 0.2671654929577465 0.9724178403755869 0.4501464940611982 0.999
0 0.4612676056338028 0.9823943661971831 0.5794624702439992 0.999
0 0.6003521126760564 0.9765258215962441 0.7624998450208292 0.999
0 0.7777288732394366 0.9741784037558685 0.9459605066579051 0.999
0 0.9986795774647887 0.9765258215962441 0.999 0.999
0 0.01584507042253521 0.340962441314554 0.16020429354294782 0.43172478729969804
0 0.09419014084507042 0.2711267605633803 0.20242333180420552 0.3366953481452093
0 0.18441901408450703 0.352112676056338 0.2640033367015473 0.407657210870859
0 0.5374119718309859 0.24178403755868544 0.6811014912095814 0.3185200797901651
