0 0.09441021126760564 0.09301643192488263 0.1800176056338028 0.06279342723004695
0 0.09286971830985916 0.1789906103286385 0.1813380281690141 0.06690140845070422
0 0.12940140845070422 0.30311032863849763 0.1813380281690141 0.15082159624413147
0 0.2834507042253521 0.2432511737089202 0.1267605633802817 0.2764084507042254
0 0.4154929577464789 0.26848591549295775 0.10827464788732394 0.22359154929577466
0 0.5743838028169014 0.25938967136150237 0.16549295774647887 0.17488262910798122
0 0.5470950704225352 0.09360328638497653 0.20950704225352113 0.12852112676056338
0 0.772887323943662 0.0903755868544601 0.1795774647887324 0.13262910798122066
0 0.7616637323943662 0.2681924882629108 0.18441901408450703 0.21830985915492956
0 1.0074823943661972 0.28667840375586856 0.17517605633802816 0.18720657276995306
0 0.9951584507042254 0.10416666666666667 0.19190140845070422 0.04870892018779343
0 0.9157130281690141 0.6596244131455399 0.22843309859154928 0.19248826291079812
0 1.1018926056338028 0.6833920187793427 0.06998239436619719 0.1954225352112676
0 0.6481073943661971 0.6678403755868545 0.2548415492957746 0.2147887323943662
0 0.38974471830985913 0.6643192488262911 0.24515845070422534 0.19131455399061034
0 0.12257922535211267 0.6810446009389671 0.23283450704225353 0.15786384976525822
0 0.15338908450704225 1.0017605633802817 0.10783450704225352 0.14553990610328638
0 0.0371919014084507 0.9844483568075117 0.06998239436619719 0.12969483568075119
0 0.3452904929577465 0.9530516431924883 0.17121478873239437 0.1960093896713615
0 0.5684419014084507 0.9292840375586855 0.20026408450704225 0.12617370892018778
0 0.78125 0.9732981220657277 0.11443661971830986 0.1637323943661972
0 0.9647887323943662 0.9738849765258216 0.17077464788732394 0.17312206572769953
