0 0.01056338028169014 0.007042253521126761 0.15844605485022814 0.1426015010249289
0 0.1949823943661972 0.0011737089201877935 0.38239657465036697 0.13967067270603276
0 0.4295774647887324 0.01232394366197183 0.6402158549890895 0.15081436388282748
0 0.676056338028169 0.009976525821596244 0.8821848343582622 0.15081574147545682
0 0.9388204225352113 0.011150234741784037 0.999 0.1789840667636492
0 0.9639084507042254 0.33098591549295775 0.999 0.4804395622561661
0 0.7429577464788732 0.2652582159624413 0.9512575009918666 0.47637015362913
0 0.491637323943662 0.267018779342723 0.7031286807553064 0.4945616086975688
0 0.23459507042253522 0.2681924882629108 0.46204463245139854 0.449959980934118
0 0.016725352112676055 0.2811032863849765 0.19189404694009124 0.43880216943287265
0 0.0022007042253521128 0.5745305164319249 0.23591452433792895 0.7977848999316715
0 0.2869718309859155 0.5815727699530516 0.45894059338424914 0.817146964336882
0 0.5008802816901409 0.5938967136150235 0.6555894012844674 0.8382664925389582
0 0.7588028169014085 0.6173708920187794 0.9332047522812933 0.8364921532323834
0 0.999 0.6355633802816901 0.999 0.8405894581101634
0 0.29225352112676056 0.960093896713615 0.5614910855980957 0.999
0 0.5985915492957746 0.9612676056338029 0.7889090706209085 0.999
0 0.8235035211267606 0.9571596244131455 0.9595847255628843 0.999
0 0.999 0.9530516431924883 0.999 0.999
0 0.030369718309859156 0.9154929577464789 0.2337014217789129 0.999
