0 0.1892605633802817 0.2605633802816901 0.17077464788732394 0.16901408450704225
0 0.04181338028169014 0.14465962441314553 0.0818661971830986 0.15551643192488263
0 0.053477112676056336 0.29694835680751175 0.10255281690140845 0.13497652582159625
0 0.3956866197183099 0.2661384976525822 0.0977112676056338 0.17194835680751175
0 0.5653609154929577 0.2136150234741784 0.17297535211267606 0.2934272300469484
0 0.7513204225352113 0.2520539906103286 0.136443661971831 0.1942488262910798
0 0.8798415492957746 0.2244718309859155 0.0994718309859155 0.23884976525821597
0 1.035431338028169 0.09154929577464789 0.18441901408450703 0.15492957746478872
0 1.0418133802816902 0.2720070422535211 0.15933098591549297 0.15786384976525822
0 0.045554577464788734 0.6343896713615024 0.08054577464788733 0.14788732394366197
0 0.245818661971831 0.6517018779342723 0.2125880281690141 0.16607981220657278
0 0.4359595070422535 0.6470070422535211 0.15713028169014084 0.16490610328638497
0 0.590669014084507 0.6499413145539906 0.1602112676056338 0.15669014084507044
0 0.7449383802816901 0.60768779342723 0.09463028169014084 0.24002347417840375
0 0.858274647887324 0.6299882629107981 0.07130281690140845 0.1789906103286385
0 0.9819542253521126 0.596830985915493 0.12764084507042253 0.18427230046948356
0 1.1007922535211268 0.6294014084507042 0.06602112676056338 0.20246478873239437
0 1.0180457746478873 0.9647887323943662 0.19806338028169015 0.16314553990610328
0 0.780149647887324 0.9706572769953051 0.22931338028169015 0.1607981220657277
0 0.5407130281690141 0.9785798122065728 0.230193661971831 0.15786384976525822
0 0.3888644366197183 0.9116784037558685 0.058538732394366196 0.17781690140845072
0 0.28169014084507044 0.9533450704225352 0.051056338028169015 0.20715962441314553
0 0.2048855633802817 0.9465962441314554 0.030369718309859156 0.1772300469483568
0 0.10519366197183098 0.9198943661971831 0.07658450704225352 0.23884976525821597
0 0.02046654929577465 0.9151995305164319 0.032130281690140844 0.20715962441314553
0 0.18463908450704225 0.08568075117370892 0.167693661971831 0.1467136150234742
0 0.29247359154929575 0.26261737089201875 0.025088028169014086 0.1954225352112676
0 0.3941461267605634 0.15023474178403756 0.10695422535211267 0.04929577464788732
0 0.7152288732394366 0.07423708920187794 0.11003521126760564 0.07805164319248827
0 0.8430897887323944 0.05604460093896713 0.10783450704225352 0.08392018779342723
0 0.6109154929577465 0.47975352112676056 0.18045774647887325 0.06279342723004695
0 0.5880281690140845 0.5431338028169014 0.18221830985915494 0.040492957746478875
