0 0.00044014084507042255 0.19718309859154928 0.17693642599434636 0.44589367189049794
0 0.0022007042253521128 0.15492957746478872 0.12455889053511209 0.18828936057660517
0 0.00044014084507042255 0.10328638497652583 0.11003501754364214 0.14782670986797153
0 0.19058098591549297 0.17488262910798122 0.49023301893225557 0.4523621580815094
0 0.5008802816901409 0.20246478873239437 0.7009239083267209 0.3396699150300866
0 0.49867957746478875 0.34683098591549294 0.6881607924394961 0.4481532682007538
0 0.7051056338028169 0.22476525821596244 0.8746896542104742 0.33672255559963854
0 0.698943661971831 0.34917840375586856 0.8707310987403294 0.4469781816879367
0 0.9075704225352113 0.20129107981220656 0.999 0.44706497002358436
0 0.999 0.22241784037558684 0.999 0.4177098486852256
0 0.8727992957746479 0.5674882629107981 0.999 0.8159815209724702
0 0.999 0.5586854460093896 0.999 0.806010161123234
0 0.7627640845070423 0.6830985915492958 0.8601396284839318 0.8041765853335979
0 0.727112676056338 0.6748826291079812 0.7487996863221583 0.8534771815556879
0 0.5554577464788732 0.6778169014084507 0.7185055203580639 0.8464332060437744
0 0.3886443661971831 0.5745305164319249 0.5491247163881174 0.715038421058432
0 0.3908450704225352 0.7265258215962441 0.554405437909145 0.8464046209967159
0 0.1936619718309859 0.5604460093896714 0.36039011356873635 0.7109387053935508
0 0.23371478873239437 0.721244131455399 0.38678093539228325 0.8352574858383477
0 0.04929577464788732 0.7183098591549296 0.2209290071414402 0.8352592078291344
0 0.02420774647887324 0.5745305164319249 0.18969004940735967 0.7068224586171175
0 0.14568661971830985 0.9471830985915493 0.2107633421568141 0.999
0 0.04709507042253521 0.9518779342723005 0.1174968771697084 0.999
0 0.23459507042253522 0.999 0.4673263225922436 0.999
0 0.5303697183098591 0.999 0.7488862809338425 0.999
0 0.7596830985915493 0.999 0.9081163366643522 0.999
0 0.9220950704225352 0.999 0.999 0.999
0 0.9181338028169014 0.920774647887324 0.999 0.9718774796667328
0 0.999 0.9196009389671361 0.999 0.999
0 0.9190140845070423 0.9853286384976526 0.999 0.999
0 0.5796654929577465 0.999 0.7435828937090855 0.999
0 0.5677816901408451 0.5393192488262911 0.7435881242561 0.5630637797835527
0 0.559419014084507 0.5686619718309859 0.7303875796592938 0.6745489072935263
