0 0.9788732394366197 0.37265258215962443 0.999 0.6218470348696247
0 0.8776408450704225 0.3996478873239437 0.9635221651210077 0.6230049014745752
0 0.14656690140845072 0.3585680751173709 0.2244073209060702 0.4862919201437105
0 0.6360035211267606 0.3755868544600939 0.7175897871826027 0.4774791156957394
0 0.00044014084507042255 0.7476525821596244 0.17077445416336046 0.999
0 0.7451584507042254 0.47769953051643194 0.8535452647664155 0.5977243547356124
0 0.23899647887323944 0.4953051643192488 0.2908279064793692 0.6135590932134277
0 0.30809859154929575 0.5023474178403756 0.3695827030847054 0.6129681059754458
0 0.5136443661971831 0.5029342723004695 0.6049675861064273 0.6170757427979457
0 0.15757042253521128 0.48884976525821594 0.22088135104641934 0.5947835388701537
0 0.22755281690140844 0.3544600938967136 0.3053575911897441 0.4651675703674315
0 0.7874119718309859 0.7177230046948356 0.9389139912095815 0.7624895991756486
0 0.08494718309859155 0.49295774647887325 0.1394872591623686 0.596541691463334
0 0.07966549295774648 0.3544600938967136 0.14169028807528267 0.47514409618902775
0 0.3930457746478873 0.48884976525821594 0.49014390590904583 0.6047600646917498
0 0.42077464788732394 0.38028169014084506 0.5015753632711764 0.47571579713019907
0 0.5682218309859155 0.6836854460093896 0.6894506065884745 0.7296457245035156
0 0.013644366197183098 0.3609154929577465 0.06865596638811744 0.4810088524102361
0 0.013204225352112676 0.4970657276995305 0.06689559673179923 0.6076895154180167
0 0.7451584507042254 0.3714788732394366 0.8275769549072605 0.4739603997222773
0 0.9705105633802817 0.6830985915492958 0.999 0.7208432520002646
0 0.5105633802816901 0.3673708920187793 0.6106907731600874 0.4815919184905993
0 0.7240316901408451 0.25704225352112675 0.8183432959110295 0.35196182966342654
0 0.7315140845070423 0.1942488262910798 0.8139385941529458 0.2487122952897353
0 0.6205985915492958 0.20011737089201878 0.698670511183297 0.26396706727060326
0 0.516725352112676 0.19014084507042253 0.6045260891936124 0.275123156781062
0 0.999 0.3732394366197183 0.999 0.606588474509026
0 0.9797535211267606 0.7658450704225352 0.999 0.999
0 0.7733274647887324 0.7752347417840375 0.9512441340383854 0.999
0 0.5713028169014085 0.7599765258215962 0.7585513631967864 0.999
0 0.37411971830985913 0.7576291079812206 0.5605747712507438 0.999
0 0.1738556338028169 0.7588028169014085 0.364800239597798 0.999
0 0.4295774647887324 0.17077464788732394 0.4984905028764134 0.28921902896250745
0 0.45686619718309857 0.11737089201877934 0.5310489145258878 0.18302971191782938
0 0.6254401408450704 0.4935446009389671 0.7281578168394168 0.6018230372060217
0 0.36047535211267606 0.4078638497652582 0.40741176260910533 0.4815681550177434
