0 0.0625 0.1073943661971831 0.11003521126760564 0.1983568075117371
0 0.27024647887323944 0.10827464788732394 0.2852112676056338 0.19190140845070422
0 0.6150968309859155 0.11384976525821597 0.2830105633802817 0.18896713615023475
0 0.8507922535211268 0.1273474178403756 0.15933098591549297 0.21244131455399062
0 1.0391725352112675 0.125 0.1311619718309859 0.22769953051643194
0 0.045994718309859156 0.4477699530516432 0.08582746478873239 0.284037558685446
0 0.16461267605633803 0.43661971830985913 0.07570422535211267 0.2640845070422535
0 0.273987676056338 0.4694835680751174 0.11839788732394366 0.2875586854460094
0 0.4040492957746479 0.45980046948356806 0.11619718309859155 0.3022300469483568
0 0.522887323943662 0.4988262910798122 0.03961267605633803 0.2323943661971831
0 0.6001320422535211 0.5129107981220657 0.09110915492957747 0.2147887323943662
0 0.7152288732394366 0.4562793427230047 0.0721830985915493 0.2106807511737089
0 0.9148327464788732 0.5290492957746479 0.23283450704225353 0.20833333333333334
0 1.1016725352112675 0.528169014084507 0.07834507042253522 0.19014084507042253
0 0.9971390845070423 0.8125 0.20818661971830985 0.15786384976525822
0 0.8188820422535211 0.8776408450704225 0.14128521126760563 0.1426056338028169
0 0.6608714788732394 0.8852699530516432 0.1289612676056338 0.1414319248826291
0 0.5356514084507042 0.857981220657277 0.09859154929577464 0.18192488262910797
0 0.4040492957746479 0.9166666666666666 0.17077464788732394 0.0892018779342723
0 0.2577024647887324 0.8438967136150235 0.1192781690140845 0.1255868544600939
0 0.0664612676056338 0.8392018779342723 0.10387323943661972 0.2136150234741784
