0 0.4251760563380282 0.585093896713615 0.568914975327316 0.8124500622671867
0 0.3670774647887324 0.3204225352112676 0.5293278708341599 0.4763377802023408
0 0.5448943661971831 0.20598591549295775 0.697823550014878 0.33203874065992195
0 0.539612676056338 0.3421361502347418 0.6960653113221583 0.46810907502920496
0 0.18705985915492956 0.3174882629107981 0.36039301942818885 0.47633950219312743
0 0.7909330985915493 0.301056338028169 0.9182258216995635 0.4792834176420023
0 0.7997359154929577 0.1073943661971831 0.9358275810231105 0.2880825150433115
0 0.7451584507042254 0.7359154929577465 0.8412213211044436 0.8405305660252596
0 0.0035211267605633804 0.5715962441314554 0.19586112626463004 0.7602279364764487
0 0.035211267605633804 0.3884976525821596 0.18572393870263837 0.46690815865458796
0 0.5484154929577465 0.596830985915493 0.6947410143076771 0.7989455217218806
0 0.3125 0.7030516431924883 0.4043518926056338 0.8217705095990654
0 0.032130281690140844 0.29870892018779344 0.08933444969996032 0.3718904290374485
0 0.5743838028169014 0.9084507042253521 0.6797647958614361 0.999
0 0.09727112676056338 0.3004694835680751 0.1830557785533624 0.37423681368335204
0 0.9216549295774648 0.30633802816901406 0.999 0.481040881438868
0 0.448943661971831 0.9254694835680751 0.5583411339515969 0.994762048425136
0 0.4581866197183099 0.8251173708920188 0.5733018544807578 0.914421879477176
0 0.19410211267605634 0.931924882629108 0.29656949730956156 0.999
0 0.1949823943661972 0.6660798122065728 0.3106536169038881 0.9098203756970619
0 0.7024647887323944 0.8227699530516432 0.8130710982443959 0.9144232570698053
0 0.31558098591549294 0.8433098591549296 0.4171146210449316 0.9907022829465053
0 0.00044014084507042255 0.7857981220657277 0.16109135557181115 0.9297031701161587
0 0.8221830985915493 0.9289906103286385 0.9322965743404086 0.978914911613657
0 0.8336267605633803 0.8374413145539906 0.925249283996231 0.9144146471158721
0 0.5840669014084507 0.8204225352112676 0.7008872944976196 0.9097297989816835
0 0.866637323943662 0.7341549295774648 0.9648474307553065 0.8199916931164452
