0 0.8930457746478874 0.7576291079812206 0.9388674974583416 0.9801891847957857
0 0.9683098591549296 0.7394366197183099 0.9982533847450903 0.9555519738147192
0 0.999 0.6889671361502347 0.999 0.8857459113050762
0 0.999 0.6971830985915493 0.999 0.8968913244726576
0 0.7649647887323944 0.7447183098591549 0.7932372514134101 0.8199854939496132
0 0.6382042253521126 0.7335680751173709 0.7281521988444752 0.9690530703784522
0 0.5400528169014085 0.7323943661971831 0.6119982161897441 0.9649457779541096
0 0.46875 0.7294600938967136 0.5385260783450704 0.9708160445458353
0 0.35563380281690143 0.7476525821596244 0.4435054428684785 0.9708053682029579
0 0.2108274647887324 0.7476525821596244 0.26619241748908945 0.9690448048226763
0 0.07878521126760564 0.7335680751173709 0.20154983045278715 0.970813633758734
0 0.008362676056338027 0.7588028169014085 0.06601744600525689 0.9889913129008795
0 0.028609154929577465 0.38967136150234744 0.07965290090011903 0.5924943243183671
0 0.10607394366197183 0.38438967136150237 0.14035824210226147 0.5543518839956798
0 0.17913732394366197 0.48708920187793425 0.22439298533277127 0.6000662622054708
0 0.17209507042253522 0.38438967136150237 0.2895369299866098 0.46397629714121974
0 0.15845070422535212 0.29225352112676056 0.2789795551477881 0.3701336540368974
0 0.15845070422535212 0.21654929577464788 0.2745781466970839 0.2833236213052966
0 0.14040492957746478 0.13262910798122066 0.2706248217739536 0.20942920826996406
0 0.13336267605633803 0.04460093896713615 0.2653462312165245 0.12321326235976107
0 0.047975352112676055 0.008215962441314555 0.0805246587358659 0.17487780753377855
0 0.0022007042253521128 0.011150234741784037 0.02200607363370363 0.16783383202186516
0 0.3261443661971831 0.005868544600938967 0.3625325068810752 0.16490265930481166
0 0.37940140845070425 0.014084507042253521 0.42016751698571714 0.1690058189512663
0 0.4317781690140845 0.014084507042253521 0.46195784411575086 0.164897837730609
0 0.491637323943662 0.015258215962441314 0.5279526244172783 0.18426334611739295
0 0.5356514084507042 0.009976525821596244 0.578549449204027 0.1913086992219357
0 0.6007922535211268 0.0011737089201877935 0.6432214822827812 0.17312137693138485
0 0.6624119718309859 0.004107981220657277 0.7030535158574688 0.17898819954153716
0 0.7244718309859155 0.004107981220657277 0.7637656373983336 0.1707722371002226
0 0.7830105633802817 0.004107981220657277 0.8222786045055545 0.1760539272410677
0 0.8384683098591549 0.0005868544600938967 0.8746309558495339 0.1901405006722652
0 0.9088908450704225 0.0029342723004694834 0.9450224952266416 0.18720485077916638
0 0.9705105633802817 0.0029342723004694834 0.999 0.19718137660076263
0 0.999 0.005868544600938967 0.999 0.16783693160528113
0 0.8499119718309859 0.33274647887323944 0.9199604260687364 0.6019174023011307
0 0.7442781690140845 0.3380281690140845 0.8258167789749058 0.6159988097599683
0 0.6329225352112676 0.2992957746478873 0.7092284671940091 0.5696600376909343
0 0.5347711267605634 0.29225352112676056 0.6089195549618132 0.5180209779805593
0 0.40360915492957744 0.31161971830985913 0.4936603832944852 0.5561551527474707
0 0.304137323943662 0.2852112676056338 0.3814682494172783 0.5362175990213582
0 0.999 0.011150234741784037 0.999 0.17311552216271023
