0 0.8435299295774648 0.4650821596244131 0.07174295774647887 0.16842723004694835
0 0.29995598591549294 1.02787558685446 0.08846830985915492 0.13673708920187794
0 0.5829665492957746 0.4800469483568075 0.07262323943661972 0.16549295774647887
0 0.6712147887323944 0.4994131455399061 0.06778169014084508 0.1784037558685446
0 0.4977992957746479 0.4562793427230047 0.07746478873239436 0.159037558685446
0 0.40250880281690143 0.45539906103286387 0.08670774647887323 0.14788732394366197
0 0.1329225352112676 0.4154929577464789 0.1619718309859155 0.12441314553990611
0 0.6236795774647887 0.7561619718309859 0.08362676056338028 0.16960093896713616
0 0.8080985915492958 0.17634976525821597 0.07658450704225352 0.15669014084507044
0 0.519806338028169 0.7687793427230047 0.06954225352112677 0.15023474178403756
0 0.44036091549295775 0.7617370892018779 0.06205985915492958 0.15845070422535212
0 0.3221830985915493 0.818368544600939 0.10387323943661972 0.13086854460093897
0 0.28257042253521125 0.18838028169014084 0.09683098591549295 0.13732394366197184
0 0.7559419014084507 0.4809272300469484 0.06558098591549295 0.1613849765258216
0 0.4410211267605634 0.1813380281690141 0.04929577464788732 0.14553990610328638
0 0.28257042253521125 0.41431924882629106 0.1073943661971831 0.14084507042253522
0 0.11399647887323944 0.613556338028169 0.10123239436619719 0.09800469483568075
0 0.5286091549295775 0.15434272300469484 0.07834507042253522 0.19953051643192488
0 0.16109154929577466 0.21097417840375587 0.09242957746478873 0.09565727699530517
0 0.3882042253521127 0.17928403755868544 0.045774647887323945 0.13204225352112675
0 0.28257042253521125 0.6126760563380281 0.12235915492957747 0.0880281690140845
0 0.9247359154929577 0.4762323943661972 0.07570422535211267 0.22359154929577466
0 1.0101232394366197 0.4753521126760563 0.07922535211267606 0.21009389671361503
0 1.019806338028169 0.7687793427230047 0.07130281690140845 0.16784037558685447
0 0.957306338028169 0.25440140845070425 0.15580985915492956 0.05575117370892019
0 1.1005721830985915 0.7576291079812206 0.07086267605633803 0.18192488262910797
0 1.1045334507042253 0.48620892018779344 0.07790492957746478 0.20715962441314553
0 1.0035211267605635 0.17928403755868544 0.11443661971830986 0.06631455399061033
0 0.9058098591549296 0.15082159624413147 0.04929577464788732 0.0892018779342723
0 0.47557218309859156 1.016431924882629 0.11487676056338028 0.13497652582159625
0 0.6461267605633803 1.0413732394366197 0.03697183098591549 0.1238262910798122
0 0.6861795774647887 1.046068075117371 0.03345070422535211 0.13908450704225353
0 0.8338468309859155 0.7960680751173709 0.06998239436619719 0.16725352112676056
0 0.5752640845070423 1.034037558685446 0.04841549295774648 0.11150234741784038
0 0.21346830985915494 0.835387323943662 0.09507042253521127 0.09448356807511737
0 0.7297535211267606 0.7769953051643192 0.07658450704225352 0.18427230046948356
0 0.7240316901408451 1.0528169014084507 0.03345070422535211 0.13262910798122066
0 0.1344630281690141 1.0751173708920188 0.08934859154929578 0.03873239436619718
0 0.1054137323943662 0.8189553990610329 0.1034330985915493 0.0897887323943662
0 0.8983274647887324 0.977406103286385 0.15669014084507044 0.040492957746478875
0 0.882262323943662 1.039612676056338 0.2055457746478873 0.061619718309859156
0 0.9212147887323944 0.7846244131455399 0.07570422535211267 0.16901408450704225
0 0.8813820422535211 1.1032863849765258 0.20378521126760563 0.057511737089201875
0 1.0847271126760563 1.0475352112676057 0.05237676056338028 0.1443661971830986
0 0.6674735915492958 0.1892605633802817 0.17825704225352113 0.1637323943661972
0 0.417693661971831 0.04753521126760563 0.1267605633802817 0.0892018779342723
0 0.04467429577464789 0.2062793427230047 0.08494718309859155 0.11326291079812206
0 0.13952464788732394 1.0299295774647887 0.1153169014084507 0.10328638497652583
0 0.028389084507042254 1.0088028169014085 0.047975352112676055 0.11971830985915492
0 0.3813820422535211 1.0208333333333333 0.05237676056338028 0.11561032863849766
