0 0.2323943661971831 0.08215962441314555 0.4215526433247372 0.21063253543168245
0 0.44058098591549294 0.09448356807511737 0.6160032654111288 0.23057835471357094
0 0.2918133802816901 0.556924882629108 0.360346913124876 0.6815980487777998
0 0.11971830985915492 0.5528169014084507 0.1936092789129141 0.6733844971235866
0 0.03389084507042254 0.0733568075117371 0.22489705508579647 0.20770342910357292
0 0.7750880281690141 0.5580985915492958 0.8372468802692918 0.6798367966012036
0 0.20642605633802816 0.5498826291079812 0.2793985800808371 0.6845364538561572
0 0.6914612676056338 0.5663145539906104 0.758498476554751 0.6827662473274703
0 0.032130281690140844 0.21185446009389672 0.23414078772812935 0.3402512591196632
0 0.23283450704225353 0.2153755868544601 0.4228728721359849 0.3449440284114704
0 0.4529049295774648 0.5639671361502347 0.5222478411401508 0.6815939159999118
0 0.6236795774647887 0.2576291079812207 0.7875776058197778 0.35724317540611433
0 0.5387323943661971 0.5610328638497653 0.6036361213052965 0.6815956379906986
0 0.37808098591549294 0.5575117370892019 0.44261528125619914 0.6827714132998303
0 0.6329225352112676 0.12147887323943662 0.784052410855981 0.23525734807908485
0 0.45422535211267606 0.4102112676056338 0.5279690909541758 0.5519893126363816
0 0.7724471830985915 0.43661971830985913 0.8350473383877207 0.5472789790385505
0 0.5673415492957746 0.755868544600939 0.6304721207969648 0.8516690912296944
0 0.6161971830985915 0.562206572769953 0.6771055470144812 0.6874634937953228
0 0.5356514084507042 0.414906103286385 0.6093593083589565 0.5560945386717803
0 0.8402288732394366 0.43133802816901406 0.9054400401086093 0.5549111866031873
0 0.43882042253521125 0.23943661971830985 0.6094019276309264 0.3554932883687099
0 0.02772887323943662 0.6179577464788732 0.11398427426353898 0.6739331233882166
0 0.6914612676056338 0.4278169014084507 0.7620196033153144 0.5549132529921311
0 0.6223591549295775 0.4213615023474178 0.6788633982592739 0.5472879333906412
0 0.027288732394366196 0.5539906103286385 0.10870277784665741 0.6094166721770372
0 0.207306338028169 0.42194835680751175 0.27939819263291016 0.5455270256122021
0 0.795774647887324 0.7599765258215962 0.8596849583415989 0.8516666804425929
0 0.8072183098591549 0.25 0.9776376679974211 0.35548708920187794
0 0.8499119718309859 0.5633802816901409 0.919520285223666 0.6815942603980691
0 0.00044014084507042255 0.7552816901408451 0.07658431331829003 0.832303238444753
0 0.5629401408450704 0.8697183098591549 0.635755748177445 0.9883393671890498
0 0.6430457746478874 0.8685446009389671 0.7109845749231304 0.9760161123233926
0 0.6421654929577465 0.7505868544600939 0.704382849695001 0.8434562283717957
0 0.3204225352112676 0.8714788732394366 0.39158432106724855 0.98716462507439
0 0.4850352112676056 0.8744131455399061 0.5561245443612378 0.9918577387643546
0 0.491637323943662 0.7529342723004695 0.5499596666707994 0.8575393578214199
0 0.7200704225352113 0.8679577464788732 0.773450673229518 0.9666267853600476
0 0.40669014084507044 0.7541079812206573 0.47605339342392383 0.8604729413255747
0 0.792693661971831 0.8667840375586855 0.8513236383530054 0.9683880375366439
0 0.4044894366197183 0.8732394366197183 0.47473393950853005 0.9854030284996362
0 0.8670774647887324 0.8685446009389671 0.9208331525243009 0.968387004342172
0 0.08714788732394366 0.7605633802816901 0.15092995251438207 0.8446240825233089
0 0.09110915492957747 0.8603286384976526 0.15224863153392182 0.966631262536093
0 0.3287852112676056 0.7593896713615024 0.3937813445372942 0.8446247713196235
0 0.7253521126760564 0.7488262910798122 0.784892010513787 0.8422835526460799
0 0.011443661971830986 0.8427230046948356 0.07657947021920254 0.9666415944808129
0 0.9397007042253521 0.8515258215962441 0.999 0.9807209355507065
0 0.38116197183098594 0.42370892018779344 0.4496561787095814 0.5472865557980119
