0 0.8043573943661971 1.005868544600939 0.09815140845070422 0.19483568075117372
0 0.7134683098591549 0.6830985915492958 0.1153169014084507 0.18427230046948356
0 0.7029049295774648 1.0193661971830985 0.0994718309859155 0.21244131455399062
0 0.2986355633802817 0.9882629107981221 0.0664612676056338 0.2007042253521127
0 0.3813820422535211 0.9988262910798122 0.07966549295774648 0.20187793427230047
0 0.5248679577464789 0.386443661971831 0.07526408450704225 0.24354460093896713
0 0.36817781690140844 0.38380281690140844 0.06998239436619719 0.24530516431924881
0 0.29071302816901406 0.3826291079812207 0.07790492957746478 0.2476525821596244
0 0.1267605633802817 0.6745892018779343 0.10475352112676056 0.20598591549295775
0 0.6285211267605634 0.40082159624413144 0.1267605633802817 0.22769953051643194
0 0.12257922535211267 0.3852699530516432 0.05941901408450704 0.2306338028169014
0 0.4454225352112676 0.3967136150234742 0.07394366197183098 0.22300469483568075
0 0.8039172535211268 0.3914319248826291 0.058538732394366196 0.25
0 0.22381161971830985 0.3967136150234742 0.050616197183098594 0.21948356807511737
0 0.7328345070422535 0.38761737089201875 0.07394366197183098 0.2505868544600939
0 0.46786971830985913 0.7150821596244131 0.09330985915492958 0.24471830985915494
0 0.0644806338028169 0.38879107981220656 0.0488556338028169 0.21889671361502347
0 0.3710387323943662 0.7089201877934272 0.09330985915492958 0.25
0 0.2601232394366197 0.6678403755868545 0.10475352112676056 0.20892018779342722
0 0.8329665492957746 0.6640258215962441 0.1034330985915493 0.17077464788732394
0 0.18023767605633803 0.4046361502347418 0.042693661971830985 0.18955399061032863
0 0.5820862676056338 0.6901408450704225 0.1113556338028169 0.21948356807511737
0 1.0147447183098592 0.3714788732394366 0.05501760563380282 0.2793427230046948
0 0.9579665492957746 0.39642018779342725 0.047975352112676055 0.24354460093896713
0 1.0638204225352113 0.38967136150234744 0.05017605633802817 0.24295774647887325
0 0.909330985915493 0.40023474178403756 0.04665492957746479 0.21244131455399062
0 0.9515845070422535 0.6693075117370892 0.1153169014084507 0.1742957746478873
0 0.8571742957746479 0.4028755868544601 0.047975352112676055 0.20363849765258216
0 0.5966109154929577 1.0046948356807512 0.06734154929577464 0.18661971830985916
0 0.20796654929577466 0.9850352112676056 0.1113556338028169 0.1813380281690141
0 0.0878080985915493 0.9876760563380281 0.11047535211267606 0.1936619718309859
0 0.5316901408450704 1.0046948356807512 0.056338028169014086 0.19014084507042253
0 0.903169014084507 1.0132042253521127 0.08890845070422536 0.198943661971831
0 0.01738556338028169 0.38321596244131456 0.03389084507042254 0.21948356807511737
0 1.1164172535211268 0.39231220657276994 0.0488556338028169 0.24471830985915494
0 0.03697183098591549 0.6830985915492958 0.0625 0.20892018779342722
0 1.0569982394366197 0.6693075117370892 0.09286971830985916 0.1637323943661972
0 0.46346830985915494 0.999706572769953 0.07130281690140845 0.20011737089201878
