0 0.5974911971830986 0.17781690140845072 0.06998239436619719 0.04929577464788732
0 0.25704225352112675 0.24237089201877934 0.09859154929577464 0.05868544600938967
0 0.6826584507042254 0.4779929577464789 0.06426056338028169 0.05927230046948357
0 0.43463908450704225 0.4005281690140845 0.061179577464788734 0.06396713615023474
0 0.25880281690140844 0.16607981220657278 0.09419014084507042 0.051643192488262914
0 0.22535211267605634 0.6120892018779343 0.07306338028169014 0.05868544600938967
0 0.5974911971830986 0.4909037558685446 0.07086267605633803 0.06396713615023474
0 0.6032130281690141 0.23738262910798122 0.0682218309859155 0.04753521126760563
0 0.21654929577464788 0.49061032863849763 0.0721830985915493 0.06103286384976526
0 0.3224031690140845 0.6112089201877934 0.09463028169014084 0.07687793427230047
0 0.26430457746478875 0.10269953051643192 0.07878521126760564 0.05868544600938967
0 0.6846390845070423 0.10152582159624413 0.0743838028169014 0.06690140845070422
0 0.5941901408450704 0.4225352112676056 0.07042253521126761 0.062206572769953054
0 0.6841989436619719 0.1710680751173709 0.07086267605633803 0.06514084507042253
0 0.4339788732394366 0.5748239436619719 0.06954225352112677 0.0733568075117371
0 0.9804137323943662 0.3940727699530516 0.050616197183098594 0.0534037558685446
0 0.20466549295774647 0.4187206572769953 0.05897887323943662 0.06866197183098592
0 0.5138644366197183 0.5146713615023474 0.05677816901408451 0.06103286384976526
0 0.5981514084507042 0.5487089201877934 0.07482394366197183 0.062206572769953054
0 0.6848591549295775 0.22975352112676056 0.07130281690140845 0.056924882629107984
0 0.5992517605633803 0.10592723004694836 0.06558098591549295 0.05927230046948357
0 0.13578345070422534 0.18397887323943662 0.058538732394366196 0.0698356807511737
0 0.7792693661971831 0.11473004694835681 0.0761443661971831 0.06631455399061033
0 0.680237676056338 0.41431924882629106 0.06470070422535211 0.051643192488262914
0 0.9817341549295775 0.44747652582159625 0.05941901408450704 0.05927230046948357
0 0.9929577464788732 0.176056338028169 0.08450704225352113 0.07042253521126761
0 0.05567781690140845 0.17928403755868544 0.0761443661971831 0.06748826291079812
0 0.05457746478873239 0.25 0.07130281690140845 0.046948356807511735
0 0.14128521126760563 0.24647887323943662 0.06866197183098592 0.0539906103286385
0 0.5955105633802817 0.04518779342723005 0.07130281690140845 0.062206572769953054
0 0.2654049295774648 0.03433098591549296 0.0994718309859155 0.06044600938967136
0 0.7779489436619719 0.052230046948356805 0.07878521126760564 0.06572769953051644
0 0.7786091549295775 0.17136150234741784 0.07746478873239436 0.051643192488262914
0 0.7775088028169014 0.23708920187793428 0.07526408450704225 0.05868544600938967
0 0.8686179577464789 0.23268779342723006 0.08142605633802817 0.06748826291079812
0 0.8758802816901409 0.17312206572769953 0.09066901408450705 0.05516431924882629
0 0.8758802816901409 0.11003521126760564 0.08274647887323944 0.06044600938967136
0 0.8758802816901409 0.04342723004694836 0.07746478873239436 0.062206572769953054
0 0.9922975352112676 0.2438380281690141 0.09022887323943662 0.04870892018779343
0 0.14370598591549297 0.6203051643192489 0.058538732394366196 0.04812206572769953
0 0.21963028169014084 0.5551643192488263 0.09066901408450705 0.03990610328638498
0 0.328125 0.4735915492957746 0.06998239436619719 0.051643192488262914
0 0.35409330985915494 0.4131455399061033 0.06998239436619719 0.04812206572769953
0 0.4317781690140845 0.5085093896713615 0.05985915492957746 0.04284037558685446
0 0.44014084507042256 0.460387323943662 0.07130281690140845 0.04284037558685446
0 0.5081426056338029 0.3999413145539906 0.06205985915492958 0.04988262910798122
0 0.503080985915493 0.5839201877934272 0.04929577464788732 0.06572769953051644
0 0.596830985915493 0.6238262910798122 0.07922535211267606 0.05868544600938967
0 0.6861795774647887 0.6053403755868545 0.07394366197183098 0.04636150234741784
0 0.6861795774647887 0.5404929577464789 0.06073943661971831 0.05868544600938967
0 0.8309859154929577 0.43896713615023475 0.07130281690140845 0.04812206572769953
0 0.8309859154929577 0.4950117370892019 0.06073943661971831 0.0534037558685446
0 0.829225352112676 0.5528169014084507 0.05721830985915493 0.05516431924882629
0 0.8976672535211268 0.5528169014084507 0.06734154929577464 0.05868544600938967
0 0.9826144366197183 0.5701291079812206 0.0682218309859155 0.06866197183098592
0 0.9806338028169014 0.5020539906103286 0.05985915492957746 0.0534037558685446
0 0.9055897887323944 0.49765258215962443 0.07262323943661972 0.05516431924882629
0 0.9088908450704225 0.4518779342723005 0.06866197183098592 0.05046948356807512
0 0.9088908450704225 0.39906103286384975 0.06866197183098592 0.051643192488262914
0 1.055237676056338 0.4465962441314554 0.04005281690140845 0.04342723004694836
0 1.060299295774648 0.5129107981220657 0.05545774647887324 0.05516431924882629
0 0.03961267605633803 0.9040492957746479 0.07746478873239436 0.0534037558685446
0 0.051056338028169015 0.9644953051643192 0.08538732394366197 0.0534037558685446
0 0.1780369718309859 0.8826291079812206 0.07790492957746478 0.05868544600938967
0 0.24471830985915494 0.8436032863849765 0.06073943661971831 0.0534037558685446
0 0.2480193661971831 0.8955399061032864 0.06734154929577464 0.046948356807511735
0 0.24339788732394366 0.784037558685446 0.0528169014084507 0.04812206572769953
0 0.3554137323943662 0.801349765258216 0.07526408450704225 0.061619718309859156
0 0.35981514084507044 0.8650234741784038 0.09198943661971831 0.05868544600938967
0 0.3657570422535211 0.9187206572769953 0.09066901408450705 0.041666666666666664
0 0.375 0.9644953051643192 0.08538732394366197 0.04284037558685446
0 0.4375 0.7626173708920188 0.0528169014084507 0.04284037558685446
0 0.43617957746478875 0.8177816901408451 0.058098591549295774 0.04636150234741784
0 0.444762323943662 0.8729460093896714 0.06205985915492958 0.04636150234741784
0 0.5088028169014085 0.8427230046948356 0.05017605633802817 0.04107981220657277
0 0.5037411971830986 0.8867370892018779 0.037411971830985914 0.036384976525821594
0 0.5884683098591549 0.7661384976525821 0.05721830985915493 0.056924882629107984
0 0.5858274647887324 0.8142605633802817 0.04401408450704225 0.03931924882629108
0 0.5847271126760564 0.8617957746478874 0.06470070422535211 0.04518779342723005
0 0.5858274647887324 0.9143192488262911 0.06690140845070422 0.04342723004694836
0 0.6569102112676056 0.9333920187793427 0.06998239436619719 0.056924882629107984
0 0.6569102112676056 0.8755868544600939 0.06205985915492958 0.04460093896713615
0 0.6569102112676056 0.823943661971831 0.06205985915492958 0.051643192488262914
0 0.6608714788732394 0.7652582159624414 0.07790492957746478 0.05868544600938967
0 0.7495598591549296 0.7720070422535211 0.07130281690140845 0.052230046948356805
0 0.7418573943661971 0.8169014084507042 0.047975352112676055 0.04460093896713615
0 0.7429577464788732 0.8685446009389671 0.06338028169014084 0.04812206572769953
0 0.7449383802816901 0.9196009389671361 0.05941901408450704 0.05046948356807512
0 0.8215228873239436 0.7866784037558685 0.06998239436619719 0.04284037558685446
0 0.8259242957746479 0.8453638497652582 0.08142605633802817 0.056924882629107984
0 0.820862676056338 0.9014084507042254 0.06866197183098592 0.04107981220657277
0 0.8175616197183099 0.9515845070422535 0.06734154929577464 0.052230046948356805
0 0.9132922535211268 0.8031103286384976 0.08274647887323944 0.052230046948356805
0 0.9185739436619719 0.8532863849765259 0.0801056338028169 0.06924882629107981
0 0.9242957746478874 0.9119718309859155 0.07394366197183098 0.04812206572769953
0 0.9126320422535211 0.9577464788732394 0.0761443661971831 0.03990610328638498
0 1.0066021126760563 0.7822769953051644 0.0801056338028169 0.06924882629107981
0 1.0026408450704225 0.8444835680751174 0.0801056338028169 0.04460093896713615
0 1.0033010563380282 0.8973004694835681 0.08142605633802817 0.036384976525821594
0 1.0079225352112675 0.95481220657277 0.09066901408450705 0.06572769953051644
0 0.7559419014084507 0.44571596244131456 0.042693661971830985 0.041666666666666664
0 0.13732394366197184 0.5305164319248826 0.0528169014084507 0.07276995305164319
