0 0.632262323943662 0.8174882629107981 0.09375 0.19131455399061034
0 0.38974471830985913 0.8456572769953051 0.09727112676056338 0.1784037558685446
0 0.9553257042253521 0.5223004694835681 0.08142605633802817 0.1960093896713615
0 0.4993397887323944 0.8348004694835681 0.11047535211267606 0.20481220657276994
0 0.3842429577464789 0.5264084507042254 0.0977112676056338 0.12206572769953052
0 0.8893045774647887 0.7749413145539906 0.07878521126760564 0.20833333333333334
0 1.0321302816901408 0.5099765258215962 0.06954225352112677 0.19953051643192488
0 0.4920774647887324 0.568368544600939 0.1073943661971831 0.18955399061032863
0 1.0977112676056338 0.749706572769953 0.07130281690140845 0.1238262910798122
0 0.620818661971831 0.2268192488262911 0.08582746478873239 0.22711267605633803
0 0.847931338028169 0.5258215962441315 0.09991197183098592 0.20539906103286384
0 0.8285651408450704 0.21889671361502347 0.07878521126760564 0.22300469483568075
0 0.3202024647887324 0.22946009389671362 0.06910211267605634 0.21948356807511737
0 0.11971830985915492 0.6000586854460094 0.10827464788732394 0.19190140845070422
0 0.15294894366197184 0.835387323943662 0.12367957746478873 0.14964788732394366
0 0.7411971830985915 0.22036384976525822 0.08538732394366197 0.21889671361502347
0 0.26034330985915494 0.5874413145539906 0.11839788732394366 0.21713615023474178
0 0.222931338028169 0.25880281690140844 0.1289612676056338 0.23591549295774647
0 0.4784330985915493 0.24735915492957747 0.13204225352112675 0.23767605633802816
0 0.7174295774647887 0.5214201877934272 0.051056338028169015 0.1766431924882629
0 0.047975352112676055 0.2632042253521127 0.09154929577464789 0.24237089201877934
0 0.6575704225352113 0.5140845070422535 0.06073943661971831 0.21244131455399062
0 0.9240757042253521 0.21801643192488263 0.09022887323943662 0.24354460093896713
0 0.9951584507042254 0.738849765258216 0.07746478873239436 0.142018779342723
0 0.7724471830985915 0.54518779342723 0.04929577464788732 0.1467136150234742
0 1.0785651408450705 0.2062793427230047 0.09639084507042253 0.21185446009389672
0 0.9953785211267606 0.1960093896713615 0.053257042253521125 0.22183098591549297
0 0.27750880281690143 0.8342136150234741 0.10607394366197183 0.1766431924882629
0 0.040272887323943664 0.8711854460093896 0.06910211267605634 0.1942488262910798
0 0.797975352112676 0.8309859154929577 0.08714788732394366 0.14906103286384975
0 0.035651408450704226 0.6029929577464789 0.05985915492957746 0.2177230046948357
0 0.594850352112676 0.5349178403755869 0.05677816901408451 0.17077464788732394
