0 0.37191901408450706 0.8477112676056338 0.20246478873239437 0.36678403755868544
0 0.3488116197183099 0.31778169014084506 0.167693661971831 0.3796948356807512
0 0.8268045774647887 0.3568075117370892 0.10871478873239436 0.2887323943661972
0 0.5508362676056338 0.3330399061032864 0.16857394366197184 0.38438967136150237
0 0.19454225352112675 0.3770539906103286 0.12764084507042253 0.29284037558685444
0 0.7026848591549296 0.3259976525821596 0.12367957746478873 0.3362676056338028
0 0.7640845070422535 0.8095657276995305 0.16109154929577466 0.42194835680751175
0 0.5867077464788732 0.8368544600938967 0.1875 0.37089201877934275
0 0.9192341549295775 0.8242370892018779 0.14392605633802816 0.38204225352112675
0 0.06360035211267606 0.37588028169014087 0.12279929577464789 0.3057511737089202
0 0.16461267605633803 0.8653169014084507 0.20334507042253522 0.3210093896713615
0 1.0816461267605635 0.3958333333333333 0.11663732394366197 0.3761737089201878
0 1.0737235915492958 0.8661971830985915 0.13424295774647887 0.37089201877934275
