0 0.43309859154929575 0.8603286384976526 0.5363410657607618 0.999
0 0.8613556338028169 0.198943661971831 0.9415222906541361 0.42828700489320903
0 0.25308098591549294 0.6338028169014085 0.3823710030871851 0.8388299279243536
0 0.7504401408450704 0.5305164319248826 0.836377447121107 0.7391252837840816
0 0.695862676056338 0.8145539906103286 0.7800634407235668 0.9907191584562145
0 0.00528169014084507 0.2857981220657277 0.08626528094624084 0.5450200715246093
0 0.6390845070422535 0.5492957746478874 0.7356342057627455 0.7578936057660518
0 0.8393485915492958 0.5346244131455399 0.9155636669931561 0.7285594927152902
0 0.14744718309859156 0.6103286384976526 0.24421327148631222 0.7613789151182526
0 0.999 0.7822769953051644 0.999 0.9115127482421918
0 0.610475352112676 0.2282863849765258 0.6951538400738941 0.45995992583041284
0 0.7059859154929577 0.21009389671361503 0.8099885625371951 0.45410205757235117
0 0.5171654929577465 0.2353286384976526 0.6058463180048602 0.46406377427318213
0 0.43705985915492956 0.5669014084507042 0.523575237738048 0.7801837433048998
0 0.06954225352112677 0.24061032863849766 0.1443355887968657 0.5027930690559633
0 0.9639084507042254 0.21185446009389672 0.999 0.3848521980867993
0 0.0022007042253521128 0.6737089201877934 0.1263194539153938 0.8875154290374484
0 0.4511443661971831 0.0005868544600938967 0.5130056582895258 0.11795740208071591
0 0.999 0.2112676056338028 0.999 0.3866131058652384
0 0.6113556338028169 0.004694835680751174 0.6903119033301924 0.11971555467389627
0 0.528169014084507 0.0005868544600938967 0.5970386580043642 0.12323909222156097
0 0.999 0.5322769953051644 0.999 0.6763308233595626
0 0.9546654929577465 0.5539906103286385 0.999 0.7027265313319668
0 0.999 0.5146713615023474 0.999 0.668125192862968
0 0.8173415492957746 0.011150234741784037 0.8970874376983733 0.11795120291388393
0 0.9973591549295775 0.0005868544600938967 0.999 0.10974143963940135
0 0.9300176056338029 0.002347417840375587 0.9894674218285061 0.11443524212568053
0 0.15845070422535212 0.937793427230047 0.2825006819083515 0.999
0 0.02772887323943662 0.9465962441314554 0.14699483764382068 0.999
0 0.8058978873239436 0.784037558685446 0.8830079674791708 0.9285304943904428
0 0.5831866197183099 0.8585680751173709 0.6885637382835746 0.999
0 0.2869718309859155 0.903169014084507 0.40568355113072807 0.999
0 0.9194542253521126 0.7687793427230047 0.999 0.9009572891181202
0 0.7715669014084507 0.7998826291079812 0.8073188525962111 0.9420188482223545
0 0.999 0.7576291079812206 0.999 0.858710311556349
0 0.022887323943661973 0.1643192488262911 0.022877250297560006 0.1642228173422381
0 0.0044014084507042256 0.002347417840375587 0.12367764022515375 0.1748812515153519
0 0.11971830985915492 0.005868544600938967 0.2855987155326324 0.1525787156428398
0 0.2918133802816901 0.004107981220657277 0.4408926877727633 0.1561008755978752
0 0.7011443661971831 0.005868544600938967 0.7976667498388217 0.11443317573673654
0 0.20642605633802816 0.22300469483568075 0.3617049181090061 0.5268644338645331
0 0.8098591549295775 0.1954225352112676 0.853516787343781 0.4353313248032798
0 0.999 0.24413145539906103 0.999 0.4006783266106813
0 0.53125 0.5669014084507042 0.5882344850352113 0.7508410203002049
0 0.5963908450704225 0.5698356807511737 0.6348607434660782 0.7614026785911086
0 0.14568661971830985 0.22476525821596244 0.20900277877653242 0.46465682790010804
0 0.38380281690140844 0.2318075117370892 0.48838741073199765 0.4834320378452247
