0 0.8351672535211268 0.9058098591549296 0.20290492957746478 0.36795774647887325
0 1.041593309859155 0.9002347417840375 0.17825704225352113 0.3532863849765258
0 0.4555457746478873 0.8650234741784038 0.15404929577464788 0.25586854460093894
0 0.6164172535211268 0.8509389671361502 0.1307218309859155 0.2875586854460094
0 0.5904489436619719 0.3993544600938967 0.1694542253521127 0.09683098591549295
0 0.8998679577464789 0.40874413145539906 0.12544014084507044 0.2916666666666667
0 0.3824823943661972 0.46566901408450706 0.15140845070422534 0.11913145539906103
0 0.21963028169014084 0.4081572769953052 0.1267605633802817 0.23415492957746478
0 0.594850352112676 0.4961854460093897 0.16857394366197184 0.0733568075117371
0 0.7900528169014085 0.3729460093896714 0.08626760563380281 0.3221830985915493
0 0.3827024647887324 0.3438967136150235 0.14744718309859156 0.09976525821596244
0 0.09661091549295775 0.41050469483568075 0.10607394366197183 0.23650234741784038
0 1.0682218309859155 0.3585680751173709 0.14084507042253522 0.3884976525821596
0 0.32372359154929575 0.8647300469483568 0.09991197183098592 0.2634976525821596
0 0.2224911971830986 0.8714788732394366 0.09463028169014084 0.2535211267605634
0 0.13138204225352113 0.8723591549295775 0.09375 0.2494131455399061
