0 0.5391725352112676 0.2007042253521127 0.6362063501165444 0.48521085432784505
0 0.3529929577464789 0.1437793427230047 0.4303023798601468 0.4852442609491063
0 0.6492077464788732 0.11795774647887323 0.7360698909566554 0.48173828770746546
0 0.7403169014084507 0.13321596244131456 0.8236178182652252 0.4870110234962199
0 0.8226232394366197 0.12969483568075119 0.9129301834333465 0.4817313997443188
0 0.1949823943661972 0.20422535211267606 0.26223812394614165 0.4922510414600278
0 0.258362676056338 0.13497652582159625 0.3475975516390597 0.4887705536820296
0 0.46919014084507044 0.20422535211267606 0.5363251803957548 0.48168766117833767
0 0.04973591549295775 0.14553990610328638 0.12893937679775838 0.48700379113491593
0 0.1289612676056338 0.20598591549295775 0.19228478817446934 0.4887288815049924
0 0.914612676056338 0.1572769953051643 0.9780305401953976 0.48523633979148756
0 0.2654049295774648 0.999 0.3449536069852212 0.999
0 0.5264084507042254 0.999 0.5877964751537393 0.999
0 0.5884683098591549 0.999 0.6449874699340409 0.999
0 0.00044014084507042255 0.15610328638497653 0.04357374993800833 0.48641073750799
0 0.7169894366197183 0.5839201877934272 0.9160576631000793 0.889328685335802
0 0.5224471830985915 0.5944835680751174 0.6995939933172981 0.8975384486102846
0 0.355193661971831 0.6443661971830986 0.5002838056065265 0.9186359353302916
0 0.14964788732394366 0.6514084507042254 0.32959962681015675 0.8922233518481784
0 0.011003521126760563 0.6338028169014085 0.14172050901358857 0.8904731204126166
