0 0.40008802816901406 0.16255868544600938 0.4804577077340806 0.2346463857479777
0 0.40360915492957744 0.23708920187793428 0.4795758762522317 0.3085463091538275
0 0.301056338028169 0.31161971830985913 0.3797090421047411 0.3789251057991139
0 0.6813380281690141 0.1596244131455399 0.8421296927692918 0.27396735656505544
0 0.40625 0.31572769953051644 0.47825429137323944 0.3800964039322004
0 0.5255281690140845 0.6496478873239436 0.6106841865453283 0.7038441033525095
0 0.6804577464788732 0.2904929577464789 0.8443307844425709 0.3988905557759704
0 0.5224471830985915 0.5363849765258216 0.5948404721905376 0.5906476613987525
0 0.058538732394366196 0.46830985915492956 0.13949888260017854 0.5308284566554256
0 0.488556338028169 0.2717136150234742 0.6569152480906566 0.38657763285503316
0 0.31690140845070425 0.5815727699530516 0.40655065959135095 0.6428511896889947
0 0.6232394366197183 0.6519953051643192 0.6889862502479667 0.6997347445392228
0 0.417693661971831 0.6496478873239436 0.50069643764878 0.70090983105204
0 0.6065140845070423 0.5375586854460094 0.6859126258430867 0.5824310101611232
0 0.7235915492957746 0.653169014084507 0.8002977149871057 0.7097105815645044
0 0.5184859154929577 0.5950704225352113 0.6023246100724063 0.6451906863717517
0 0.3459507042253521 0.4671361502347418 0.4206223808520135 0.5179183473296745
0 0.43485915492957744 0.46830985915492956 0.5050902908649078 0.5167439496131719
0 0.3182218309859155 0.647887323943662 0.3929057122222773 0.6997371553263241
0 0.21214788732394366 0.30985915492957744 0.294360850401706 0.37599186669311646
0 0.4080105633802817 0.08626760563380281 0.48397534746330095 0.1566395143159426
0 0.1210387323943662 0.3028169014084507 0.1975699653466574 0.36954060040997155
0 0.429137323943662 0.534037558685446 0.5072935135017853 0.583606785470255
0 0.037411971830985914 0.5487089201877934 0.11970184332225749 0.6105934806806409
0 0.22843309859154928 0.6185446009389671 0.3106388938826622 0.6921252672529701
0 0.30633802816901406 0.08157276995305164 0.3858686892481651 0.1531211427406379
0 0.13952464788732394 0.619131455399061 0.21340689936272567 0.6921249228548128
0 0.11707746478873239 0.232981220657277 0.2015329764679627 0.2956379218188631
0 0.4212147887323944 0.5974178403755869 0.49937446532186075 0.6387339097180894
0 0.2108274647887324 0.1596244131455399 0.2868790372073993 0.225258436377262
0 0.11971830985915492 0.15199530516431925 0.19801068736361835 0.21998122341246226
0 0.037852112676056336 0.6208920187793427 0.11530024114758977 0.6909501807401529
0 0.616637323943662 0.6038732394366197 0.6845877476567149 0.6445986659392978
0 0.8133802816901409 0.6525821596244131 0.876402561495735 0.7050160902819106
0 0.02640845070422535 0.22183098591549297 0.10782288360444356 0.29094962970310123
0 0.16637323943661972 0.5475352112676056 0.23408170191926203 0.6041387704159228
0 0.31294014084507044 0.15199530516431925 0.3766228256422337 0.2317183126143402
0 0.2112676056338028 0.2300469483568075 0.2956816603848443 0.3044424607110582
0 0.30633802816901406 0.2335680751173709 0.38366798502281296 0.3015061220216448
0 0.03125 0.29988262910798125 0.11002145686619719 0.36484748672000705
0 0.25440140845070425 0.5539906103286385 0.31590915430966077 0.6029612731160043
0 0.3226232394366197 0.5293427230046949 0.40302701441926203 0.5765672871343869
0 0.02420774647887324 0.15669014084507044 0.10430272546369768 0.21058879686570126
0 0.8573943661971831 0.176056338028169 0.9934606538881174 0.27865254909740134
0 0.8560739436619719 0.2875586854460094 0.9934612350600079 0.4018265500672265
0 0.8912852112676056 0.6009389671361502 0.9485513709457449 0.7138492142211642
0 0.7244718309859155 0.5897887323943662 0.7989769050039675 0.6410858047345104
0 0.8173415492957746 0.7805164319248826 0.8715592686842888 0.8545888988075557
0 0.9559859154929577 0.6032863849765259 0.999 0.7167821089290043
0 0.12544014084507044 0.9248826291079812 0.2745926759943464 0.9947623928232935
0 0.12279929577464789 0.8309859154929577 0.27811496509869077 0.9285029425378563
0 0.46919014084507044 0.7752347417840375 0.5970646170154731 0.8264229843064648
0 0.6131161971830986 0.840962441314554 0.7514907058991273 0.9114783084264586
0 0.6139964788732394 0.9330985915492958 0.7550114452117634 0.9959312801692787
0 0.00044014084507042255 0.9178403755868545 0.1091547358535013 0.991832253300712
0 0.2909330985915493 0.8374413145539906 0.44045293437561994 0.9238043184773743
0 0.2869718309859155 0.9325117370892019 0.43561312859551676 0.9918236433467786
0 0.00044014084507042255 0.8274647887323944 0.10695403162814918 0.9067913939033261
0 0.45774647887323944 0.840962441314554 0.6023513439793692 0.9220416887081487
0 0.00044014084507042255 0.4694835680751174 0.05677797529012101 0.5378700213802377
0 0.8151408450704225 0.8726525821596244 0.8662785471632612 0.9701451569353523
0 0.8133802816901409 0.5950704225352113 0.8869659417774252 0.6457775408318456
0 0.45686619718309857 0.9284037558685446 0.6045524356526484 0.9959340353545372
0 0.764524647887324 0.8732394366197183 0.8046811071092045 0.9777739205184156
0 0.8921654929577465 0.5258215962441315 0.962195349695001 0.5935881328660539
0 0.753080985915493 0.7775821596244131 0.8002847354815513 0.8592854564790936
