0 0.2671654929577465 0.7620305164319249 0.09859154929577464 0.15316901408450703
0 0.3813820422535211 0.772887323943662 0.09639084507042253 0.1255868544600939
0 0.1580105633802817 0.5252347417840375 0.08450704225352113 0.21713615023474178
0 0.659330985915493 0.7890258215962441 0.0801056338028169 0.16842723004694835
0 0.6762764084507042 0.4994131455399061 0.09551056338028169 0.18309859154929578
0 0.4394806338028169 0.16784037558685447 0.09551056338028169 0.19014084507042253
0 0.22337147887323944 0.18163145539906103 0.10871478873239436 0.19307511737089203
0 0.3314260563380282 0.1687206572769953 0.10211267605633803 0.17077464788732394
0 0.8644366197183099 0.18339201877934272 0.10915492957746478 0.19307511737089203
0 0.3257042253521127 0.5052816901408451 0.09066901408450705 0.20187793427230047
0 0.563600352112676 0.21684272300469484 0.0840669014084507 0.23650234741784038
0 0.23943661971830985 0.505575117370892 0.06866197183098592 0.1813380281690141
0 0.7942341549295775 0.49677230046948356 0.09551056338028169 0.1742957746478873
0 0.05897887323943662 0.5044014084507042 0.09066901408450705 0.20011737089201878
0 0.10871478873239436 0.2027582159624413 0.09683098591549295 0.16960093896713616
0 0.7515404929577465 0.1789906103286385 0.09286971830985916 0.19131455399061034
0 0.8534330985915493 0.6279342723004695 0.09330985915492958 0.0539906103286385
0 0.581205985915493 0.7831572769953051 0.053257042253521125 0.16725352112676056
0 0.34000880281690143 0.9911971830985915 0.05413732394366197 0.09976525821596244
0 0.14568661971830985 0.7708333333333334 0.0880281690140845 0.17312206572769953
0 0.06668133802816902 0.7514671361502347 0.05941901408450704 0.1414319248826291
0 1.1186179577464788 1.0930164319248827 0.0409330985915493 0.0886150234741784
0 0.9328785211267606 0.7761150234741784 0.08054577464788733 0.11913145539906103
0 0.839568661971831 0.778755868544601 0.09815140845070422 0.12089201877934272
0 0.024867957746478875 0.21654929577464788 0.0488556338028169 0.18309859154929578
0 0.6558098591549296 0.21097417840375587 0.0880281690140845 0.25528169014084506
0 0.9766725352112676 0.19278169014084506 0.10123239436619719 0.1813380281690141
0 0.586487676056338 0.4838615023474178 0.07878521126760564 0.15551643192488263
0 0.8959066901408451 0.5020539906103286 0.10255281690140845 0.18838028169014084
0 0.5217869718309859 0.772887323943662 0.061179577464788734 0.1467136150234742
0 0.8338468309859155 1.0161384976525822 0.08670774647887323 0.11913145539906103
0 0.9198943661971831 1.011737089201878 0.08538732394366197 0.12441314553990611
0 0.7594630281690141 0.9961854460093896 0.06205985915492958 0.09330985915492958
0 0.28036971830985913 0.9818075117370892 0.05721830985915493 0.1056338028169014
0 0.45752640845070425 1.017018779342723 0.06734154929577464 0.1619718309859155
0 0.5431338028169014 1.0258215962441315 0.0721830985915493 0.15845070422535212
0 0.6357834507042254 1.039612676056338 0.09463028169014084 0.19307511737089203
