0 0.748899647887324 0.454518779342723 0.23283450704225353 0.39730046948356806
0 0.4551056338028169 0.43720657276995306 0.3389084507042254 0.41784037558685444
0 0.20906690140845072 0.5311032863849765 0.176056338028169 0.215962441314554
0 0.9315580985915493 0.8659037558685446 0.1192781690140845 0.15082159624413147
0 0.7662852112676056 1.04518779342723 0.11267605633802817 0.19718309859154928
0 0.6498679577464789 1.0431338028169015 0.10959507042253522 0.19307511737089203
0 0.31139964788732394 1.046068075117371 0.09815140845070422 0.15434272300469484
0 0.5352112676056338 1.0557511737089202 0.10387323943661972 0.15375586854460094
0 0.8939260563380281 1.0366784037558685 0.09595070422535211 0.18720657276995306
0 0.20202464788732394 1.045481220657277 0.1073943661971831 0.17077464788732394
0 0.5611795774647887 0.8973004694835681 0.10827464788732394 0.09507042253521127
0 0.4240757042253521 1.0267018779342723 0.1034330985915493 0.21889671361502347
0 1.0625 1.005868544600939 0.06778169014084508 0.18427230046948356
0 0.9903169014084507 1.0422535211267605 0.0818661971830986 0.19131455399061034
0 1.1214788732394365 0.98268779342723 0.043133802816901406 0.20363849765258216
0 1.0110035211267605 0.4618544600938967 0.24735915492957747 0.38380281690140844
0 0.13600352112676056 0.9351525821596244 0.06338028169014084 0.21889671361502347
