0 0.22469190140845072 1.0845070422535212 0.16329225352112675 0.09976525821596244
0 0.36245598591549294 0.10416666666666667 0.21346830985915494 0.1965962441314554
0 0.8195422535211268 0.27406103286384975 0.2262323943661972 0.3333333333333333
0 0.5930897887323944 0.25 0.22403169014084506 0.38497652582159625
0 0.20290492957746478 0.22476525821596244 0.07482394366197183 0.15492957746478872
0 0.02266725352112676 0.7186032863849765 0.04445422535211268 0.25880281690140844
0 1.0363116197183098 0.24911971830985916 0.20466549295774647 0.36561032863849763
0 1.0059419014084507 0.6713615023474179 0.08494718309859155 0.062206572769953054
0 0.863556338028169 0.7910798122065728 0.16461267605633803 0.35563380281690143
0 0.617737676056338 1.0994718309859155 0.20906690140845072 0.09213615023474178
0 0.730193661971831 0.8741197183098591 0.07394366197183098 0.18603286384976525
0 0.4128521126760563 1.0921361502347418 0.20334507042253522 0.0880281690140845
0 1.0279489436619718 0.8383215962441315 0.16153169014084506 0.24354460093896713
0 1.0913292253521127 1.0862676056338028 0.09198943661971831 0.10328638497652583
0 0.961487676056338 1.0836267605633803 0.13424295774647887 0.10856807511737089
0 0.10211267605633803 0.11443661971830986 0.11003521126760564 0.142018779342723
0 0.3496919014084507 0.33274647887323944 0.22139084507042253 0.2335680751173709
0 0.07460387323943662 0.7150821596244131 0.06734154929577464 0.25880281690140844
0 0.2130281690140845 0.7150821596244131 0.08538732394366197 0.22124413145539906
