0 1.086487676056338 0.4169600938967136 0.07350352112676056 0.10504694835680752
0 0.10387323943661972 0.3732394366197183 0.040492957746478875 0.07863849765258216
0 0.5963908450704225 0.5249413145539906 0.05193661971830986 0.11091549295774648
0 0.25704225352112675 0.5076291079812206 0.04929577464788732 0.09507042253521127
0 0.2577024647887324 0.4069835680751174 0.04357394366197183 0.08509389671361503
0 0.16087147887323944 0.37646713615023475 0.04181338028169014 0.07687793427230047
0 0.6639524647887324 0.39348591549295775 0.05237676056338028 0.10504694835680752
0 0.13468309859154928 0.664612676056338 0.040492957746478875 0.07453051643192488
0 0.6967429577464789 0.7012910798122066 0.05369718309859155 0.107981220657277
0 0.6586707746478874 0.5217136150234741 0.0488556338028169 0.09976525821596244
0 0.7172095070422535 0.5202464788732394 0.050616197183098594 0.09917840375586855
0 0.7632042253521126 0.7033450704225352 0.051056338028169015 0.10152582159624413
0 0.34463028169014087 0.5070422535211268 0.058098591549295774 0.10915492957746478
0 0.08626760563380281 0.6713615023474179 0.04137323943661972 0.08333333333333333
0 0.20532570422535212 0.20657276995305165 0.050616197183098594 0.0892018779342723
0 0.0625 0.21390845070422534 0.051056338028169015 0.10856807511737089
0 0.25528169014084506 0.7860915492957746 0.043133802816901406 0.0897887323943662
0 0.5988116197183099 0.40375586854460094 0.050616197183098594 0.09859154929577464
0 0.6985035211267606 0.8186619718309859 0.05193661971830986 0.11032863849765258
0 0.6377640845070423 0.7004107981220657 0.051056338028169015 0.10974178403755869
0 0.3926056338028169 0.3955399061032864 0.04665492957746479 0.08685446009389672
0 0.09551056338028169 0.4950117370892019 0.040492957746478875 0.07453051643192488
0 0.19278169014084506 0.6622652582159625 0.05369718309859155 0.06748826291079812
0 0.046875 0.36971830985915494 0.047975352112676055 0.07746478873239436
0 0.7544014084507042 0.8259976525821596 0.05017605633802817 0.11678403755868545
0 0.1542693661971831 0.21156103286384975 0.03829225352112676 0.10974178403755869
0 0.10299295774647887 0.09389671361502347 0.05721830985915493 0.12089201877934272
0 0.20840669014084506 0.3987676056338028 0.03477112676056338 0.08744131455399061
0 0.31117957746478875 0.39348591549295775 0.037852112676056336 0.08509389671361503
0 0.6377640845070423 0.8195422535211268 0.04665492957746479 0.10504694835680752
0 0.2889524647887324 0.6660798122065728 0.058538732394366196 0.06924882629107981
0 0.7284330985915493 0.38967136150234744 0.03873239436619718 0.10211267605633803
0 0.5840669014084507 0.7992957746478874 0.0448943661971831 0.09741784037558686
0 0.15492957746478872 0.4897300469483568 0.04841549295774648 0.07570422535211267
0 0.5827464788732394 0.6916079812206573 0.04753521126760563 0.09683098591549295
0 0.20576584507042253 0.07511737089201878 0.05677816901408451 0.10915492957746478
0 0.8224031690140845 0.7068661971830986 0.04005281690140845 0.09330985915492958
0 0.1073943661971831 0.2142018779342723 0.03961267605633803 0.107981220657277
0 0.6888204225352113 0.11238262910798122 0.05985915492957746 0.058098591549295774
0 0.4137323943661972 0.19395539906103287 0.05545774647887324 0.04988262910798122
0 0.9683098591549296 0.5313967136150235 0.05545774647887324 0.11208920187793427
0 0.35079225352112675 0.2391431924882629 0.05545774647887324 0.04988262910798122
0 0.03829225352112676 0.4914906103286385 0.03961267605633803 0.0733568075117371
0 0.8435299295774648 0.5252347417840375 0.06470070422535211 0.11384976525821597
0 1.1109154929577465 0.21830985915492956 0.056338028169014086 0.09389671361502347
0 0.917693661971831 0.4061032863849765 0.05897887323943662 0.09624413145539906
0 0.9080105633802817 0.5296361502347418 0.06426056338028169 0.10152582159624413
0 1.0459947183098592 0.2092136150234742 0.05677816901408451 0.11091549295774648
0 0.8349471830985915 0.40580985915492956 0.05017605633802817 0.09096244131455399
0 0.980193661971831 0.8163145539906104 0.05193661971830986 0.09272300469483569
0 0.7731073943661971 0.3993544600938967 0.058538732394366196 0.10622065727699531
0 1.122799295774648 0.41167840375586856 0.04929577464788732 0.08274647887323944
0 0.9819542253521126 0.4102112676056338 0.03609154929577465 0.10328638497652583
0 1.064480633802817 0.528169014084507 0.04357394366197183 0.09154929577464789
0 1.0283890845070423 0.4175469483568075 0.0409330985915493 0.10035211267605634
0 1.0974911971830985 0.09389671361502347 0.05149647887323944 0.09154929577464789
0 0.9740316901408451 0.23620892018779344 0.0625 0.061619718309859156
0 1.1181778169014085 0.5331572769953051 0.0488556338028169 0.08039906103286384
0 0.8655369718309859 1.0759976525821595 0.05413732394366197 0.09213615023474178
0 0.2636443661971831 1.0651408450704225 0.051056338028169015 0.07042253521126761
0 0.5988116197183099 1.0466549295774648 0.05765845070422535 0.1073943661971831
0 0.6566901408450704 1.0554577464788732 0.051056338028169015 0.0897887323943662
0 0.35893485915492956 0.9688967136150235 0.05413732394366197 0.08333333333333333
0 0.40514964788732394 0.8019366197183099 0.055897887323943664 0.11795774647887323
0 0.7612235915492958 1.0595657276995305 0.04445422535211268 0.09448356807511737
0 0.13600352112676056 1.039319248826291 0.05545774647887324 0.08685446009389672
0 0.25616197183098594 0.9559859154929577 0.05369718309859155 0.06924882629107981
0 0.109375 0.7849178403755869 0.05149647887323944 0.0721830985915493
0 0.8173415492957746 1.068368544600939 0.04137323943661972 0.0897887323943662
0 0.3118397887323944 1.0657276995305165 0.04533450704225352 0.062206572769953054
0 0.2092869718309859 1.0522300469483568 0.05765845070422535 0.06455399061032864
0 0.07350352112676056 1.029049295774648 0.051056338028169015 0.08274647887323944
0 0.20664612676056338 0.7849178403755869 0.04005281690140845 0.06866197183098592
0 0.37037852112676056 1.0648474178403755 0.055897887323943664 0.0886150234741784
0 1.0391725352112675 0.8192488262910798 0.04929577464788732 0.09272300469483569
0 0.8105193661971831 0.8213028169014085 0.05501760563380282 0.11091549295774648
0 0.9258362676056338 1.0830399061032865 0.05677816901408451 0.08392018779342723
0 1.001980633802817 1.0842136150234742 0.05149647887323944 0.08274647887323944
0 1.0658010563380282 0.9923708920187794 0.04621478873239437 0.0880281690140845
0 1.0569982394366197 1.079518779342723 0.037411971830985914 0.08626760563380281
0 0.8772007042253521 0.8139671361502347 0.05545774647887324 0.08568075117370892
0 0.26936619718309857 0.027288732394366196 0.06338028169014084 0.022887323943661973
0 0.2753080985915493 0.07482394366197183 0.06205985915492958 0.041666666666666664
0 0.2772887323943662 0.11032863849765258 0.06602112676056338 0.025821596244131457
0 0.2757482394366197 0.16255868544600938 0.053257042253521125 0.04812206572769953
0 0.2764084507042254 0.2039319248826291 0.06954225352112677 0.027582159624413145
0 0.2814700704225352 0.238556338028169 0.05941901408450704 0.034624413145539906
0 0.35981514084507044 0.198943661971831 0.09727112676056338 0.02112676056338028
0 0.34507042253521125 0.16109154929577466 0.0625 0.020539906103286387
0 0.3444102112676056 0.12118544600938967 0.058538732394366196 0.031103286384976527
0 0.34375 0.07541079812206573 0.0721830985915493 0.04636150234741784
0 0.3417693661971831 0.02464788732394366 0.055897887323943664 0.03403755868544601
0 0.40514964788732394 0.054870892018779344 0.03477112676056338 0.01936619718309859
0 0.4137323943661972 0.09096244131455399 0.04401408450704225 0.03286384976525822
0 0.4038292253521127 0.12294600938967136 0.042693661971830985 0.024061032863849766
0 0.41307218309859156 0.1619718309859155 0.04533450704225352 0.018779342723004695
0 0.41813380281690143 0.2318075117370892 0.058098591549295774 0.02112676056338028
0 0.4588468309859155 0.08245305164319248 0.03125 0.03931924882629108
0 0.01936619718309859 0.20862676056338028 0.032570422535211266 0.11913145539906103
0 0.4141725352112676 0.5070422535211268 0.02992957746478873 0.09859154929577464
0 0.49911971830985913 0.3588615023474178 0.05721830985915493 0.29870892018779344
0 0.03169014084507042 0.6725352112676056 0.05193661971830986 0.08450704225352113
0 0.04137323943661972 0.7676056338028169 0.05545774647887324 0.08450704225352113
0 0.3571742957746479 0.6643192488262911 0.04533450704225352 0.07746478873239436
0 0.07196302816901408 0.9351525821596244 0.05413732394366197 0.07453051643192488
0 0.7099471830985915 1.0548708920187793 0.04929577464788732 0.09330985915492958
0 0.5464348591549296 0.9738849765258216 0.04005281690140845 0.07570422535211267
0 0.5514964788732394 1.0751173708920188 0.02992957746478873 0.09507042253521127
0 1.1199383802816902 1.050762910798122 0.037411971830985914 0.10152582159624413
0 1.1205985915492958 0.7808098591549296 0.03873239436619718 0.09330985915492958
0 1.0206866197183098 0.5252347417840375 0.03345070422535211 0.09624413145539906
0 0.6038732394366197 0.10915492957746478 0.07482394366197183 0.051643192488262914
0 0.6047535211267606 0.15757042253521128 0.06602112676056338 0.034624413145539906
0 0.6034330985915493 0.19571596244131456 0.07394366197183098 0.03814553990610329
0 0.6047535211267606 0.23767605633802816 0.06338028169014084 0.04342723004694836
0 0.7009242957746479 0.1637323943661972 0.07526408450704225 0.036384976525821594
0 0.6985035211267606 0.20334507042253522 0.05985915492957746 0.022887323943661973
0 0.6982834507042254 0.24031690140845072 0.06205985915492958 0.04518779342723005
0 0.7709066901408451 0.25 0.06205985915492958 0.03990610328638498
0 0.7676056338028169 0.20158450704225353 0.07658450704225352 0.03931924882629108
0 0.7755281690140845 0.15933098591549297 0.07658450704225352 0.03814553990610329
0 0.7715669014084507 0.12294600938967136 0.07130281690140845 0.034624413145539906
0 0.765625 0.07130281690140845 0.06734154929577464 0.041666666666666664
0 0.7599031690140845 0.03755868544600939 0.050616197183098594 0.025821596244131457
0 0.8408890845070423 0.038438967136150234 0.06205985915492958 0.024061032863849766
0 0.8362676056338029 0.06866197183098592 0.06602112676056338 0.018779342723004695
0 0.8415492957746479 0.11443661971830986 0.0818661971830986 0.03755868544600939
0 0.8512323943661971 0.15669014084507044 0.05193661971830986 0.05046948356807512
0 0.8428697183098591 0.20011737089201878 0.06866197183098592 0.029342723004694836
0 0.8382482394366197 0.23943661971830985 0.05941901408450704 0.04342723004694836
0 0.9055897887323944 0.24647887323943662 0.04621478873239437 0.036384976525821594
0 0.907350352112676 0.20481220657276994 0.042693661971830985 0.03286384976525822
0 0.9016285211267606 0.1619718309859155 0.06470070422535211 0.03990610328638498
0 0.9055897887323944 0.12470657276995305 0.05413732394366197 0.041666666666666664
0 0.9066901408450704 0.08157276995305164 0.04401408450704225 0.03755868544600939
0 0.898987676056338 0.033157276995305164 0.06205985915492958 0.034624413145539906
0 0.972931338028169 0.022007042253521125 0.07262323943661972 0.03931924882629108
0 0.9762323943661971 0.07130281690140845 0.06338028169014084 0.034624413145539906
0 0.9735915492957746 0.11707746478873239 0.06338028169014084 0.01936619718309859
0 0.9709507042253521 0.1619718309859155 0.0818661971830986 0.03990610328638498
0 0.9779929577464789 0.1965962441314554 0.07482394366197183 0.025821596244131457
0 1.025968309859155 0.159037558685446 0.0 0.0
0 1.0466549295774648 0.10211267605633803 0.04929577464788732 0.11032863849765258
0 1.0180457746478873 0.06924882629107981 0.0 0.0
0 0.9256161971830986 0.812793427230047 0.05017605633802817 0.09507042253521127
0 1.0118838028169015 0.9782863849765259 0.04401408450704225 0.08450704225352113
0 0.42077464788732394 0.9756455399061033 0.058098591549295774 0.0897887323943662
0 0.429137323943662 1.073356807511737 0.05193661971830986 0.09507042253521127
0 0.15294894366197184 0.0886150234741784 0.037411971830985914 0.11384976525821597
