0 0.5250880281690141 0.784037558685446 0.16549295774647887 0.19718309859154928
0 0.4394806338028169 0.18661971830985916 0.09551056338028169 0.2347417840375587
0 1.0149647887323943 0.806924882629108 0.15140845070422534 0.2323943661971831
0 0.3301056338028169 0.49061032863849763 0.12059859154929578 0.21713615023474178
0 0.17539612676056338 0.528169014084507 0.08670774647887323 0.15492957746478872
0 0.5528169014084507 0.17752347417840375 0.11795774647887323 0.12265258215962441
0 0.359375 0.7981220657276995 0.1113556338028169 0.17253521126760563
0 0.7286531690140845 0.4727112676056338 0.13424295774647887 0.09683098591549295
0 0.7196302816901409 0.562793427230047 0.12411971830985916 0.06338028169014084
0 0.6826584507042254 0.18045774647887325 0.11971830985915492 0.09448356807511737
0 0.3356073943661972 0.18661971830985916 0.09375 0.23708920187793428
0 0.480193661971831 0.46332159624413144 0.16725352112676056 0.20363849765258216
0 0.8080985915492958 0.1772300469483568 0.11003521126760564 0.09859154929577464
0 0.9491637323943662 0.1596244131455399 0.13512323943661972 0.142018779342723
0 1.053036971830986 0.48268779342723006 0.1289612676056338 0.14964788732394366
0 0.8794014084507042 0.4823943661971831 0.125 0.09507042253521127
0 1.0481954225352113 0.6003521126760564 0.13776408450704225 0.045774647887323945
0 1.0807658450704225 0.18339201877934272 0.10431338028169014 0.13791079812206572
0 0.8752200704225352 0.5724765258215962 0.11663732394366197 0.052230046948356805
0 0.12345950704225352 1.0751173708920188 0.09110915492957747 0.11032863849765258
0 0.5761443661971831 1.068661971830986 0.1382042253521127 0.1443661971830986
0 0.6782570422535211 0.79518779342723 0.14612676056338028 0.24295774647887325
0 0.7235915492957746 1.0713028169014085 0.14348591549295775 0.13908450704225353
0 0.034991197183098594 1.0592723004694835 0.055897887323943664 0.15258215962441316
0 0.8382482394366197 0.8048708920187794 0.144806338028169 0.2282863849765258
0 0.06998239436619719 0.5088028169014085 0.12588028169014084 0.2335680751173709
0 0.09330985915492958 0.8039906103286385 0.1487676056338028 0.215962441314554
0 0.9339788732394366 1.068075117370892 0.1426056338028169 0.13615023474178403
0 0.09264964788732394 0.20334507042253522 0.10079225352112677 0.22946009389671362
