0 0.5972711267605634 0.38204225352112675 0.6863568348913907 0.6511842475038021
0 0.25088028169014087 0.414906103286385 0.3863332393126364 0.642948998765677
0 0.6866197183098591 0.36795774647887325 0.7875499032929975 0.6547136398201415
0 0.41505281690140844 0.4025821596244131 0.5574757690066455 0.6511721935682955
0 0.4810739436619718 0.7863849765258216 0.5666896681585994 0.999
0 0.3331866197183099 0.7634976525821596 0.40478292842441976 0.999
0 0.40316901408450706 0.7846244131455399 0.47165353476492755 0.999
0 0.7966549295774648 0.3732394366197183 0.9041387962457845 0.6476682867155987
0 0.07306338028169014 0.42488262910798125 0.17690446154036898 0.6493985430580352
0 0.00044014084507042255 0.44190140845070425 0.07042234148730411 0.6511491188917542
0 0.5765845070422535 0.7834507042253521 0.6502743906219004 0.999
0 0.09110915492957747 0.7529342723004695 0.1830584906888514 0.9925158836430161
0 0.6624119718309859 0.7769953051643192 0.7488281637447927 0.999
0 0.7570422535211268 0.7705399061032864 0.8236104567546122 0.999
0 0.18970070422535212 0.431924882629108 0.242874251450605 0.6441127201393022
0 0.0030809859154929575 0.7494131455399061 0.07570286928436819 0.999
0 0.8252640845070423 0.7734741784037559 0.898844514047312 0.999
0 0.19234154929577466 0.7582159624413145 0.30757379333217616 0.999
0 0.9973591549295775 0.8339201877934272 0.999 0.999
