0 0.6265404929577465 0.9102112676056338 0.12544014084507044 0.3415492957746479
0 0.4352992957746479 0.4592136150234742 0.1857394366197183 0.27406103286384975
0 0.17055457746478872 0.8835093896713615 0.11047535211267606 0.2916666666666667
0 0.19014084507042253 0.08949530516431925 0.15140845070422534 0.17077464788732394
0 0.05171654929577465 0.09301643192488263 0.10255281690140845 0.18485915492957747
0 0.7988556338028169 0.4536384976525822 0.10475352112676056 0.18779342723004694
0 0.751100352112676 0.9049295774647887 0.10959507042253522 0.33098591549295775
0 0.8419894366197183 0.5883215962441315 0.21390845070422534 0.056924882629107984
0 0.8983274647887324 0.0971244131455399 0.1311619718309859 0.1273474178403756
0 0.2563820422535211 0.5176056338028169 0.15889084507042253 0.1572769953051643
0 0.5235475352112676 0.08157276995305164 0.10607394366197183 0.1619718309859155
0 0.7629841549295775 0.09448356807511737 0.13160211267605634 0.1396713615023474
0 0.4964788732394366 0.9196009389671361 0.12411971830985916 0.3403755868544601
0 0.31536091549295775 0.8656103286384976 0.16329225352112675 0.36032863849765256
0 0.05765845070422535 0.8905516431924883 0.10915492957746478 0.29518779342723006
0 0.3987676056338028 0.09624413145539906 0.14612676056338028 0.1431924882629108
0 0.6848591549295775 0.5017605633802817 0.08450704225352113 0.1983568075117371
0 1.0691021126760563 0.6431924882629108 0.14348591549295775 0.4119718309859155
0 1.059419014084507 0.26173708920187794 0.16285211267605634 0.19483568075117372
0 0.9066901408450704 0.45598591549295775 0.09066901408450705 0.18309859154929578
