0 0.5994718309859155 0.2852112676056338 0.16461267605633803 0.29694835680751175
0 0.6159771126760564 0.630575117370892 0.1483274647887324 0.2282863849765258
0 0.7838908450704225 0.585093896713615 0.13996478873239437 0.12793427230046947
0 0.7282130281690141 0.9102112676056338 0.1324823943661972 0.1619718309859155
0 0.7863116197183099 0.7092136150234741 0.144806338028169 0.13204225352112675
0 0.42473591549295775 0.2937206572769953 0.17165492957746478 0.3034037558685446
0 0.25088028169014087 0.2934272300469484 0.17517605633802816 0.29225352112676056
0 0.28983274647887325 0.5718896713615024 0.17737676056338028 0.1449530516431925
0 0.4546654929577465 0.6470070422535211 0.14348591549295775 0.20950704225352113
0 0.27244718309859156 0.6954225352112676 0.16549295774647887 0.0880281690140845
0 0.1073943661971831 0.24794600938967137 0.0994718309859155 0.25410798122065725
0 0.0996919014084507 0.5272887323943662 0.16505281690140844 0.10504694835680752
0 0.08890845070422536 0.642018779342723 0.176056338028169 0.09859154929577464
0 1.1018926056338028 0.6965962441314554 0.07790492957746478 0.24647887323943662
0 0.5638204225352113 0.9492370892018779 0.16549295774647887 0.18368544600938966
0 0.36201584507042256 0.903755868544601 0.1738556338028169 0.20187793427230047
0 0.20180457746478872 0.8873239436619719 0.12544014084507044 0.18896713615023475
0 1.0829665492957747 0.32423708920187794 0.1034330985915493 0.3609154929577465
0 0.7678257042253521 0.27582159624413144 0.12279929577464789 0.2746478873239437
0 1.0402728873239437 0.9894366197183099 0.19410211267605634 0.22065727699530516
