0 0.7433978873239436 0.7769953051643192 0.08714788732394366 0.18661971830985916
0 0.8459507042253521 0.7467723004694836 0.09859154929577464 0.24002347417840375
0 0.9126320422535211 0.2749413145539906 0.1694542253521127 0.2764084507042254
0 0.5422535211267606 0.7922535211267606 0.03873239436619718 0.1255868544600939
0 0.5851672535211268 0.7946009389671361 0.04973591549295775 0.12910798122065728
0 0.49867957746478875 0.7887323943661971 0.037852112676056336 0.11502347417840375
0 0.45422535211267606 0.784037558685446 0.04225352112676056 0.11267605633802817
0 0.5574383802816901 0.4137323943661972 0.16593309859154928 0.215962441314554
0 0.09837147887323944 0.5020539906103286 0.17737676056338028 0.06748826291079812
0 0.09529049295774648 0.4163732394366197 0.18617957746478872 0.0897887323943662
0 0.653169014084507 0.7805164319248826 0.07306338028169014 0.1572769953051643
0 0.09595070422535211 0.31778169014084506 0.17517605633802816 0.07922535211267606
0 0.24537852112676056 0.2734741784037559 0.07086267605633803 0.1596244131455399
0 0.40889084507042256 0.22036384976525822 0.05985915492957746 0.10152582159624413
0 0.03895246478873239 0.8204225352112676 0.07526408450704225 0.27582159624413144
0 1.082306338028169 0.7661384976525821 0.1073943661971831 0.18485915492957747
0 0.6153169014084507 1.0311032863849765 0.07394366197183098 0.15845070422535212
0 0.7220510563380281 1.0331572769953052 0.09463028169014084 0.13673708920187794
0 0.37125880281690143 1.0178990610328638 0.04709507042253521 0.14612676056338028
0 0.12169894366197183 0.8453638497652582 0.09198943661971831 0.24002347417840375
0 0.5184859154929577 1.028462441314554 0.07306338028169014 0.15082159624413147
0 0.795774647887324 1.0249413145539905 0.056338028169014086 0.1813380281690141
0 0.43639964788732394 1.0220070422535212 0.05765845070422535 0.13321596244131456
0 0.17297535211267606 1.0842136150234742 0.09595070422535211 0.11326291079812206
0 0.3789612676056338 0.7476525821596244 0.08098591549295775 0.2347417840375587
0 0.3241637323943662 1.0220070422535212 0.035651408450704226 0.1273474178403756
0 0.2013644366197183 0.863849765258216 0.05941901408450704 0.1936619718309859
0 0.8754401408450704 1.0255281690140845 0.06778169014084508 0.19190140845070422
0 1.1025528169014085 1.0833333333333333 0.05721830985915493 0.11502347417840375
0 1.0371919014084507 1.080105633802817 0.042693661971830985 0.10856807511737089
0 0.24779929577464788 0.11942488262910798 0.09330985915492958 0.1414319248826291
0 0.3380281690140845 0.11355633802816902 0.07658450704225352 0.1437793427230047
0 0.41483274647887325 0.0886150234741784 0.06205985915492958 0.11032863849765258
0 0.3358274647887324 0.2775821596244131 0.08274647887323944 0.1572769953051643
0 0.4117517605633803 0.3336267605633803 0.050616197183098594 0.1238262910798122
0 0.2326144366197183 0.4518779342723005 0.06734154929577464 0.1607981220657277
0 0.31205985915492956 0.4509976525821596 0.07658450704225352 0.18955399061032863
0 0.3987676056338028 0.4630281690140845 0.0818661971830986 0.15492957746478872
0 0.7345950704225352 0.17928403755868544 0.17077464788732394 0.232981220657277
0 0.7365757042253521 0.41813380281690143 0.1800176056338028 0.22476525821596244
0 1.0699823943661972 0.17400234741784038 0.13996478873239437 0.22241784037558684
0 1.0726232394366197 0.3967136150234742 0.12147887323943662 0.215962441314554
0 0.2797095070422535 0.7937206572769953 0.09463028169014084 0.12969483568075119
0 0.9599471830985915 1.0152582159624413 0.10915492957746478 0.24178403755868544
0 0.047755281690140844 1.0880281690140845 0.08670774647887323 0.10328638497652583
