0 0.6408450704225352 0.7617370892018779 0.7180277970640746 0.8434496848068064
0 0.5625 0.7523474178403756 0.6423580545774648 0.8405209228768542
0 0.4784330985915493 0.7535211267605634 0.5570077319108312 0.8434545063810092
0 0.11839788732394366 0.7130281690140845 0.17996549388762148 0.8047458754876678
0 0.4005281690140845 0.755868544600939 0.45889061260166636 0.8452136921686615
0 0.4722711267605634 0.5129107981220657 0.5909012891167428 0.5824454748837311
0 0.20642605633802816 0.5005868544600939 0.3278140730385836 0.560739092221561
0 0.6069542253521126 0.5269953051643192 0.7220039814148979 0.5883057539288942
0 0.6122359154929577 0.45481220657276994 0.7277234877132513 0.514404452930415
0 0.06205985915492958 0.505868544600939 0.19495507928734376 0.571886227379929
0 0.17737676056338028 0.1596244131455399 0.30934094332721684 0.23523496219885826
0 0.7350352112676056 0.5269953051643192 0.8465074668964492 0.5918268806894575
0 0.20378521126760563 0.41901408450704225 0.3291356579175759 0.4944724095748198
0 0.4722711267605634 0.443075117370892 0.6001442468632217 0.5056085239921533
0 0.032570422535211266 0.07453051643192488 0.1588765094971236 0.13669335063589674
0 0.3402288732394366 0.4336854460093897 0.4633185612353699 0.49915863530163773
0 0.07130281690140845 0.42018779342723006 0.19231016601368775 0.49153744847803565
0 0.032570422535211266 0.15140845070422534 0.1610772137224757 0.22056842227071347
0 0.3389084507042254 0.5146713615023474 0.4619987198720492 0.5765758970883202
0 0.7398767605633803 0.45892018779342725 0.8557482936793295 0.5237917135048161
0 0.1817781690140845 0.08509389671361503 0.30493759763687756 0.14255569607000376
0 0.3164612676056338 0.24589201877934272 0.4448431068364412 0.31734396008287596
0 0.3199823943661972 0.15434272300469484 0.4426408528193811 0.23230378948180477
0 0.1681338028169014 0.24589201877934272 0.29878163124876017 0.3138228333223126
0 0.7284330985915493 0.30633802816901406 0.8676371333192819 0.36190942603980697
0 0.4551056338028169 0.28169014084507044 0.5957503936470938 0.32671262315678107
0 0.8882042253521126 0.05868544600938967 0.9437111777177147 0.1073599263814499
0 0.014084507042253521 0.22711267605633803 0.14832126562190043 0.29681507472062424
0 0.511443661971831 0.004694835680751174 0.5745988364163856 0.059269545284224914
0 0.8842429577464789 0.3192488262910798 0.9357903860221185 0.3689441028014724
0 0.0017605633802816902 0.41725352112676056 0.054576689892878394 0.5625485601401838
0 0.8697183098591549 0.4647887323943662 0.9855326944058718 0.5349385042650268
0 0.43838028169014087 0.004107981220657277 0.5108105720591153 0.050467072780973794
0 0.3380281690140845 0.7382629107981221 0.38937586788335643 0.8276183903105645
0 0.36311619718309857 0.004107981220657277 0.42765707913856377 0.045185382640128724
0 0.5880281690140845 0.031103286384976527 0.6441073819678635 0.06981742764883511
0 0.8252640845070423 0.058098591549295774 0.8777177534839318 0.10207858063876216
0 0.6597711267605634 0.028169014084507043 0.7166990443984329 0.07686140316074852
0 0.45598591549295775 0.2142018779342723 0.5860669076076176 0.2710010552359541
0 0.1936619718309859 0.715962441314554 0.24947462061098985 0.8293920408208247
0 0.2711267605633803 0.7153755868544601 0.3220637646300337 0.835847784280015
0 0.7376760563380281 0.24119718309859156 0.8742351777921048 0.29680680916484825
0 0.4590669014084507 0.1414319248826291 0.5931078050609998 0.2076634789173224
0 0.7363556338028169 0.041666666666666664 0.8002920969921643 0.08389573552425665
0 0.8609154929577465 0.5440140845070423 0.976293611138663 0.5965117288236461
0 0.9049295774647887 0.2494131455399061 0.964830576770482 0.30208367773149064
0 0.9498239436619719 0.3145539906103286 0.9943002535459234 0.37012056690691886
0 0.735475352112676 0.17546948356807512 0.8548699492288236 0.23229139114814082
0 0.8063380281690141 0.7552816901408451 0.8931310131918271 0.9326553511208093
0 0.32922535211267606 0.8427230046948356 0.38365791137671096 0.9331908902554608
0 0.19102112676056338 0.8333333333333334 0.240232825208292 0.9314358372456965
0 0.2592429577464789 0.8362676056338029 0.31722744588127355 0.9261524251140647
0 0.11971830985915492 0.8257042253521126 0.17688392680023807 0.9220506430602393
0 0.9071302816901409 0.7517605633802817 0.9899176363196787 0.9115306569463731
0 0.7196302816901409 0.7535211267605634 0.7932572049816505 0.9203324406533095
0 0.3930457746478873 0.857981220657277 0.4681368636555247 0.9237922645418679
0 0.4784330985915493 0.8562206572769953 0.5570077319108312 0.9314224057175605
0 0.5585387323943662 0.8532863849765259 0.63575768541708 0.9237950197271264
0 0.6430457746478874 0.8485915492957746 0.7109845749231304 0.9220372115321034
0 0.04225352112676056 0.6924882629107981 0.11265745883753224 0.7894997134607331
0 0.02464788732394366 0.806924882629108 0.10210182751438207 0.9203011004209923
0 0.2737676056338028 0.0035211267605633804 0.34627034876512597 0.046946290418567745
