0 0.3164612676056338 0.5269953051643192 0.40082902232939893 0.799573359562697
0 0.4044894366197183 0.5357981220657277 0.5015825310578258 0.8271503532147502
0 0.6157570422535211 0.2992957746478873 0.7224402477806983 0.4616788170336573
0 0.698943661971831 0.09624413145539906 0.7518930705713153 0.20768999757543696
0 0.4110915492957746 0.01232394366197183 0.49101624491668316 0.21126037327249886
0 0.5118838028169014 0.2887323943661972 0.6084894877628446 0.45875074390001985
0 0.6470070422535211 0.09213615023474178 0.6977786060553461 0.2059318449822566
0 0.4964788732394366 0.05046948356807512 0.5662427469748066 0.20478258833123938
0 0.514524647887324 0.5269953051643192 0.6177312831655425 0.7802071623795984
0 0.08626760563380281 0.06279342723004695 0.14080710052568934 0.21827300855209505
0 0.14172535211267606 0.06103286384976526 0.21780733919361236 0.2088843703850647
0 0.7284330985915493 0.31279342723004694 0.8183413586713946 0.4698868583173532
0 0.5717429577464789 0.04518779342723005 0.635751873698175 0.20067770669399812
0 0.18838028169014084 0.2852112676056338 0.2736846917774251 0.4505368478476493
0 0.1857394366197183 0.5164319248826291 0.3124182484874033 0.9063870704666181
0 0.11487676056338028 0.2764084507042254 0.18304802959482244 0.45230257720029093
0 0.8538732394366197 0.02992957746478873 0.9137967107220789 0.2124237502479667
0 0.9242957746478874 0.03697183098591549 0.990790362775243 0.21594074423064208
0 0.7588028169014085 0.0886150234741784 0.8095251748165047 0.20769447475148228
0 0.999 0.09213615023474178 0.999 0.22119006094469792
0 0.8116197183098591 0.09272300469483569 0.8460336180817298 0.20651835504419316
0 0.2676056338028169 0.994131455399061 0.3656392580837135 0.999
0 0.3767605633802817 0.9970657276995305 0.46946445397738545 0.999
0 0.6764964788732394 0.999 0.7237339364089466 0.999
0 0.727112676056338 0.999 0.8561940525193414 0.999
0 0.47183098591549294 0.999 0.546887398333664 0.999
0 0.5651408450704225 0.999 0.672726610543543 0.999
0 0.8631161971830986 0.999 0.9952186988568736 0.999
0 0.2904929577464789 0.2975352112676056 0.39423833936718905 0.4558113056271904
0 0.4005281690140845 0.2992957746478873 0.5081863872495537 0.4663736527144085
0 0.6272007042253521 0.5305164319248826 0.7369598588449713 0.7749234058498092
0 0.909330985915493 0.5422535211267606 0.999 0.790761588309198
0 0.1430457746478873 0.9759389671361502 0.2622609833738345 0.999
