0 0.18309859154929578 0.619131455399061 0.3000954671692124 0.9204113078313385
0 0.0488556338028169 0.6666666666666666 0.168112299456953 0.9080594679186228
0 0.3380281690140845 0.3415492957746479 0.5108547411227932 0.44052725980294916
0 0.7715669014084507 0.7875586854460094 0.9428822328779013 0.922073028940466
0 0.3336267605633803 0.647887323943662 0.446155974137076 0.8928122726972162
0 0.7112676056338029 0.03286384976525822 0.8003031392580837 0.09857226299896406
0 0.1544894366197183 0.22183098591549297 0.32695665077613567 0.3308557329894862
0 0.15140845070422534 0.33568075117370894 0.3256375843086689 0.4329015958033018
0 0.7037852112676056 0.24178403755868544 0.8592853058048998 0.34668909387467217
0 0.6056338028169014 0.619131455399061 0.7735010414600277 0.7772188195684278
0 0.48327464788732394 0.014671361502347418 0.5746112347500496 0.08625899567986953
0 0.37544014084507044 0.01056338028169014 0.4707854576844872 0.07100319050452952
0 0.602112676056338 0.02523474178403756 0.6982385067446936 0.07686312515153519
0 0.4709507042253521 0.6431924882629108 0.5640532787393374 0.9098338072251978
0 0.0030809859154929575 0.33274647887323944 0.1426042777350724 0.41764510183164716
0 0.3402288732394366 0.22476525821596244 0.5130544767283277 0.3402436823602019
0 0.9330985915492958 0.0005868544600938967 0.999 0.0475348668694483
0 0.00044014084507042255 0.21713615023474178 0.1426054400788534 0.3249899435738059
0 0.7051056338028169 0.3515258215962441 0.8707283866048403 0.454605912076528
0 0.5365316901408451 0.1467136150234742 0.6916652589391985 0.23524253895831956
0 0.8595950704225352 0.33098591549295775 0.908072361324638 0.43877289558949945
0 0.5303697183098591 0.34330985915492956 0.6916679710746876 0.4452210622892283
0 0.1641725352112676 0.0005868544600938967 0.254329149412319 0.06044566499151403
0 0.5294894366197183 0.24413145539906103 0.6938690627479667 0.3326032092397893
0 0.7821302816901409 0.625 0.9587226539253124 0.7648914319248826
0 0.9242957746478874 0.056338028169014086 0.999 0.10090590491304635
0 0.9124119718309859 0.3257042253521127 0.979792072195497 0.4376022862527277
0 0.8252640845070423 0.04870892018779343 0.9120487393994247 0.10208409100927945
0 0.9154929577464789 0.20481220657276994 0.9806709978178932 0.31267323227313804
0 0.5924295774647887 0.7863849765258216 0.7607427686718905 0.9173788820560295
0 0.2676056338028169 0.00528169014084507 0.36167799047807975 0.06983258116775772
0 0.04753521126760563 0.0005868544600938967 0.1447854158401111 0.05457712039057506
