0 0.20422535211267606 0.20950704225352113 0.2727974360245983 0.3308629653507902
0 0.4040492957746479 0.1073943661971831 0.45712849942967665 0.2200073976724195
0 0.7125880281690141 0.10622065727699531 0.7628905862552073 0.20709728834666843
0 0.355193661971831 0.2323943661971831 0.40829436898680815 0.33671807842359325
0 0.28036971830985913 0.1267605633802817 0.33570406262398333 0.2241040137538848
0 0.7878521126760564 0.414906103286385 0.8381215439644911 0.49271425698163945
0 0.1835387323943662 0.5193661971830986 0.23099316076919263 0.5976999024664419
0 0.7381161971830986 0.409037558685446 0.7813652657582821 0.49154399204302496
0 0.5871478873239436 0.10915492957746478 0.6361852342045229 0.20944298419625734
0 0.2068661971830986 0.3996478873239437 0.24418711875123983 0.46748846954969253
0 0.8455105633802817 0.23884976525821597 0.8961947576745686 0.33260630882320524
0 0.6536091549295775 0.10328638497652583 0.698215841040964 0.20651215587736121
0 0.15140845070422534 0.4061032863849765 0.19095448571711962 0.4739400802309947
0 0.8529929577464789 0.5252347417840375 0.9049942812685974 0.5994570218651502
0 0.304137323943662 0.4970657276995305 0.35726050293840506 0.5695439755119134
0 0.35827464788732394 0.4841549295774648 0.4047718861585003 0.5630961532103419
0 0.7720070422535211 0.10328638497652583 0.8156813349285856 0.19184079437501378
0 0.7077464788732394 0.2353286384976526 0.7593715904582423 0.31382903248914457
0 0.29313380281690143 0.2312206572769953 0.3436209798403095 0.3202868423372787
0 0.8283450704225352 0.10035211267605634 0.8662727354443562 0.2024058966474906
0 0.4097711267605634 0.4107981220657277 0.4588865443984329 0.49623779452930417
0 0.5686619718309859 0.4982394366197183 0.6141863283574688 0.5918437561991668
0 0.4234154929577465 0.2300469483568075 0.4663629333217616 0.32850349357490793
0 0.45994718309859156 0.41431924882629106 0.5116813612750446 0.5050385450417686
0 0.24471830985915494 0.5099765258215962 0.29390637398333663 0.5795129245740483
0 0.44454225352112675 0.7687793427230047 0.49672335288137276 0.8299478994467587
0 0.21963028169014084 0.12323943661971831 0.2675089655450308 0.21412955432123257
0 0.24647887323943662 0.4061032863849765 0.2908246131719897 0.4762874980713703
0 0.7143485915492958 0.7470657276995305 0.7589285437537195 0.8311343510987679
0 0.06294014084507042 0.7370892018779343 0.10384553690983932 0.8123608631444378
0 0.9485035211267606 0.23708920187793428 0.9978219614783772 0.3255650884965505
0 0.4449823943661972 0.6795774647887324 0.49716330000247966 0.7660331118164385
0 0.8023767605633803 0.5322769953051644 0.8425165595243999 0.6053214336882011
0 0.14040492957746478 0.2300469483568075 0.18963890628099583 0.30972415085190325
0 0.6254401408450704 0.4102112676056338 0.673140211205614 0.4903695943265225
0 0.6139964788732394 0.6960093896713615 0.6528987691554254 0.8047558630342304
0 0.17825704225352113 0.1267605633802817 0.21955182348492364 0.21764861469285193
0 0.304137323943662 0.414906103286385 0.35329923533277124 0.4786297499393859
0 0.5079225352112676 0.5064553990610329 0.5565546115602064 0.6335056012916309
0 0.13424295774647887 0.5088028169014085 0.17907823813479468 0.5883164302717715
0 0.1311619718309859 0.12265258215962441 0.1720373406814124 0.20591393627807533
0 0.5365316901408451 0.10915492957746478 0.5750279349955366 0.2223537823183231
0 0.999 0.23708920187793428 0.999 0.3554946659613393
0 0.9661091549295775 0.4289906103286385 0.999 0.5097247707685865
0 0.9154929577464789 0.5258215962441315 0.961744941479865 0.6023909497674623
0 0.8745598591549296 0.09507042253521127 0.9322735211887522 0.19184561594921642
0 0.999 0.43779342723004694 0.999 0.5531468348431748
0 0.999 0.4325117370892019 0.999 0.5443471175251824
0 0.9621478873239436 0.5275821596244131 0.999 0.6064978977936476
0 0.8314260563380281 0.687206572769953 0.8781551821935132 0.7560521088187969
0 0.7865316901408451 0.23884976525821597 0.8372418434462408 0.3302588909828297
0 0.999 0.6883802816901409 0.999 0.7437274763605105
0 0.8525528169014085 0.42077464788732394 0.9058747566827018 0.4956450853005356
0 0.940580985915493 0.10211267605633803 0.9775789696364809 0.19360204655161015
0 0.03917253521126761 0.8973004694835681 0.08360951913062885 0.999
0 0.08758802816901408 0.8884976525821596 0.13508468836788334 0.999
0 0.21830985915492956 0.8955399061032864 0.2692701100972029 0.9718922887874981
0 0.49295774647887325 0.9671361502347418 0.535434437611585 0.999
0 0.3067781690140845 0.9196009389671361 0.3643015941157508 0.999
0 0.16681338028169015 0.8926056338028169 0.21999700115304505 0.9701334473980031
0 0.5022007042253521 0.744131455399061 0.5530360032111684 0.8323097820097423
0 0.6514084507042254 0.7370892018779343 0.6973365279706408 0.8293796424871608
0 0.5558978873239436 0.7194835680751174 0.6080299745214244 0.8147186129295334
0 0.7786091549295775 0.7494131455399061 0.8205199783649078 0.8364146636469837
0 0.9124119718309859 0.9524647887323944 0.9533836214912716 0.999
0 0.8591549295774648 0.9683098591549296 0.9027908649077564 0.999
0 0.5475352112676056 0.965962441314554 0.5961498524598294 0.999
0 0.676056338028169 0.9518779342723005 0.7219735667526284 0.999
0 0.42561619718309857 0.965962441314554 0.47516478160335257 0.999
0 0.6056338028169014 0.9624413145539906 0.6603848442769291 0.999
0 0.7953345070422535 0.9917840375586855 0.8394386731923229 0.999
0 0.7407570422535211 0.9677230046948356 0.7822443851046419 0.999
0 0.9678697183098591 0.960093896713615 0.999 0.999
0 0.3516725352112676 0.880868544600939 0.40433465117288236 0.9337553588353281
0 0.3683978873239437 0.943075117370892 0.412249824873537 0.9959254254006039
0 0.4084507042253521 0.8896713615023474 0.46768994247173185 0.9443135731446581
0 0.477112676056338 0.880868544600939 0.5275188764630033 0.9407976123564549
0 0.5404929577464789 0.8879107981220657 0.5895508393671891 0.9542911321607266
0 0.6712147887323944 0.8943661971830986 0.7369404864486213 0.9560479071612776
0 0.9339788732394366 0.6889671361502347 0.9815431431015671 0.7836332352487381
0 0.9185739436619719 0.7822769953051644 0.9709865431585994 0.847545612091957
0 0.8798415492957746 0.6737089201877934 0.914225421853303 0.7595811567369789
0 0.8732394366197183 0.7582159624413145 0.9181895953183892 0.8317146619938726
0 0.8265845070422535 0.7652582159624414 0.8675939328754215 0.8405133461173929
0 0.7825704225352113 0.6684272300469484 0.8183175306238841 0.7372837868368269
0 0.6571302816901409 0.6613849765258216 0.709657953221087 0.719682285811898
0 0.5532570422535211 0.6596244131455399 0.6009888833440785 0.7179227556260883
0 0.49911971830985913 0.6561032863849765 0.5481958099831382 0.7302487656770041
0 0.386443661971831 0.6613849765258216 0.4368897695149772 0.7560672623377196
0 0.3890845070422535 0.7582159624413145 0.4395294522416187 0.8199775727919946
0 0.34110915492957744 0.7599765258215962 0.38893437097054157 0.8146948494566774
0 0.33098591549295775 0.664906103286385 0.3849775590160682 0.7560651959487756
0 0.2830105633802817 0.664906103286385 0.3308613509844277 0.7560651959487756
0 0.2944542253521127 0.7634976525821596 0.33965913106278517 0.8146927830677335
0 0.23767605633802816 0.7476525821596244 0.29038834680618925 0.8023781381560097
0 0.2363556338028169 0.6631455399061033 0.27762484347103744 0.7490239756221209
0 0.18441901408450703 0.6613849765258216 0.23891530853253323 0.7355273562344332
0 0.1936619718309859 0.7476525821596244 0.24023166286451098 0.8076598282968547
0 0.13908450704225353 0.6549295774647887 0.19228033252330887 0.7390522713747272
0 0.15096830985915494 0.7494131455399061 0.18963425690587185 0.8111799218629461
0 0.11223591549295775 0.7341549295774648 0.15355975531888516 0.8023860593136283
0 0.08758802816901408 0.6578638497652582 0.13508468836788334 0.7390505493839405
0 0.04225352112676056 0.664906103286385 0.08756943066851816 0.7249619095637991
0 0.0030809859154929575 0.664906103286385 0.03961131998859353 0.7355252898454893
0 0.01232394366197183 0.7511737089201878 0.056332603898036106 0.8012023628468778
0 0.09639084507042253 0.2130281690140845 0.13155968712805 0.2991707581167758
0 0.34507042253521125 0.11619718309859155 0.40433755703233487 0.2264576307610924
0 0.4705105633802817 0.1056338028169014 0.5169584020407657 0.21590044964623423
0 0.477112676056338 0.2282863849765258 0.5195963412517358 0.3267439633890983
0 0.5325704225352113 0.2318075117370892 0.5803113686520531 0.31265738995790077
0 0.5950704225352113 0.2177230046948357 0.6388225922436025 0.3179473456545218
0 0.6518485915492958 0.21948356807511737 0.6942553483311843 0.30738293217835966
0 0.999 0.12793427230046947 0.999 0.24464323106085653
0 0.999 0.24237089201877934 0.999 0.3560784208380171
0 0.03301056338028169 0.09565727699530517 0.09901716084358261 0.20240865183274923
0 0.0409330985915493 0.22300469483568075 0.09241156113618329 0.30562030240913396
0 0.0017605633802816902 0.4096244131455399 0.06558021101963896 0.4815671218232714
0 0.0030809859154929575 0.5046948356807511 0.040931742523804805 0.6147272917630981
0 0.04225352112676056 0.5146713615023474 0.07304478278119421 0.588899840750292
0 0.08098591549295775 0.5181924882629108 0.1223235097202936 0.5712921405585312
0 0.061619718309859156 0.4096244131455399 0.12761372371553262 0.4768722861425202
0 0.4564260563380282 0.5082159624413145 0.4975984040244992 0.5677768685666424
0 0.5717429577464789 0.39906103286384975 0.607582859613668 0.46631510502766205
0 0.6298415492957746 0.5082159624413145 0.6735784148110494 0.5836219389891776
0 0.7051056338028169 0.5199530516431925 0.7576121894217417 0.6023943937490357
0 0.999 0.551056338028169 0.999 0.625263464590359
0 0.999 0.5563380281690141 0.999 0.6317157640679759
0 0.00044014084507042255 0.20598591549295775 0.03168994712110692 0.31501996131719895
0 0.6830985915492958 0.4131455399061033 0.7254915939297759 0.4715885296127312
0 0.3591549295774648 0.4923708920187793 0.40169051279508033 0.5713072940774537
