0 0.13776408450704225 0.8480046948356808 0.12411971830985916 0.24882629107981222
0 0.703125 1.0751173708920188 0.08142605633802817 0.12323943661971831
0 0.27508802816901406 0.8480046948356808 0.12940140845070422 0.25586854460093894
0 0.8769806338028169 0.8078051643192489 0.09815140845070422 0.2130281690140845
0 0.17671654929577466 0.5164319248826291 0.08318661971830986 0.18661971830985916
0 0.26826584507042256 0.516725352112676 0.09110915492957747 0.1965962441314554
0 0.6305017605633803 0.48826291079812206 0.10255281690140845 0.1983568075117371
0 0.37808098591549294 0.4879694835680751 0.11795774647887323 0.232981220657277
0 0.7418573943661971 0.48532863849765256 0.09727112676056338 0.22417840375586853
0 0.09308978873239436 0.5199530516431925 0.08142605633802817 0.19014084507042253
0 0.022007042253521125 0.522593896713615 0.04137323943661972 0.18603286384976525
0 0.9806338028169014 0.8028169014084507 0.07482394366197183 0.2147887323943662
0 0.8569542253521126 0.4756455399061033 0.1073943661971831 0.22241784037558684
0 1.0893485915492958 0.4856220657276995 0.09330985915492958 0.2142018779342723
0 0.9795334507042254 0.47857981220657275 0.10871478873239436 0.2106807511737089
0 0.78125 0.8130868544600939 0.07746478873239436 0.22711267605633803
0 0.19432218309859156 1.0921361502347418 0.1641725352112676 0.09741784037558686
0 0.4060299295774648 0.8415492957746479 0.11575704225352113 0.20892018779342722
0 0.5147447183098591 1.0868544600938967 0.23547535211267606 0.09859154929577464
0 0.8926056338028169 1.0718896713615023 0.11355633802816902 0.1402582159624413
0 1.0706426056338028 0.7943075117370892 0.09463028169014084 0.2142018779342723
0 0.7898327464788732 1.0759976525821595 0.07878521126760564 0.11795774647887323
0 1.0402728873239437 1.0689553990610328 0.09551056338028169 0.13438967136150234
0 0.512544014084507 0.48210093896713613 0.13336267605633803 0.24471830985915494
0 0.034991197183098594 0.8248239436619719 0.061179577464788734 0.2916666666666667
0 0.5371919014084507 0.8386150234741784 0.13336267605633803 0.25
0 0.628080985915493 0.8177816901408451 0.06338028169014084 0.22593896713615025
0 0.6965228873239436 0.8151408450704225 0.08142605633802817 0.22065727699530516
