0 0.10475352112676056 0.21948356807511737 0.06073943661971831 0.11737089201877934
0 0.5834066901408451 0.8142605633802817 0.06734154929577464 0.08157276995305164
0 0.3340669014084507 0.40023474178403756 0.04401408450704225 0.09507042253521127
0 0.30721830985915494 0.528462441314554 0.0528169014084507 0.09565727699530517
0 0.4425616197183099 0.3999413145539906 0.05413732394366197 0.09683098591549295
0 0.641725352112676 0.7024647887323944 0.05721830985915493 0.09976525821596244
0 0.375 0.403462441314554 0.04841549295774648 0.09800469483568075
0 0.6965228873239436 0.7036384976525821 0.055897887323943664 0.10328638497652583
0 0.4711707746478873 0.8072183098591549 0.058538732394366196 0.10387323943661972
0 0.4119718309859155 0.7168427230046949 0.04753521126760563 0.10035211267605634
0 0.6040933098591549 0.215962441314554 0.06470070422535211 0.11502347417840375
0 0.11157570422535211 0.5155516431924883 0.05413732394366197 0.08626760563380281
0 0.5532570422535211 0.4069835680751174 0.04929577464788732 0.10856807511737089
0 0.49911971830985913 0.3999413145539906 0.05193661971830986 0.11208920187793427
0 0.1952024647887324 0.5267018779342723 0.050616197183098594 0.09330985915492958
0 0.6753961267605634 0.5137910798122066 0.047975352112676055 0.08039906103286384
0 0.7777288732394366 0.22065727699530516 0.06690140845070422 0.11502347417840375
0 0.3459507042253521 0.7127347417840375 0.05457746478873239 0.09683098591549295
0 0.5484154929577465 0.505575117370892 0.05457746478873239 0.08392018779342723
0 0.8463908450704225 0.21860328638497653 0.05545774647887324 0.11913145539906103
0 0.25132042253521125 0.5293427230046949 0.043133802816901406 0.09741784037558686
0 0.10761443661971831 0.4017018779342723 0.042693661971830985 0.08274647887323944
0 0.7596830985915493 0.7024647887323944 0.03961267605633803 0.09859154929577464
0 0.5358714788732394 0.2136150234741784 0.061179577464788734 0.11267605633802817
0 0.7370158450704225 0.39436619718309857 0.04621478873239437 0.07629107981220658
0 0.9174735915492958 0.6892605633802817 0.05765845070422535 0.08274647887323944
0 0.4564260563380282 0.21185446009389672 0.07306338028169014 0.11971830985915492
0 0.6201584507042254 0.3826291079812207 0.0448943661971831 0.07511737089201878
0 0.37411971830985913 0.5041079812206573 0.05457746478873239 0.07394366197183098
0 0.207306338028169 0.20187793427230047 0.0528169014084507 0.08098591549295775
0 0.7099471830985915 0.2244718309859155 0.04401408450704225 0.10035211267605634
0 0.8602552816901409 0.6945422535211268 0.04621478873239437 0.08274647887323944
0 0.8001760563380281 0.5126173708920188 0.051056338028169015 0.0733568075117371
0 0.9025088028169014 0.5264084507042254 0.03653169014084507 0.09859154929577464
0 0.12235915492957747 0.6798708920187794 0.04401408450704225 0.0721830985915493
0 0.5231073943661971 0.704225352112676 0.047975352112676055 0.10915492957746478
0 0.4667693661971831 0.7033450704225352 0.04973591549295775 0.09448356807511737
0 0.7526408450704225 0.812206572769953 0.05721830985915493 0.07629107981220658
0 0.3472711267605634 0.8054577464788732 0.051056338028169015 0.08039906103286384
0 0.3184419014084507 0.18603286384976525 0.04709507042253521 0.07394366197183098
0 0.903169014084507 0.41431924882629106 0.03961267605633803 0.0892018779342723
0 0.7394366197183099 0.511150234741784 0.04929577464788732 0.06690140845070422
0 0.2007042253521127 0.698650234741784 0.045774647887323945 0.08509389671361503
0 0.48899647887323944 0.5070422535211268 0.05193661971830986 0.06572769953051644
0 0.25110035211267606 0.6957159624413145 0.03829225352112676 0.09213615023474178
0 0.28807218309859156 0.7136150234741784 0.047975352112676055 0.09154929577464789
0 0.053257042253521125 0.3993544600938967 0.04225352112676056 0.08744131455399061
0 0.15911091549295775 0.21390845070422534 0.03829225352112676 0.09330985915492958
0 0.4300176056338028 0.5049882629107981 0.0528169014084507 0.06396713615023474
0 0.23327464788732394 0.41050469483568075 0.040492957746478875 0.10504694835680752
0 0.06470070422535211 0.5196596244131455 0.04401408450704225 0.09330985915492958
0 0.6870598591549296 0.38321596244131456 0.03873239436619718 0.07863849765258216
0 0.160431338028169 0.4052230046948357 0.04181338028169014 0.07805164319248827
0 0.7865316901408451 0.10123239436619719 0.05457746478873239 0.12265258215962441
0 0.12059859154929578 0.7743544600938967 0.03697183098591549 0.08039906103286384
0 0.05193661971830986 0.22505868544600938 0.03961267605633803 0.09330985915492958
0 0.8455105633802817 0.4102112676056338 0.04137323943661972 0.07746478873239436
0 0.0664612676056338 0.670481220657277 0.04225352112676056 0.06866197183098592
0 0.991637323943662 0.533744131455399 0.05545774647887324 0.11326291079812206
0 0.808318661971831 0.6942488262910798 0.04621478873239437 0.07981220657276995
0 1.0380721830985915 0.41960093896713613 0.050616197183098594 0.09389671361502347
0 0.9555457746478874 0.4166666666666667 0.037852112676056336 0.08685446009389672
0 0.8461707746478874 0.5190727699530516 0.042693661971830985 0.09565727699530517
0 1.1100352112676057 0.4240023474178404 0.05457746478873239 0.10622065727699531
0 0.8459507042253521 0.09272300469483569 0.05721830985915493 0.13262910798122066
0 0.987455985915493 0.42077464788732394 0.042693661971830985 0.08450704225352113
0 0.913512323943662 0.08597417840375587 0.05941901408450704 0.12147887323943662
0 0.8846830985915493 0.8218896713615024 0.04401408450704225 0.07570422535211267
0 0.9480633802816901 0.5278755868544601 0.04137323943661972 0.10269953051643192
0 0.9042693661971831 0.2197769953051643 0.05677816901408451 0.11678403755868545
0 0.2871919014084507 1.0713028169014085 0.0488556338028169 0.08039906103286384
0 0.5565580985915493 1.0830399061032865 0.05501760563380282 0.09683098591549295
0 0.41571302816901406 0.8107394366197183 0.050616197183098594 0.10152582159624413
0 0.06426056338028169 0.7819835680751174 0.04753521126760563 0.0886150234741784
0 0.2482394366197183 0.9553990610328639 0.03961267605633803 0.06690140845070422
0 0.839568661971831 1.0889084507042253 0.04621478873239437 0.06631455399061033
0 0.6725352112676056 1.0642605633802817 0.04929577464788732 0.09330985915492958
0 0.4014084507042254 1.04518779342723 0.04401408450704225 0.08450704225352113
0 0.20620598591549297 0.7893192488262911 0.04709507042253521 0.0892018779342723
0 0.6109154929577465 1.0695422535211268 0.04665492957746479 0.08744131455399061
0 0.8246038732394366 0.9821009389671361 0.03829225352112676 0.07687793427230047
0 0.640625 0.7969483568075117 0.05413732394366197 0.0880281690140845
0 0.129181338028169 1.0604460093896713 0.0409330985915493 0.07746478873239436
0 0.7255721830985915 0.9853286384976526 0.04005281690140845 0.07746478873239436
0 0.766725352112676 0.9815140845070423 0.04137323943661972 0.0710093896713615
0 0.7555017605633803 1.0862676056338028 0.06205985915492958 0.1068075117370892
0 0.2933538732394366 0.801056338028169 0.053257042253521125 0.08685446009389672
0 0.2970950704225352 0.9553990610328639 0.0448943661971831 0.06455399061032864
0 0.5138644366197183 0.9909037558685446 0.042693661971830985 0.09096244131455399
0 0.17869718309859156 1.0625 0.04225352112676056 0.06279342723004695
0 0.9027288732394366 0.9844483568075117 0.03697183098591549 0.0698356807511737
0 0.2088468309859155 0.9577464788732394 0.03477112676056338 0.056338028169014086
0 0.5217869718309859 0.8116197183098591 0.053257042253521125 0.10328638497652583
0 0.08428697183098592 1.056338028169014 0.0409330985915493 0.08215962441314555
0 0.13578345070422534 0.9457159624413145 0.0488556338028169 0.06866197183098592
0 0.9493838028169014 1.0953638497652582 0.04665492957746479 0.07805164319248827
0 0.8961267605633803 1.0953638497652582 0.04841549295774648 0.07570422535211267
0 1.071963028169014 1.01731220657277 0.053257042253521125 0.10974178403755869
0 1.0642605633802817 0.82981220657277 0.05193661971830986 0.10915492957746478
0 1.0035211267605635 1.0020539906103287 0.05017605633802817 0.08274647887323944
0 1.126100352112676 1.044894366197183 0.03829225352112676 0.15199530516431925
0 0.8217429577464789 0.8148474178403756 0.04665492957746479 0.0733568075117371
0 0.9850352112676056 0.8145539906103286 0.05017605633802817 0.09154929577464789
0 1.119718309859155 0.8210093896713615 0.0528169014084507 0.13732394366197184
0 0.2636443661971831 0.1983568075117371 0.04137323943661972 0.08450704225352113
0 0.3767605633802817 0.18603286384976525 0.05017605633802817 0.0880281690140845
0 0.6584507042253521 0.2130281690140845 0.03873239436619718 0.12089201877934272
0 0.5242077464788732 0.11032863849765258 0.07130281690140845 0.08450704225352113
0 0.9735915492957746 0.04518779342723005 0.05017605633802817 0.05516431924882629
0 0.984375 0.09624413145539906 0.06205985915492958 0.029342723004694836
0 0.9775528169014085 0.13615023474178403 0.06073943661971831 0.036384976525821594
0 0.9799735915492958 0.17811032863849766 0.061179577464788734 0.041666666666666664
0 0.9762323943661971 0.21889671361502347 0.06073943661971831 0.029342723004694836
0 0.9735915492957746 0.2602699530516432 0.058098591549295774 0.03931924882629108
0 1.049955985915493 0.267018779342723 0.061179577464788734 0.036384976525821594
0 1.0459947183098592 0.221537558685446 0.0761443661971831 0.04518779342723005
0 1.053036971830986 0.18339201877934272 0.06734154929577464 0.031103286384976527
0 1.0543573943661972 0.04870892018779343 0.06205985915492958 0.04107981220657277
0 1.0506161971830985 0.11971830985915492 0.0 0.0
0 1.0466549295774648 0.09213615023474178 0.0 0.0
0 1.064700704225352 0.11267605633802817 0.0 0.0
0 1.0569982394366197 0.09800469483568075 0.05941901408450704 0.03990610328638498
0 1.0629401408450705 0.14788732394366197 0.0528169014084507 0.03990610328638498
0 1.1183978873239437 0.26789906103286387 0.0448943661971831 0.03814553990610329
0 1.1221390845070423 0.22799295774647887 0.037411971830985914 0.03697183098591549
0 1.1192781690140845 0.19219483568075119 0.03873239436619718 0.04518779342723005
0 0.6652728873239436 0.11971830985915492 0.04005281690140845 0.062206572769953054
0 0.7286531690140845 0.11443661971830986 0.042693661971830985 0.09272300469483569
0 0.620818661971831 0.11971830985915492 0.03653169014084507 0.05868544600938967
0 0.6199383802816901 0.5070422535211268 0.04533450704225352 0.07394366197183098
0 0.020026408450704226 0.5149647887323944 0.03125 0.08626760563380281
0 0.788512323943662 0.38967136150234744 0.042693661971830985 0.06338028169014084
0 1.117737676056338 0.5416666666666666 0.04621478873239437 0.10915492957746478
0 1.0409330985915493 0.528755868544601 0.032570422535211266 0.09976525821596244
0 0.02068661971830986 0.7860915492957746 0.02464788732394366 0.08626760563380281
0 0.15602992957746478 0.7808098591549296 0.03917253521126761 0.08626760563380281
0 0.6965228873239436 0.8101525821596244 0.037411971830985914 0.0897887323943662
0 1.1294014084507042 0.7030516431924883 0.022887323943661973 0.08685446009389672
0 1.0110035211267605 1.1032863849765258 0.058098591549295774 0.062206572769953054
0 0.671875 0.971537558685446 0.053257042253521125 0.06748826291079812
0 0.2304137323943662 1.0724765258215962 0.053257042253521125 0.0897887323943662
0 0.03301056338028169 1.0583920187793427 0.04665492957746479 0.10035211267605634
0 0.0743838028169014 0.9559859154929577 0.03873239436619718 0.09154929577464789
0 0.1443661971830986 0.7165492957746479 0.0 0.0
0 0.4498239436619718 0.9738849765258216 0.05193661971830986 0.08626760563380281
0 0.45576584507042256 1.0560446009389672 0.04005281690140845 0.06396713615023474
0 0.3470510563380282 1.044894366197183 0.050616197183098594 0.07922535211267606
0 0.2830105633802817 0.4043427230046948 0.04665492957746479 0.11032863849765258
0 0.5818661971830986 0.7074530516431925 0.05985915492957746 0.12265258215962441
