0 0.5695422535211268 0.4380868544600939 0.06602112676056338 0.15669014084507044
0 0.856294014084507 0.2482394366197183 0.06910211267605634 0.13380281690140844
0 0.9397007042253521 0.2634976525821596 0.0897887323943662 0.13380281690140844
0 1.0774647887323943 0.4636150234741784 0.08890845070422536 0.1784037558685446
0 0.4909771126760563 0.448943661971831 0.04973591549295775 0.15492957746478872
0 0.40096830985915494 0.45041079812206575 0.061619718309859156 0.15199530516431925
0 0.6450264084507042 0.647887323943662 0.05941901408450704 0.09507042253521127
0 0.4297975352112676 0.641725352112676 0.04533450704225352 0.12030516431924883
0 0.683318661971831 0.4533450704225352 0.08230633802816902 0.15786384976525822
0 0.4284771126760563 0.221537558685446 0.0682218309859155 0.14847417840375587
0 0.640625 0.22183098591549297 0.06205985915492958 0.12323943661971831
0 0.7768485915492958 0.24119718309859156 0.07394366197183098 0.1255868544600939
0 0.8402288732394366 0.8107394366197183 0.07394366197183098 0.04988262910798122
0 0.9205545774647887 0.6757629107981221 0.06558098591549295 0.07570422535211267
0 0.6346830985915493 0.801056338028169 0.04401408450704225 0.0528169014084507
0 0.9936179577464789 0.6822183098591549 0.06734154929577464 0.07922535211267606
0 0.9108714788732394 0.4536384976525822 0.04533450704225352 0.0903755868544601
0 0.7748679577464789 0.4524647887323944 0.07526408450704225 0.12441314553990611
0 0.8798415492957746 0.04078638497652582 0.09066901408450705 0.06279342723004695
0 0.972931338028169 0.043133802816901406 0.07790492957746478 0.06866197183098592
0 0.4183538732394366 0.9730046948356808 0.05237676056338028 0.09507042253521127
0 0.7632042253521126 0.8336267605633803 0.05457746478873239 0.09096244131455399
0 0.4826144366197183 0.9759389671361502 0.06029929577464789 0.09272300469483569
0 0.6371038732394366 0.9683098591549296 0.05237676056338028 0.051643192488262914
0 0.5561179577464789 0.8345070422535211 0.06998239436619719 0.08215962441314555
0 0.5561179577464789 0.9791666666666666 0.06470070422535211 0.07922535211267606
0 1.023987676056338 1.034330985915493 0.04533450704225352 0.07922535211267606
0 1.085387323943662 1.0269953051643192 0.03961267605633803 0.10093896713615023
0 0.04137323943661972 0.16285211267605634 0.05545774647887324 0.034624413145539906
0 0.042693661971830985 0.20158450704225353 0.0528169014084507 0.02640845070422535
0 0.04533450704225352 0.23591549295774647 0.04753521126760563 0.022300469483568074
0 0.04203345070422535 0.2687793427230047 0.05413732394366197 0.03286384976525822
0 0.09242957746478873 0.23268779342723006 0.04401408450704225 0.022887323943661973
0 0.09375 0.26965962441314556 0.04401408450704225 0.031103286384976527
0 0.0900088028169014 0.20158450704225353 0.03125 0.04284037558685446
0 0.12169894366197183 0.16960093896713616 0.02948943661971831 0.03755868544600939
0 0.15911091549295775 0.17400234741784038 0.04533450704225352 0.04284037558685446
0 0.17297535211267606 0.24119718309859156 0.04401408450704225 0.03990610328638498
0 0.23965669014084506 0.24471830985915494 0.053257042253521125 0.036384976525821594
0 0.23503521126760563 0.28374413145539906 0.04665492957746479 0.027582159624413145
0 0.17693661971830985 0.2828638497652582 0.04665492957746479 0.036384976525821594
0 0.1701144366197183 0.061619718309859156 0.06470070422535211 0.03286384976525822
0 0.12059859154929578 0.025528169014084508 0.06073943661971831 0.03227699530516432
0 0.0743838028169014 0.0721830985915493 0.04929577464788732 0.03990610328638498
0 0.12235915492957747 0.06690140845070422 0.04401408450704225 0.03286384976525822
0 0.06734154929577464 0.027288732394366196 0.037852112676056336 0.0357981220657277
0 0.3727992957746479 0.05134976525821596 0.06073943661971831 0.04284037558685446
0 0.37367957746478875 0.01789906103286385 0.04137323943661972 0.027582159624413145
0 0.4738116197183099 0.022300469483568074 0.061179577464788734 0.029342723004694836
0 0.47315140845070425 0.058098591549295774 0.05193661971830986 0.03286384976525822
0 0.5352112676056338 0.020539906103286387 0.04137323943661972 0.036384976525821594
0 0.53125 0.053110328638497656 0.04401408450704225 0.0357981220657277
0 0.6492077464788732 0.03667840375586855 0.09330985915492958 0.0721830985915493
0 0.745818661971831 0.04284037558685446 0.08934859154929578 0.06690140845070422
0 0.8235035211267606 0.6173708920187794 0.06866197183098592 0.09507042253521127
0 0.7495598591549296 0.6244131455399061 0.06866197183098592 0.09507042253521127
0 0.4744718309859155 0.8195422535211268 0.06954225352112677 0.09800469483568075
0 0.6985035211267606 0.8036971830985915 0.0721830985915493 0.056924882629107984
0 0.9262764084507042 0.806631455399061 0.07262323943661972 0.06866197183098592
0 0.22139084507042253 1.0783450704225352 0.06866197183098592 0.04636150234741784
0 0.29071302816901406 1.0836267605633803 0.06470070422535211 0.04988262910798122
0 0.15933098591549297 1.0974178403755868 0.0528169014084507 0.08450704225352113
0 0.09661091549295775 1.0765845070422535 0.07262323943661972 0.11561032863849766
0 0.08032570422535211 0.948943661971831 0.08142605633802817 0.08450704225352113
0 0.17693661971830985 0.9703638497652582 0.08538732394366197 0.09683098591549295
0 0.24669894366197184 0.9730046948356808 0.05413732394366197 0.07746478873239436
0 0.3017165492957746 0.9686032863849765 0.050616197183098594 0.09330985915492958
0 0.1056338028169014 0.7987089201877934 0.03609154929577465 0.10915492957746478
0 0.15735035211267606 0.7937206572769953 0.06470070422535211 0.10856807511737089
0 0.2207306338028169 0.5889084507042254 0.05941901408450704 0.031103286384976527
0 0.21963028169014084 0.6279342723004695 0.04665492957746479 0.022300469483568074
0 0.2264524647887324 0.6581572769953051 0.047975352112676055 0.024061032863849766
0 0.22601232394366197 0.6919014084507042 0.03653169014084507 0.025821596244131457
0 0.16967429577464788 0.5836267605633803 0.042693661971830985 0.027582159624413145
0 0.17671654929577466 0.6182511737089202 0.03389084507042254 0.024061032863849766
0 0.18067781690140844 0.6528755868544601 0.03125 0.031103286384976527
0 0.18243838028169015 0.6751760563380281 0.04533450704225352 0.024061032863849766
0 0.034991197183098594 0.3914319248826291 0.053257042253521125 0.029342723004694836
0 0.03631161971830986 0.43045774647887325 0.047975352112676055 0.034624413145539906
0 0.03895246478873239 0.4647887323943662 0.03477112676056338 0.014084507042253521
0 0.04709507042253521 0.4909037558685446 0.04401408450704225 0.031103286384976527
0 0.08824823943661972 0.39055164319248825 0.042693661971830985 0.020539906103286387
0 0.08758802816901408 0.41901408450704225 0.03873239436619718 0.025821596244131457
0 0.09837147887323944 0.45980046948356806 0.047975352112676055 0.031103286384976527
0 0.10629401408450705 0.48826291079812206 0.053257042253521125 0.029342723004694836
0 0.7200704225352113 1.1109154929577465 0.10035211267605634 0.05985915492957746
0 0.11091549295774648 0.6390845070422535 0.04401408450704225 0.03403755868544601
