0 0.3714788732394366 0.17370892018779344 0.4523012857072009 0.3232548656571668
0 0.9806338028169014 0.3996478873239437 0.999 0.5115025540567348
0 0.8142605633802817 0.36619718309859156 0.8896063993999207 0.48394002512728956
0 0.6311619718309859 0.3902582159624413 0.6885426223715533 0.49272872170424736
0 0.7477992957746479 0.5768779342723005 0.8068891728451696 0.6821731937005444
0 0.4744718309859155 0.16255868544600938 0.5376432782434041 0.3303036627432829
0 0.5506161971830986 0.159037558685446 0.6141942710399723 0.30507098734818927
0 0.4269366197183099 0.38497652582159625 0.46504096099484227 0.5032952015693536
0 0.621919014084507 0.7623239436619719 0.6735819018423923 0.8064775094227336
0 0.6888204225352113 0.6473004694835681 0.7316510473492362 0.6985637908042938
0 0.6650528169014085 0.17018779342723006 0.7369431985841103 0.3056512982432939
0 0.21346830985915494 0.43485915492957744 0.25650815655375914 0.5038527821860742
0 0.5338908450704225 0.6038732394366197 0.6023178297336839 0.6839179147655888
0 0.28829225352112675 0.7411971830985915 0.33702099812785163 0.8105978889770548
0 0.6870598591549296 0.5821596244131455 0.7422152025267804 0.6487193898917764
0 0.999 0.19248826291079812 0.999 0.3508260045405453
0 0.9128521126760564 0.19718309859154928 0.9564644136828011 0.2897903855055214
0 0.9066901408450704 0.39906103286384975 0.9683509286351915 0.5097423350746104
0 0.9168133802816901 0.5980046948356808 0.9784697124206506 0.6528180723621856
0 0.999 0.7992957746478874 0.999 0.8991788170336574
0 0.5338908450704225 0.7523474178403756 0.6036382522688951 0.8369997961162908
0 0.4705105633802817 0.7482394366197183 0.529722486547808 0.8352416435231105
0 0.4022887323943662 0.7476525821596244 0.4602102602410237 0.8387631146818312
0 0.2319542253521127 0.7306338028169014 0.27454579479517954 0.808843524763605
0 0.8965669014084507 0.9776995305164319 0.9551511589342393 0.999
0 0.9973591549295775 0.778755868544601 0.999 0.8956697442086007
0 0.9102112676056338 0.9184272300469484 0.9577859985617934 0.9742262750997377
0 0.011003521126760563 0.002347417840375587 0.06293529774598294 0.048707542595164105
0 0.025088028169014086 0.041666666666666664 0.06160867604393969 0.08506944444444445
0 0.06558098591549295 0.005868544600938967 0.10956620555197381 0.039902659304811655
0 0.07306338028169014 0.03990610328638498 0.10956291224459433 0.09739442130088827
0 0.1430457746478873 0.01056338028169014 0.18567647633158105 0.059266101302651586
0 0.1430457746478873 0.05575117370892019 0.1909581664724261 0.08682174226895016
0 0.20642605633802816 0.01232394366197183 0.25431055191182306 0.046941124446207766
0 0.21170774647887325 0.05046948356807512 0.25430822722426105 0.09210653199321123
0 0.0044014084507042256 0.16607981220657278 0.05105440078853402 0.19004338039189755
0 0.0044014084507042256 0.20246478873239437 0.05633609092937909 0.24518634695496924
0 0.0044014084507042256 0.2505868544600939 0.05633609092937909 0.27626139269104455
0 0.014964788732394365 0.27992957746478875 0.07041594859650864 0.3126291493089995
0 0.05765845070422535 0.1643192488262911 0.10824927004810554 0.19532610372721462
0 0.05369718309859155 0.20598591549295775 0.1249763656764531 0.23168662798386566
0 0.07834507042253522 0.2282863849765258 0.11440213685280698 0.26277682723886353
0 0.08890845070422536 0.2681924882629108 0.11967917761852806 0.3026595114505499
0 0.16637323943661972 0.1572769953051643 0.20635282867982543 0.19356967312482093
0 0.17297535211267606 0.2007042253521127 0.2076703453555842 0.22464747404615484
0 0.17693661971830985 0.2335680751173709 0.2037073342342789 0.25925260089488417
0 0.40713028169014087 0.005868544600938967 0.4602081292774251 0.09565383301373184
0 0.48723591549295775 0.0005868544600938967 0.5495214630653641 0.07453017203376755
0 0.6192781690140845 0.0005868544600938967 0.6876675712284269 0.06924848189292247
0 0.7592429577464789 0.005868544600938967 0.8354932909516961 0.0850904527320417
0 0.8433098591549296 0.0005868544600938967 0.901477416435231 0.07981186217461261
0 0.9339788732394366 0.009389671361502348 0.999 0.10210716568582072
0 0.7579225352112676 0.16784037558685447 0.8148072524052767 0.3056526758359232
0 0.7293133802816901 0.38028169014084506 0.8042564641812141 0.4851054684917014
0 0.8125 0.5839201877934272 0.8896071742957746 0.6510657745376799
0 0.6078345070422535 0.5751173708920188 0.6942747207275342 0.6493103771297581
0 0.6852992957746479 0.6549295774647887 0.6889589351691132 0.6557189380413939
0 0.4432218309859155 0.5786384976525821 0.5248929481377702 0.6868669961868237
0 0.7684859154929577 0.9653755868544601 0.8381300678188852 0.999
0 0.8371478873239436 0.9495305164319249 0.8882759032186074 0.999
0 0.9639084507042254 0.9565727699530516 0.999 0.999
0 0.6412852112676056 0.9066901408450704 0.6942599977063083 0.999
0 0.5717429577464789 0.9272300469483568 0.6269490567967665 0.999
0 0.0044014084507042256 0.8826291079812206 0.06513890783078753 0.9666181754061143
0 0.07658450704225352 0.8685446009389671 0.14257192583316802 0.9472602437787917
0 0.16901408450704225 0.7183098591549296 0.22571786351914305 0.8182404284864114
0 0.14700704225352113 0.5616197183098591 0.20019938070323348 0.6510788616676585
0 0.08890845070422536 0.5651408450704225 0.145647487477683 0.6545979220392779
0 0.19762323943661972 0.3873239436619718 0.24155034188405075 0.42113419956357867
0 0.7086267605633803 0.9049295774647887 0.7862197945596111 0.9630839615155723
0 0.7011443661971831 0.9653755868544601 0.7694977357543146 0.999
0 0.144806338028169 0.8650234741784038 0.2063623211540369 0.9531308547686747
0 0.07966549295774648 0.36795774647887325 0.1302466261034517 0.40236622197976596
0 0.08758802816901408 0.4113849765258216 0.12760229400168616 0.44224683980250834
0 0.09639084507042253 0.45422535211267606 0.13508081388861337 0.48506207432387755
0 0.999 0.04518779342723005 0.999 0.10912841091935022
