0 0.05039612676056338 0.2878521126760563 0.09991197183098592 0.24002347417840375
0 0.10805457746478873 0.034624413145539906 0.0761443661971831 0.04929577464788732
0 0.3340669014084507 0.26467136150234744 0.1382042253521127 0.24530516431924881
0 0.46875 0.2652582159624413 0.12059859154929578 0.2605633802816901
0 0.6012323943661971 0.2643779342723005 0.12411971830985916 0.2623239436619718
0 0.7605633802816901 0.2705399061032864 0.11619718309859155 0.2676056338028169
0 0.8692781690140845 0.26173708920187794 0.09595070422535211 0.2605633802816901
0 0.9845950704225352 0.31220657276995306 0.10123239436619719 0.0880281690140845
0 1.091769366197183 0.2869718309859155 0.09815140845070422 0.12441314553990611
0 0.07196302816901408 0.5874413145539906 0.10871478873239436 0.1068075117370892
0 0.1993838028169014 0.5871478873239436 0.0994718309859155 0.07570422535211267
0 0.3100792253521127 0.5897887323943662 0.10607394366197183 0.13262910798122066
0 0.528169014084507 0.5950704225352113 0.10211267605633803 0.10211267605633803
0 0.6382042253521126 0.6320422535211268 0.10475352112676056 0.12793427230046947
0 0.7475792253521126 0.602112676056338 0.1113556338028169 0.1431924882629108
0 0.8595950704225352 0.6150234741784038 0.11795774647887323 0.1936619718309859
0 0.9669894366197183 0.6235328638497653 0.09683098591549295 0.1449530516431925
0 1.0706426056338028 0.6217723004694836 0.10255281690140845 0.159037558685446
0 0.6518485915492958 0.8852699530516432 0.21214788732394366 0.12617370892018778
0 0.4084507042253521 0.9386737089201878 0.2306338028169014 0.15669014084507044
0 0.06536091549295775 0.9005281690140845 0.12455985915492958 0.18485915492957747
0 1.066681338028169 0.8444835680751174 0.14392605633802816 0.10328638497652583
0 0.8622359154929577 0.8538732394366197 0.18485915492957747 0.09859154929577464
