0 0.5849471830985915 0.6977699530516432 0.7048481746553263 0.8687219659899932
0 0.999 0.70481220657277 0.999 0.8986474106768939
0 0.1624119718309859 0.6766431924882629 0.23232288205465185 0.8628658197227181
0 0.332306338028169 0.647887323943662 0.4303114848864313 0.8793146201150566
0 0.8512323943661971 0.6842723004694836 0.999 0.8417345819832925
0 0.34375 0.3597417840375587 0.4483522227112676 0.5379344238356587
0 0.7191901408450704 0.3198356807511737 0.832870074761952 0.5403052607507328
0 0.24163732394366197 0.6596244131455399 0.326038011741222 0.8775471687716282
0 0.6214788732394366 0.22593896713615025 0.7308004054255107 0.296228909056845
0 0.43705985915492956 0.6754694835680751 0.5689097447803015 0.8235472596927417
0 0.7152288732394366 0.7012910798122066 0.8381535084184685 0.8440720122771056
0 0.22711267605633803 0.34507042253521125 0.33572750322356676 0.5162294187661178
0 0.5884683098591549 0.31103286384976525 0.709688174159393 0.5373761544226234
0 0.8419894366197183 0.3028169014084507 0.984224476480361 0.5320992858559809
0 0.9986795774647887 0.301056338028169 0.999 0.5420768448720492
0 0.3191021126760563 0.95481220657277 0.4743313811123785 0.999
0 0.2011443661971831 0.9413145539906104 0.31593259490924425 0.999
0 0.6148767605633803 0.9900234741784038 0.766894860580738 0.999
0 0.7693661971830986 0.999 0.9283585536103948 0.999
0 0.971830985915493 0.9636150234741784 0.999 0.999
0 0.46434859154929575 0.3028169014084507 0.5803413958663955 0.5109725252926006
