0 0.1192781690140845 0.8682511737089202 0.2007042253521127 0.2963615023474178
0 1.1148767605633803 0.5733568075117371 0.056338028169014086 0.1795774647887324
0 1.1003521126760563 0.8890845070422535 0.07658450704225352 0.21713615023474178
0 0.6848591549295775 0.5554577464788732 0.22359154929577466 0.23650234741784038
0 0.3527728873239437 0.8497652582159625 0.15536971830985916 0.22769953051643194
0 0.12632042253521128 0.6261737089201878 0.176056338028169 0.10211267605633803
0 0.2933538732394366 0.05575117370892019 0.25132042253521125 0.11032863849765258
0 0.3320862676056338 0.4005281690140845 0.10167253521126761 0.0710093896713615
0 0.29775528169014087 0.5674882629107981 0.13600352112676056 0.20892018779342722
0 0.49053697183098594 0.392018779342723 0.11399647887323944 0.06690140845070422
0 0.45774647887323944 0.562206572769953 0.16549295774647887 0.20539906103286384
0 0.06029929577464789 0.059565727699530516 0.11091549295774648 0.0886150234741784
0 0.9955985915492958 0.7086267605633803 0.10211267605633803 0.0721830985915493
0 1.0433538732394365 0.5692488262910798 0.0761443661971831 0.20187793427230047
0 0.653169014084507 0.8911384976525821 0.09595070422535211 0.22476525821596244
0 0.78125 0.8791079812206573 0.09066901408450705 0.23826291079812206
0 0.5464348591549296 0.8955399061032864 0.09991197183098592 0.21948356807511737
0 0.8888644366197183 0.8776408450704225 0.09375 0.24589201877934272
0 0.9949383802816901 0.8937793427230047 0.0840669014084507 0.19953051643192488
