0 0.7759683098591549 0.6866197183098591 0.8856619857791114 0.9356299180056867
0 0.13380281690140844 0.6842723004694836 0.24774040368974412 0.9115702627344663
0 0.6910211267605634 0.7012910798122066 0.7725831773209682 0.9168419653287487
0 0.8741197183098591 0.37265258215962443 0.999 0.5079972696114087
0 0.2676056338028169 0.6866197183098591 0.40965334259075575 0.9250665377239965
0 0.007482394366197183 0.6607981220657277 0.11971501655177544 0.9045417851396328
0 0.9005281690140845 0.5827464788732394 0.999 0.9527096558222574
0 0.24295774647887325 0.999 0.311952923527078 0.999
0 0.4507042253521127 0.8480046948356808 0.6076361337036302 0.9349483540523265
0 0.1500880281690141 0.999 0.2310078837904186 0.999
0 0.46258802816901406 0.7235915492957746 0.6049900580861932 0.8370166716260001
0 0.29973591549295775 0.19190140845070422 0.4730194824315612 0.49049771044105006
0 0.0030809859154929575 0.22300469483568075 0.1778155453407062 0.47170011461570677
0 0.19234154929577466 0.29577464788732394 0.2842463285434438 0.47869966276532433
