0 0.429137323943662 0.9237089201877934 0.5750752036426304 0.999
0 0.4110915492957746 0.125 0.5301887801279508 0.37492664319248825
0 0.18970070422535212 0.13849765258215962 0.2829270683520135 0.40250088165928277
0 0.4471830985915493 0.5322769953051644 0.5596623313826622 0.765532701293835
0 0.3371478873239437 0.4782863849765258 0.44571428350029757 0.7461981887412109
0 0.5418133802816901 0.12969483568075119 0.6709763145333267 0.40426661101192446
0 0.8177816901408451 0.556924882629108 0.8838830186222971 0.6992036825806167
0 0.0448943661971831 0.4524647887323944 0.17559643733882166 0.7080678023540303
0 0.1949823943661972 0.5768779342723005 0.3295796732419163 0.7561168556723754
0 0.6764964788732394 0.13497652582159625 0.8095614011976789 0.40602407480879016
0 0.8142605633802817 0.1983568075117371 0.9353810472872446 0.390728663845357
0 0.2869718309859155 0.11619718309859155 0.40568355113072807 0.3954717152681346
0 0.5625 0.5498826291079812 0.6722876320422535 0.7531984256871432
0 0.9445422535211268 0.18368544600938966 0.999 0.40071379962088655
0 0.8930457746478874 0.5616197183098591 0.9573534129512994 0.7044826175362031
0 0.6998239436619719 0.8838028169014085 0.7963469084755008 0.999
0 0.5915492957746479 0.8773474178403756 0.6942818885141837 0.999
0 0.08142605633802817 0.9119718309859155 0.2517247244470343 0.999
0 0.9713908450704225 0.999 0.999 0.999
0 0.8868838028169014 0.999 0.975842040579746 0.999
0 0.8855633802816901 0.8210093896713615 0.9489940302023407 0.9191191259450285
0 0.030369718309859156 0.11443661971830986 0.14831409783525093 0.4060361287442968
0 0.6738556338028169 0.5528169014084507 0.8016400283301924 0.7578915393771077
0 0.2557218309859155 0.8186619718309859 0.4189015308842492 0.999
0 0.9559859154929577 0.8151408450704225 0.999 0.9150145887059447
0 0.8151408450704225 0.8063380281690141 0.8830038992759374 0.9267568438801825
