0 0.9313380281690141 0.70481220657277 0.999 0.8663704153717295
0 0.999 0.7065727699530516 0.999 0.8763459079988538
0 0.5444542253521126 0.26115023474178406 0.6542498000768696 0.49221763483876657
0 0.4014084507042254 0.2734741784037559 0.5323937462805 0.495731529238026
0 0.1857394366197183 0.5944835680751174 0.3436682484874033 0.8147919697370452
0 0.008362676056338027 0.5803990610328639 0.17165124882215832 0.8077579817716943
0 0.5523767605633803 0.0005868544600938967 0.6489646229046816 0.10563345841874408
0 0.914612676056338 0.39906103286384975 0.999 0.5519958562013709
0 0.167693661971831 0.041666666666666664 0.2776550644093434 0.1989192097026604
0 0.4251760563380282 0.004107981220657277 0.5442670880033724 0.11795533569177191
0 0.09242957746478873 0.03169014084507042 0.15929030388315812 0.19364337433049
0 0.5365316901408451 0.6115023474178404 0.6423694842913112 0.8083265831294496
0 0.2904929577464789 0.27816901408450706 0.39423833936718905 0.497489337433049
0 0.999 0.45774647887323944 0.999 0.5648722145077035
0 0.9744718309859155 0.2705399061032864 0.999 0.3249586033414887
0 0.8151408450704225 0.3890845070422535 0.9089722091350922 0.5338092227071348
0 0.829225352112676 0.710093896713615 0.9296526296865701 0.8646067524080319
0 0.3956866197183099 0.710093896713615 0.5042272506075183 0.8387851561639004
0 0.3503521126760563 0.002347417840375587 0.4210605844574489 0.10915355198483545
0 0.8380281690140845 0.22124413145539906 0.8988388960523706 0.2762786125989111
0 0.8393485915492958 0.1766431924882629 0.8922362022044238 0.21937990422976042
0 0.8345070422535211 0.11795774647887323 0.902361572604642 0.1695317149375124
0 0.9106514084507042 0.12147887323943662 0.9674689034293792 0.16424795840772335
0 0.9172535211267606 0.18368544600938966 0.9674659975699266 0.2211363348321541
0 0.897887323943662 0.215962441314554 0.9648336763538982 0.271586876501576
0 0.8992077464788732 0.2699530516431925 0.9595514050411624 0.3126350040776742
0 0.999 0.17136150234741784 0.999 0.22290413057373978
0 0.9766725352112676 0.18368544600938966 0.999 0.22641802497299918
0 0.7112676056338029 0.08509389671361503 0.7523277871454077 0.20417541437986292
0 0.7086267605633803 0.20598591549295775 0.7461669776582027 0.3073908533359783
0 0.05897887323943662 0.2834507042253521 0.15358319591846856 0.43175853831911654
0 0.15580985915492956 0.2764084507042254 0.2855828301676255 0.4699082110031078
