0 0.3050176056338028 0.7359154929577465 0.4378058901383654 0.9027371387952127
0 0.7081866197183099 0.7435446009389671 0.8029453403962508 0.9373570747647072
0 0.8182218309859155 0.7681924882629108 0.9164532474335451 0.9578825161453857
0 0.590669014084507 0.7347417840375586 0.6938421351170402 0.9050852454319028
0 0.8472711267605634 0.4647887323943662 0.9723383489758977 0.6787178469880315
0 0.1637323943661972 0.1437793427230047 0.25168849806585997 0.34381233606647715
0 0.9537852112676056 0.7306338028169014 0.999 0.9491017407260464
0 0.33186619718309857 0.43661971830985913 0.4615616786103948 0.6458705283343252
0 0.07570422535211267 0.7382629107981221 0.16237865130926402 0.8951066532213626
0 0.4665492957746479 0.44072769953051644 0.5838615540071415 0.6441075541669422
0 0.6038732394366197 0.11502347417840375 0.7325687177643325 0.3643691176794728
0 0.02772887323943662 0.11267605633802817 0.1399525841226939 0.35439396945050583
0 0.25704225352112675 0.12323943661971831 0.3810488370363023 0.3661248594855518
0 0.3956866197183099 0.12969483568075119 0.5235934477906169 0.34910229176309815
0 0.11971830985915492 0.4231220657276995 0.21165505356080144 0.6317939424496903
0 0.457306338028169 0.7235915492957746 0.5600980165765721 0.854622305428817
0 0.6069542253521126 0.4665492957746479 0.7268455307106725 0.6593506166104609
0 0.21434859154929578 0.4284037558685446 0.3269303043170998 0.6353119696268377
0 0.7293133802816901 0.4166666666666667 0.8275839289699465 0.5648963223787168
0 0.20158450704225353 0.06807511737089202 0.3278162040021821 0.12437319535365558
0 0.860475352112676 0.11267605633802817 0.995660002045725 0.35439396945050583
0 0.733274647887324 0.10152582159624413 0.781807537566951 0.31801553648967357
0 0.999 0.42488262910798125 0.999 0.6423562895369085
0 0.7891725352112676 0.10152582159624413 0.8222758923700655 0.28691225010469706
0 0.999 0.11091549295774648 0.999 0.35791612940554124
0 0.1817781690140845 0.7623239436619719 0.2877721046791311 0.8939188239767242
0 0.36971830985915494 0.06279342723004695 0.5222844549692521 0.12320258601688377
0 0.5250880281690141 0.0886150234741784 0.5948393098467566 0.31626254986885316
0 0.03169014084507042 0.4284037558685446 0.11090154483237454 0.6147720635235513
0 0.0008802816901408451 0.6977699530516432 0.06161933086193216 0.8957172711543124
