0 0.639524647887324 0.09976525821596244 0.7259509134472327 0.33973018470761973
0 0.21170774647887325 0.4994131455399061 0.3080054103228526 0.7438383725671714
0 0.30941901408450706 0.5199530516431925 0.48621944585647686 0.7567371167537306
0 0.6624119718309859 0.43720657276995306 0.8249725299419758 0.7286166628094073
0 0.5224471830985915 0.12089201877934272 0.6291714581060306 0.3661262370781811
0 0.48723591549295775 0.4301643192488263 0.6489932940512796 0.7215785420661684
0 0.10607394366197183 0.22359154929577466 0.1623652843557826 0.32322559181379357
0 0.23767605633802816 0.335093896713615 0.3022721496230906 0.45226813738455773
0 0.7403169014084507 0.10856807511737089 0.8196565506595913 0.3350301830545086
0 0.025528169014084508 0.5181924882629108 0.20553453865800436 0.6493437837510194
0 0.3217429577464789 0.3333333333333333 0.37177740186718905 0.44111893583724565
0 0.19630281690140844 0.014671361502347418 0.24639247235171594 0.11501486422447046
0 0.4282570422535211 0.3456572769953052 0.48220587278069826 0.45578306497828913
0 0.2623239436619718 0.0005868544600938967 0.3255887658698671 0.10445974949855628
0 0.01936619718309859 0.6555164319248826 0.11838936346954969 0.7343570912958187
0 0.43705985915492956 0.20422535211267606 0.48836397013241417 0.3314529193943001
0 0.1756161971830986 0.3368544600938967 0.23231707033574686 0.4246849445656726
0 0.38116197183098594 0.004107981220657277 0.4276491364560603 0.10445768310961229
0 0.08054577464788733 0.008215962441314555 0.11968285837383456 0.10915010800326214
0 0.12367957746478873 0.007042253521126761 0.15883640863667925 0.1109113601798585
0 0.375 0.20774647887323944 0.4302926936619718 0.3279297262447927
0 0.2601232394366197 0.198943661971831 0.3163467767432057 0.3179583663955564
0 0.018926056338028168 0.22065727699530516 0.07789659944703432 0.3120770790627962
0 0.10299295774647887 0.3286384976525822 0.1689687530995834 0.42292920275959356
0 0.889524647887324 0.12265258215962441 0.999 0.3872519644470894
0 0.8485915492957746 0.4442488262910798 0.999 0.7426970370737728
0 0.815580985915493 0.10152582159624413 0.8843241280871851 0.32799206231126976
0 0.6971830985915493 0.8028169014084507 0.8623691975798453 0.999
0 0.21434859154929578 0.999 0.428162698683297 0.999
0 0.051056338028169015 0.7928403755868545 0.2055233026681214 0.9326333096387401
0 0.23767605633802816 0.8116197183098591 0.3810573608906963 0.9960025705878464
0 0.519806338028169 0.8016431924882629 0.6789085359427692 0.999
0 0.8705985915492958 0.8133802816901409 0.999 0.999
0 0.15713028169014084 0.007629107981220657 0.18963154477038288 0.11971383268310962
0 0.33186619718309857 0.0005868544600938967 0.3669313969202539 0.10563345841874408
0 0.030369718309859156 0.3333333333333333 0.09901832318736362 0.4211658841940532
0 0.375 0.3368544600938967 0.42501100352112675 0.450506540809804
0 0.3204225352112676 0.20246478873239437 0.3629751661376711 0.31971686338689415
0 0.999 0.4495305164319249 0.999 0.7561915900725165
0 0.39172535211267606 0.8204225352112676 0.5015881490527673 0.952570174568538
0 0.999 0.8169014084507042 0.999 0.999
0 0.999 0.12969483568075119 0.999 0.39546379411051596
