0 0.02640845070422535 0.20950704225352113 0.1302700667030351 0.35433714375454606
0 0.1289612676056338 0.20246478873239437 0.228376337470244 0.3613835300535608
0 0.22975352112676056 0.2147887323943662 0.30623690426006744 0.35433404417113007
0 0.1210387323943662 0.4595070422535211 0.21561573999454473 0.5871716507967996
0 0.26848591549295775 0.4301643192488263 0.3682797157062091 0.6317898096718023
0 0.0008802816901408451 0.70481220657277 0.11839749987601668 0.9684830914280677
0 0.11707746478873239 0.6807511737089202 0.2657935398482444 0.9491310145694197
0 0.2830105633802817 0.6842723004694836 0.3889599425337235 0.9045280092133395
0 0.4212147887323944 0.0886150234741784 0.48573009912467763 0.2405583245167405
0 0.49383802816901406 0.08685446009389672 0.5675643318537988 0.23703823095064913
0 0.5691021126760564 0.08333333333333333 0.6397143036475897 0.24525625978090768
0 0.6412852112676056 0.08509389671361503 0.7228691526358857 0.25053691672728073
0 0.7279929577464789 0.0886150234741784 0.7950140876066257 0.2405583245167405
0 0.7966549295774648 0.08685446009389672 0.8715683737105733 0.2452541933919637
0 0.8758802816901409 0.09213615023474178 0.9476778695943265 0.24701165718882936
0 0.952024647887324 0.09213615023474178 0.999 0.24877222056911105
0 0.999 0.09213615023474178 0.999 0.25053278394939277
0 0.4859154929577465 0.3286384976525822 0.5517227484626066 0.4733986863276687
0 0.4859154929577465 0.477112676056338 0.5508424667724658 0.6235462953779012
0 0.5545774647887324 0.318075117370892 0.626956612031343 0.47340488549450066
0 0.551056338028169 0.4818075117370892 0.6243173167526284 0.6182618500517975
0 0.6311619718309859 0.32335680751173707 0.6995461434983138 0.48161774835239923
0 0.6285211267605634 0.4835680751173709 0.6942656157012498 0.6147396900967621
0 0.7037852112676056 0.3286384976525822 0.7694965734105337 0.4798540853887015
0 0.6971830985915493 0.49061032863849763 0.7642177891291411 0.6182566840794376
0 0.769806338028169 0.3286384976525822 0.8403301908723467 0.4816146487689832
0 0.7658450704225352 0.4835680751173709 0.8354903850922436 0.6200213802376072
0 0.8433098591549296 0.335093896713615 0.912921078407062 0.48689255053009767
0 0.8371478873239436 0.49413145539906106 0.9028005511059313 0.6147334909299301
0 0.9132922535211268 0.3368544600938967 0.9828726706630629 0.48337039057506226
0 0.9845950704225352 0.3333333333333333 0.999 0.48865414710485133
0 0.999 0.33215962441314556 0.999 0.49217596266172936
0 0.9106514084507042 0.48708920187793425 0.9723104527251538 0.614737623707818
0 0.9727112676056338 0.48708920187793425 0.999 0.6200193138486632
0 0.999 0.48884976525821594 0.999 0.6182577172739094
0 0.5004401408450704 0.6854460093896714 0.586927623177445 0.8147385880226587
0 0.44190140845070425 0.829225352112676 0.4976047969152945 0.9373067926337367
0 0.5044014084507042 0.8204225352112676 0.5869258796617735 0.9249880149441249
0 0.610475352112676 0.6789906103286385 0.698234825989387 0.7801179632568495
0 0.6919014084507042 0.7981220657276995 0.7822658884645903 0.9478884260177655
0 0.7852112676056338 0.7963615023474179 0.8728938330688355 0.9408472056911106
0 0.8846830985915493 0.6889671361502347 0.9710014599037888 0.8252999019154048
0 0.8745598591549296 0.8221830985915493 0.9648439437239635 0.935550362031343
0 0.9691901408450704 0.6907276995305164 0.999 0.8252988687209328
0 0.9713908450704225 0.8257042253521126 0.999 0.9302666055015539
0 0.999 0.8133802816901409 0.999 0.9285132744825763
0 0.551056338028169 0.999 0.6282785843582622 0.999
0 0.6285211267605634 0.999 0.7158325171097005 0.999
0 0.7552816901408451 0.999 0.8249316541856774 0.999
0 0.829225352112676 0.999 0.9063251648978378 0.999
0 0.909330985915493 0.999 0.9819941324885936 0.999
