0 0.02772887323943662 0.16519953051643194 0.05193661971830986 0.12265258215962441
0 0.13776408450704225 0.17987089201877934 0.09066901408450705 0.08626760563380281
0 0.22513204225352113 0.17312206572769953 0.08142605633802817 0.09976525821596244
0 0.3131602112676056 0.16960093896713616 0.09198943661971831 0.09976525821596244
0 0.3851232394366197 0.1607981220657277 0.05457746478873239 0.11737089201877934
0 0.5074823943661971 0.1402582159624413 0.09419014084507042 0.12089201877934272
0 0.6071742957746479 0.14465962441314553 0.09727112676056338 0.12617370892018778
0 0.8116197183098591 0.16901408450704225 0.0994718309859155 0.1431924882629108
0 0.9319982394366197 0.18280516431924881 0.055897887323943664 0.11208920187793427
0 1.0129841549295775 0.16901408450704225 0.10607394366197183 0.1431924882629108
0 1.1034330985915493 0.16696009389671362 0.07482394366197183 0.13908450704225353
0 0.027068661971830985 0.31103286384976525 0.047975352112676055 0.12089201877934272
0 0.09903169014084508 0.30428403755868544 0.09859154929577464 0.11091549295774648
0 0.19872359154929578 0.3019366197183099 0.09551056338028169 0.11561032863849766
0 0.29775528169014087 0.29401408450704225 0.09991197183098592 0.12089201877934272
0 0.37940140845070425 0.29577464788732394 0.058098591549295774 0.12793427230046947
0 0.5099031690140845 0.3095657276995305 0.08934859154929578 0.13791079812206572
0 0.6045334507042254 0.3095657276995305 0.09991197183098592 0.1449530516431925
0 0.706205985915493 0.3095657276995305 0.09551056338028169 0.13791079812206572
0 0.8122799295774648 0.3078051643192488 0.10079225352112677 0.1414319248826291
0 0.9126320422535211 0.3078051643192488 0.09991197183098592 0.13791079812206572
0 1.0149647887323943 0.31220657276995306 0.0994718309859155 0.1431924882629108
0 1.104093309859155 0.3130868544600939 0.07350352112676056 0.1414319248826291
0 0.06360035211267606 0.5501760563380281 0.0840669014084507 0.12969483568075119
0 0.13402288732394366 0.5448943661971831 0.05149647887323944 0.12617370892018778
0 0.20972711267605634 0.5639671361502347 0.09991197183098592 0.1467136150234742
0 0.3074383802816901 0.562206572769953 0.09286971830985916 0.15023474178403756
0 0.03433098591549296 0.7012910798122066 0.06514084507042253 0.13497652582159625
0 0.1131161971830986 0.7012910798122066 0.0880281690140845 0.13497652582159625
0 0.20972711267605634 0.7074530516431925 0.10255281690140845 0.12969483568075119
0 0.30567781690140844 0.7021713615023474 0.09198943661971831 0.12969483568075119
0 0.5158450704225352 0.5519366197183099 0.0801056338028169 0.1437793427230047
0 0.5195862676056338 0.6945422535211268 0.06734154929577464 0.13791079812206572
0 0.6065140845070423 0.5595657276995305 0.09859154929577464 0.1449530516431925
0 0.6058538732394366 0.6995305164319249 0.09727112676056338 0.13145539906103287
0 0.706205985915493 0.5278755868544601 0.09022887323943662 0.11561032863849766
0 0.7066461267605634 0.6640258215962441 0.08934859154929578 0.10152582159624413
0 0.8012764084507042 0.5536971830985915 0.09991197183098592 0.1402582159624413
0 0.799955985915493 0.6951291079812206 0.09991197183098592 0.13321596244131456
0 0.9029489436619719 0.556924882629108 0.09286971830985916 0.1467136150234742
0 0.9005281690140845 0.6968896713615024 0.09066901408450705 0.13321596244131456
0 1.0013204225352113 0.5545774647887324 0.09859154929577464 0.13849765258215962
0 1.0006602112676057 0.6936619718309859 0.09198943661971831 0.1396713615023474
0 1.0970510563380282 0.5542840375586855 0.08758802816901408 0.13438967136150234
0 1.0946302816901408 0.6924882629107981 0.08538732394366197 0.12793427230046947
0 0.034991197183098594 0.9897300469483568 0.06382042253521127 0.0897887323943662
0 0.1131161971830986 0.9867957746478874 0.08538732394366197 0.10152582159624413
0 0.20378521126760563 0.9844483568075117 0.09330985915492958 0.08626760563380281
0 0.2990757042253521 1.011737089201878 0.09463028169014084 0.12089201877934272
0 0.16505281690140844 0.8723591549295775 0.08274647887323944 0.0897887323943662
0 0.5928697183098591 1.034330985915493 0.09683098591549295 0.1414319248826291
0 0.6784771126760564 0.8799882629107981 0.08670774647887323 0.10152582159624413
0 0.6919014084507042 1.0378521126760563 0.09859154929577464 0.15199530516431925
0 0.7605633802816901 0.8723591549295775 0.0721830985915493 0.09330985915492958
0 0.7748679577464789 1.0187793427230047 0.06998239436619719 0.12441314553990611
0 0.855193661971831 1.029049295774648 0.09066901408450705 0.1414319248826291
0 0.9242957746478874 0.9791666666666666 0.07394366197183098 0.13086854460093897
0 1.0033010563380282 0.977406103286385 0.07878521126760564 0.13791079812206572
0 1.1060739436619718 0.9947183098591549 0.06954225352112677 0.14553990610328638
