0 0.9586267605633803 0.880868544600939 0.999 0.9877459691639666
0 0.2125880281690141 0.5205399061032864 0.27543460033971434 0.6334973357358549
0 0.7922535211267606 0.3268779342723005 0.8539646771473914 0.4340804706958496
0 0.5488556338028169 0.20598591549295775 0.6093534966400516 0.298001181974476
0 0.21170774647887325 0.6426056338028169 0.28687864975947236 0.7525571563181909
0 0.5338908450704225 0.5181924882629108 0.612881210015374 0.6317381499482025
0 0.22183098591549297 0.215962441314554 0.2877544757984527 0.31266668870814873
0 0.6712147887323944 0.7928403755868545 0.727257387857072 0.8856849528312284
0 0.5440140845070423 0.32629107981220656 0.6115563318290022 0.4370150873944764
0 0.2891725352112676 0.5234741784037559 0.3656297656095021 0.6370167405056315
0 0.13380281690140844 0.6426056338028169 0.20636716425312437 0.7472754661773457
0 0.06382042253521127 0.6525821596244131 0.11880993819430667 0.7384667945072626
0 0.03697183098591549 0.31690140845070425 0.11706119197579845 0.43349947100443037
0 0.2878521126760563 0.3245305164319249 0.35506696649970243 0.4211710501664132
0 0.6971830985915493 0.5217136150234741 0.7694994792699862 0.6164778675968172
0 0.14568661971830985 0.22593896713615025 0.22088658159343383 0.3109002705591924
0 0.2918133802816901 0.22241784037558684 0.36958987087135486 0.30268637450682184
0 0.4669894366197183 0.20422535211267606 0.5200409377479667 0.29624165178866624
0 0.6236795774647887 0.33098591549295775 0.6903064790592144 0.43701233220921776
0 0.03873239436619718 0.2142018779342723 0.11970126215036699 0.30738603176177565
0 0.6993838028169014 0.33215962441314556 0.7809421726219996 0.43877220679318474
0 0.20642605633802816 0.33098591549295775 0.27763801670055543 0.4164724261059313
0 0.7768485915492958 0.2136150234741784 0.8121580772044238 0.3232314465824682
0 0.940580985915493 0.6373239436619719 0.999 0.7373020399391654
0 0.37059859154929575 0.2282863849765258 0.41576998301428286 0.30385663944543634
0 0.00044014084507042255 0.6367370892018779 0.04709487669857171 0.7402366566377923
0 0.6276408450704225 0.6267605633802817 0.690304735543543 0.7144209151623355
0 0.3648767605633803 0.31396713615023475 0.4135717972004563 0.4182429770327757
0 0.7033450704225352 0.21244131455399062 0.7756587389654831 0.3179504452379378
0 0.16461267605633803 0.5217136150234741 0.20635360357567945 0.6217595577376623
0 0.6205985915492958 0.5176056338028169 0.6889874125917477 0.5988746445811016
0 0.08890845070422536 0.5105633802816901 0.15841157198472525 0.6317426271242479
0 0.00044014084507042255 0.5252347417840375 0.06161952458589566 0.6188232190482488
0 0.7772887323943662 0.5176056338028169 0.8486895736213054 0.6282173675857965
0 0.8556338028169014 0.5181924882629108 0.9256797386431264 0.6282170231876392
0 0.9414612676056338 0.5217136150234741 0.999 0.6164778675968172
0 0.8683978873239436 0.215962441314554 0.9375579234650863 0.32616434129030836
0 0.8512323943661971 0.6443661971830986 0.928322520953184 0.7390584705415593
0 0.7772887323943662 0.6390845070422535 0.8482494327762349 0.7425826968855386
0 0.9419014084507042 0.2112676056338028 0.999 0.3308619321563182
0 0.999 0.5234741784037559 0.999 0.6241059423835659
0 0.999 0.6267605633802817 0.999 0.7390688024862792
0 0.8195422535211268 0.21948356807511737 0.8574737930222178 0.32322800260089485
0 0.8727992957746479 0.33274647887323944 0.9261123242536203 0.4152976839912716
0 0.9515845070422535 0.32981220657276994 0.999 0.42116795058299716
0 0.999 0.2106807511737089 0.999 0.32029889627278535
0 0.999 0.1073943661971831 0.999 0.21179143523110494
0 0.999 0.6291079812206573 0.999 0.7285040446119597
0 0.999 0.33039906103286387 0.999 0.43173098646653
0 0.7460387323943662 0.999 0.810411074501587 0.999
0 0.13380281690140844 0.999 0.1975643473517159 0.999
0 0.8926056338028169 0.999 0.9635155785062488 0.999
0 0.6091549295774648 0.999 0.6674255480063479 0.999
0 0.28080985915492956 0.9061032863849765 0.3550700660831184 0.999
0 0.6804577464788732 0.999 0.7338554323298949 0.999
0 0.05985915492957746 0.999 0.1254137943860345 0.999
0 0.5325704225352113 0.999 0.5983571432999405 0.999
0 0.7904929577464789 0.7946009389671361 0.8517647478178932 0.8569280510921555
0 0.6060739436619719 0.9119718309859155 0.6705078899895853 0.999
0 0.125 0.8890845070422535 0.1988886443661972 0.9718960771672287
0 0.2051056338028169 0.999 0.2697160626611783 0.999
0 0.5950704225352113 0.7963615023474179 0.6687521697083912 0.8845091775220966
0 0.6804577464788732 0.9008215962441315 0.7281336013439794 0.999
0 0.0448943661971831 0.8896713615023474 0.11573728240924419 0.9701351693887896
0 0.9731514084507042 0.9900234741784038 0.999 0.999
0 0.8538732394366197 0.7928403755868545 0.9076347388910929 0.8557553753664396
0 0.19982394366197184 0.9061032863849765 0.2670775422783178 0.966604399479821
0 0.8142605633802817 0.999 0.8843247092590756 0.999
0 0.999 0.8832159624413145 0.999 0.9959605540126518
0 0.8653169014084507 0.8738262910798122 0.9261156175609999 0.9642759235380987
0 0.1210387323943662 0.33039906103286387 0.19492912027623488 0.4352521132270934
0 0.4639084507042254 0.3286384976525822 0.5275246881819083 0.4422953999426921
0 0.2878521126760563 0.6390845070422535 0.36563034678139256 0.7455169691860081
0 0.2891725352112676 0.999 0.34362272335598093 0.999
0 0.16637323943661972 0.7946009389671361 0.23892325121503669 0.8786416661156297
0 0.5352112676056338 0.6338028169014085 0.6168418964491172 0.7425857964689546
0 0.6919014084507042 0.6238262910798122 0.7730229307181115 0.7472864869183803
0 0.733274647887324 0.9049295774647887 0.8108568333415989 0.999
0 0.8032570422535211 0.880868544600939 0.8636429326398531 0.9771825888822765
0 0.999 0.999 0.999 0.999
