0 0.5143045774647887 0.7177230046948356 0.06910211267605634 0.1572769953051643
0 0.8036971830985915 0.5176056338028169 0.06338028169014084 0.15845070422535212
0 0.6346830985915493 0.528169014084507 0.07130281690140845 0.1068075117370892
0 0.546875 0.40580985915492956 0.0761443661971831 0.12265258215962441
0 0.5446742957746479 0.5237676056338029 0.061179577464788734 0.11091549295774648
0 0.5525968309859155 0.2819835680751174 0.08318661971830986 0.125
0 0.7251320422535211 0.5296361502347418 0.06734154929577464 0.11443661971830986
0 0.6428257042253521 0.4063967136150235 0.0682218309859155 0.12030516431924883
0 0.1430457746478873 0.5052816901408451 0.06426056338028169 0.09741784037558686
0 0.4647887323943662 0.5220070422535211 0.07130281690140845 0.11443661971830986
0 0.30545774647887325 0.5049882629107981 0.06338028169014084 0.10269953051643192
0 0.3175616197183099 0.07511737089201878 0.07526408450704225 0.11854460093896714
0 0.4647887323943662 0.39906103286384975 0.07746478873239436 0.11502347417840375
0 0.7449383802816901 0.7235915492957746 0.07262323943661972 0.142018779342723
0 0.40514964788732394 0.07276995305164319 0.07262323943661972 0.11384976525821597
0 0.8809419014084507 0.07071596244131455 0.06998239436619719 0.13321596244131456
0 0.38028169014084506 0.5152582159624414 0.07042253521126761 0.1068075117370892
0 0.4623679577464789 0.2755281690140845 0.0664612676056338 0.11561032863849766
0 0.34088908450704225 0.2775821596244131 0.07262323943661972 0.11971830985915492
0 0.9775528169014085 0.7382629107981221 0.07658450704225352 0.1467136150234742
0 0.15074823943661972 0.08039906103286384 0.055897887323943664 0.107981220657277
0 0.6639524647887324 0.07394366197183098 0.050616197183098594 0.11502347417840375
0 0.2262323943661972 0.07775821596244131 0.07834507042253522 0.12617370892018778
0 0.1483274647887324 0.27230046948356806 0.06866197183098592 0.10915492957746478
0 0.38380281690140844 0.39730046948356806 0.07394366197183098 0.11032863849765258
0 0.22337147887323944 0.5105633802816901 0.050616197183098594 0.10446009389671361
0 0.5847271126760564 0.0721830985915493 0.07350352112676056 0.11267605633802817
0 0.7323943661971831 0.29019953051643194 0.05897887323943662 0.09800469483568075
0 0.15184859154929578 0.3882042253521127 0.06514084507042253 0.11091549295774648
0 0.7253521126760564 0.4081572769953052 0.06690140845070422 0.12147887323943662
0 0.8006161971830986 0.06748826291079812 0.06514084507042253 0.13028169014084506
0 0.6536091549295775 0.27875586854460094 0.08098591549295775 0.11267605633802817
0 0.4951584507042254 0.07482394366197183 0.07042253521126761 0.11091549295774648
0 0.234375 0.2687793427230047 0.0664612676056338 0.09976525821596244
0 0.30127640845070425 0.3996478873239437 0.0664612676056338 0.10328638497652583
0 0.06954225352112677 0.07893192488262911 0.08890845070422536 0.11561032863849766
0 0.6192781690140845 0.7479460093896714 0.056338028169014086 0.15434272300469484
0 0.2249119718309859 0.38380281690140844 0.056338028169014086 0.11150234741784038
0 0.05413732394366197 0.27024647887323944 0.06073943661971831 0.09565727699530517
0 0.2522007042253521 0.7136150234741784 0.05545774647887324 0.13380281690140844
0 0.7940140845070423 0.3289319248826291 0.04225352112676056 0.13908450704225353
0 0.730193661971831 0.07893192488262911 0.06338028169014084 0.13321596244131456
0 0.10409330985915492 0.6951291079812206 0.0488556338028169 0.11795774647887323
0 0.06338028169014084 0.386443661971831 0.04841549295774648 0.10152582159624413
0 0.07152288732394366 0.5005868544600939 0.06382042253521127 0.09154929577464789
0 0.8529929577464789 0.34066901408450706 0.06954225352112677 0.1426056338028169
0 0.9522447183098591 0.522593896713615 0.06998239436619719 0.1637323943661972
0 0.8725792253521126 0.5223004694835681 0.050616197183098594 0.15258215962441316
0 0.9330985915492958 0.3371478873239437 0.07482394366197183 0.1426056338028169
0 0.9628080985915493 0.0710093896713615 0.07526408450704225 0.14084507042253522
0 1.0200264084507042 0.5176056338028169 0.05677816901408451 0.14553990610328638
0 1.0138644366197183 0.3459507042253521 0.06910211267605634 0.12852112676056338
0 0.9007482394366197 0.7321009389671361 0.06205985915492958 0.13673708920187794
0 0.8184419014084507 0.721830985915493 0.06910211267605634 0.14906103286384975
0 1.039612676056338 0.07599765258215962 0.07394366197183098 0.13908450704225353
0 0.3248239436619718 0.8629694835680751 0.07394366197183098 0.18016431924882628
0 0.12720070422535212 1.0762910798122065 0.06338028169014084 0.09741784037558686
0 0.8080985915492958 0.9278169014084507 0.06690140845070422 0.18896713615023475
0 0.2953345070422535 1.0877347417840375 0.0818661971830986 0.09213615023474178
0 0.7143485915492958 0.9125586854460094 0.06426056338028169 0.1936619718309859
0 0.40338908450704225 0.8512323943661971 0.06998239436619719 0.14847417840375587
0 0.8923855633802817 0.9234154929577465 0.06734154929577464 0.17781690140845072
0 0.6225792253521126 0.9134389671361502 0.06910211267605634 0.198943661971831
0 0.20598591549295775 1.0886150234741785 0.06778169014084508 0.0880281690140845
0 0.05193661971830986 0.8670774647887324 0.058098591549295774 0.1414319248826291
0 0.11795774647887323 0.8817488262910798 0.06602112676056338 0.17077464788732394
0 0.4141725352112676 1.1003521126760563 0.06778169014084508 0.07629107981220658
0 0.6254401408450704 1.1062206572769953 0.043133802816901406 0.07394366197183098
0 0.2577024647887324 0.8529929577464789 0.05237676056338028 0.17077464788732394
0 0.5525968309859155 1.1088615023474178 0.05149647887323944 0.06279342723004695
0 0.07548415492957747 1.0771713615023475 0.03829225352112676 0.1238262910798122
0 0.7449383802816901 1.1150234741784038 0.07350352112676056 0.05046948356807512
0 0.9680897887323944 0.937793427230047 0.0682218309859155 0.2007042253521127
0 0.39942781690140844 0.27318075117370894 0.05149647887323944 0.12030516431924883
0 0.03873239436619718 0.6980633802816901 0.06866197183098592 0.1449530516431925
0 0.19036091549295775 0.8884976525821596 0.07350352112676056 0.1396713615023474
0 0.17627640845070422 0.7174295774647887 0.08670774647887323 0.17077464788732394
0 0.5178257042253521 0.880575117370892 0.07086267605633803 0.1414319248826291
0 0.6797975352112676 0.7306338028169014 0.04533450704225352 0.15845070422535212
