0 0.6879401408450704 0.2353286384976526 0.8337641108535013 0.3349557930525248
0 0.5673415492957746 0.5663145539906104 0.6903312757265423 0.6968507543697238
0 0.21875 0.4061032863849765 0.37534386003521125 0.48215604267230927
0 0.04225352112676056 0.392018779342723 0.20508703630232095 0.4762957636271463
0 0.20378521126760563 0.33274647887323944 0.3718293198894069 0.3971051957283608
0 0.3767605633802817 0.4078638497652582 0.5174398060900616 0.4680705024355838
0 0.5294894366197183 0.40669014084507044 0.657777513452192 0.48391626165443363
0 0.6703345070422535 0.40669014084507044 0.8016415781219004 0.47863457151358857
0 0.037411971830985914 0.33392018779342725 0.1980469137447927 0.39417023463157663
0 0.022887323943661973 0.198943661971831 0.19013077142432055 0.31385038517489916
0 0.5286091549295775 0.22593896713615025 0.6683412811818091 0.32322421422116426
0 0.3767605633802817 0.29107981220657275 0.5222813553858362 0.39419537569706187
0 0.12411971830985916 0.6467136150234741 0.26094889096905377 0.852320003747052
0 0.5303697183098591 0.33274647887323944 0.6612982527648283 0.40649486708986315
0 0.8274647887323944 0.2834507042253521 0.9578224186669312 0.40182896085432784
0 0.00044014084507042255 0.9336854460093896 0.11267586261406468 0.9900623911701824
0 0.1954225352112676 0.20774647887323944 0.36831187388415 0.3138452192025392
0 0.40669014084507044 0.6778169014084507 0.5583597314520928 0.9115740511141969
0 0.11839788732394366 0.9360328638497653 0.2363035220566356 0.9929952858780224
0 0.11399647887323944 0.8609154929577465 0.24554841704274946 0.9220299791707994
0 0.0008802816901408451 0.8280516431924883 0.10211228860841103 0.8774483265004739
0 0.6927816901408451 0.0005868544600938967 0.8535683179180718 0.0669010640525469
0 0.7059859154929577 0.6050469483568075 0.8337561681709978 0.7214759114152836
0 0.00044014084507042255 0.5886150234741784 0.12059839782533228 0.8159691226388063
0 0.5677816901408451 0.7417840375586855 0.6960529129884944 0.9438135070202119
0 0.0044014084507042256 0.8814553990610329 0.1034311613519143 0.9331681599770769
0 0.679137323943662 0.3427230046948357 0.8069193937834755 0.4047284489409068
0 0.8463908450704225 0.5821596244131455 0.9749795814942472 0.6363954462298045
0 0.8525528169014085 0.6502347417840375 0.999 0.9456277965130375
0 0.8151408450704225 0.4084507042253521 0.9529862936421345 0.4710044303378959
0 0.707306338028169 0.7406103286384976 0.8614844602385439 0.9760911911216911
0 0.4141725352112676 0.920774647887324 0.55483531138415 0.9777460242676718
0 0.2623239436619718 0.7147887323943662 0.4008528503769094 0.9808011803213649
0 0.5660211267605634 0.7030516431924883 0.6995748146449118 0.7401977396460138
0 0.8626760563380281 0.9507042253521126 0.996099174270978 0.9918129670039013
