0 0.0017605633802816902 0.198943661971831 0.09639007017456853 0.6530522631091715
0 0.1430457746478873 0.18544600938967137 0.26358140590904583 0.5615108884921421
0 0.2671654929577465 0.18838028169014084 0.35155494476542354 0.5632697298816373
0 0.3683978873239437 0.15082159624413147 0.44834137416931164 0.5081274521148802
0 0.4511443661971831 0.17312206572769953 0.4962803061768498 0.6337012194449955
0 0.04841549295774648 0.8151408450704225 0.22709136642035313 0.992479377438339
0 0.3683978873239437 0.7341549295774648 0.42897517698621307 0.999
0 0.43705985915492956 0.8204225352112676 0.5323780546394564 0.8768659492164254
0 0.43309859154929575 0.8843896713615024 0.5403023333663955 0.916734513103661
0 0.43309859154929575 0.9219483568075117 0.5350206432255505 0.9507500303070379
0 0.429137323943662 0.9565727699530516 0.5350223867412219 0.9941569408627037
0 0.5418133802816901 0.8926056338028169 0.5829481455192422 0.9783494098393176
0 0.5911091549295775 0.8738262910798122 0.6309018005480063 0.9578205244770658
0 0.6351232394366197 0.9272300469483568 0.6801782027995438 0.9906530340100068
0 0.6879401408450704 0.829225352112676 0.7655422798675858 0.999
0 0.23371478873239437 0.6960093896713615 0.36697459736411425 0.9837464733628689
0 0.7711267605633803 0.8274647887323944 0.9001887646300337 0.999
0 0.9040492957746479 0.8133802816901409 0.999 0.999
0 0.999 0.8016431924882629 0.999 0.9989426976569905
0 0.5470950704225352 0.15258215962441316 0.6322415954795676 0.4423987193898918
0 0.636443661971831 0.1437793427230047 0.7448783258530054 0.44592501212281516
0 0.7513204225352113 0.14553990610328638 0.8610249469971236 0.44240285216777975
0 0.8626760563380281 0.16607981220657278 0.9388808644118231 0.43534854471114637
0 0.9432218309859155 0.1784037558685446 0.999 0.44590469263153254
0 0.6412852112676056 0.5856807511737089 0.7448761948894068 0.7649145066014239
0 0.7513204225352113 0.5839201877934272 0.8442995948844475 0.7561127228944874
0 0.8565140845070423 0.6115023474178404 0.9881793511951993 0.7560965361810928
0 0.9986795774647887 0.6185446009389671 0.999 0.7543318400229231
0 0.727112676056338 0.49589201877934275 0.8209827849137076 0.5871502981110449
0 0.829225352112676 0.5082159624413145 0.9256913620809364 0.598880154951619
