0 0.3785211267605634 0.43133802816901406 0.4619812847153343 0.5378924072604642
0 0.47403169014084506 0.5492957746478874 0.5328019226715929 0.6616494743106527
0 0.5677816901408451 0.5375586854460094 0.6304719270730014 0.6528535453723909
0 0.38116197183098594 0.5498826291079812 0.4478956153292997 0.6610622754524014
0 0.3032570422535211 0.5492957746478874 0.37090525658351514 0.6610626198505588
0 0.7015845070422535 0.7230046948356808 0.7681771194951398 0.8411249972448147
0 0.6756161971830986 0.08274647887323944 0.7413399576596906 0.20828477319314953
0 0.6461267605633803 0.5375586854460094 0.7171451906863717 0.6516798364522031
0 0.4823943661971831 0.4231220657276995 0.5517242982543146 0.5238127217924133
0 0.125 0.2106807511737089 0.1971280809859155 0.32499373195353654
0 0.4859154929577465 0.2142018779342723 0.5490819033921841 0.32029682988384134
0 0.38116197183098594 0.215962441314554 0.46418082659690535 0.3161878154687121
0 0.2227112676056338 0.5434272300469484 0.28555338412517356 0.6487421201701602
0 0.528169014084507 0.7288732394366197 0.6009999256099979 0.8346661542022086
0 0.30809859154929575 0.42664319248826293 0.37046298477484624 0.5361345990654411
0 0.6113556338028169 0.7282863849765259 0.6863506357245587 0.8422956065815865
0 0.5752640845070423 0.42194835680751175 0.6361904647515374 0.529095100729573
0 0.22183098591549297 0.4242957746478873 0.2846734898829597 0.5296805775970376
0 0.6747359154929577 0.22300469483568075 0.7369389366569133 0.3214653728316692
0 0.4524647887323944 0.7294600938967136 0.5213677531739734 0.8352526642641451
0 0.27024647887323944 0.10504694835680752 0.34363105348641143 0.19712145132138686
0 0.15184859154929578 0.551056338028169 0.21516203847202936 0.6458033706936454
0 0.5048415492957746 0.09859154929577464 0.5816439957969648 0.19008298617999075
0 0.4414612676056338 0.107981220657277 0.49540428641390594 0.20474883731182084
0 0.19058098591549297 0.09096244131455399 0.2512365400590161 0.1983034257973506
0 0.5985915492957746 0.10152582159624413 0.6555463945645705 0.19477609986995525
0 0.21038732394366197 0.215962441314554 0.2917207802271375 0.3302723225109656
0 0.3503521126760563 0.11326291079812206 0.4197401619222376 0.1971166297471842
0 0.5585387323943662 0.20892018779342722 0.6529231783748265 0.3197130750071635
0 0.23107394366197184 0.778169014084507 0.2811482949191629 0.8974306519870395
0 0.3023767605633803 0.2130281690140845 0.374866911637076 0.33027404450175224
0 0.9379401408450704 0.4254694835680751 0.999 0.5343747244814742
0 0.8877640845070423 0.4278169014084507 0.9353486953853402 0.5208756943066851
0 0.15096830985915494 0.42077464788732394 0.20723989070868876 0.5461145688686108
0 0.8318661971830986 0.11619718309859155 0.8719930166385639 0.21648110493949616
0 0.1210387323943662 0.07863849765258216 0.16499954281144613 0.16779422623377194
0 0.1624119718309859 0.7312206572769953 0.22440034684338425 0.8581389550133351
0 0.8182218309859155 0.545774647887324 0.8970870502504463 0.6733886299014745
0 0.9163732394366197 0.5545774647887324 0.9846318779756 0.6727966094690206
0 0.7394366197183099 0.5381455399061033 0.8046921493751239 0.6522663465141396
0 0.999 0.5545774647887324 0.999 0.6692754827084573
0 0.999 0.2147887323943662 0.999 0.32381761224624744
0 0.8023767605633803 0.41607981220657275 0.875967263749752 0.5226431456501135
0 0.999 0.5492957746478874 0.999 0.6686917278317794
0 0.999 0.11502347417840375 0.999 0.20650526791421453
0 0.9044894366197183 0.7417840375586855 0.9837568268324737 0.8340717229826533
0 0.7610035211267606 0.11150234741784038 0.8178868822530252 0.21707071458484867
0 0.999 0.727112676056338 0.999 0.8241038071149904
0 0.7539612676056338 0.21830985915492956 0.8178899818364411 0.3120784566554255
0 0.8221830985915493 0.22417840375586853 0.8728775602559017 0.31148815821375825
0 0.8904049295774648 0.11971830985915492 0.9498721809288831 0.20356824042848642
0 0.999 0.4225352112676056 0.999 0.5355501553924485
0 0.7940140845070423 0.7323943661971831 0.8561646064768895 0.8329035244329829
0 0.9722711267605634 0.11384976525821597 0.999 0.19711628534902687
0 0.999 0.22300469483568075 0.999 0.31794424607110583
0 0.21170774647887325 0.9196009389671361 0.2758751286327118 0.999
0 0.5374119718309859 0.9465962441314554 0.6027564207870462 0.999
0 0.7051056338028169 0.960093896713615 0.7725769781541361 0.999
0 0.6179577464788732 0.9460093896713615 0.6850273073298949 0.999
0 0.45774647887323944 0.9395539906103286 0.5187245834159888 0.999
0 0.28433098591549294 0.9354460093896714 0.36431147403788927 0.999
0 0.2935739436619718 0.7922535211267606 0.3577052931585995 0.9097463300932356
0 0.3714788732394366 0.9436619718309859 0.4373364969748066 0.999
0 0.7940140845070423 0.9483568075117371 0.8500026346459035 0.999
0 0.13600352112676056 0.9008215962441315 0.2028450688727435 0.999
0 0.3648767605633803 0.8151408450704225 0.43425841691876615 0.9302728046683859
0 0.5365316901408451 0.8397887323943662 0.6049575124603253 0.9513851005091583
0 0.613556338028169 0.8333333333333334 0.6850292445695298 0.9408255086071988
0 0.7918133802816901 0.840962441314554 0.8596867018572704 0.9443421581917169
0 0.4498239436619718 0.8321596244131455 0.5174076479121206 0.9331970894222927
0 0.6993838028169014 0.8415492957746479 0.7725794965656615 0.9496235039344045
0 0.8670774647887324 0.9577464788732394 0.936678222946836 0.999
0 0.999 0.9483568075117371 0.999 0.999
0 0.8714788732394366 0.8392018779342723 0.9401974124677643 0.9554934261279728
0 0.999 0.8444835680751174 0.999 0.960772016685402
0 0.9581866197183099 0.9630281690140845 0.999 0.999
0 0.9529049295774648 0.8538732394366197 0.999 0.9548979617139457
0 0.999 0.7370892018779343 0.999 0.8194031166655645
0 0.9313380281690141 0.2112676056338028 0.9982696575580241 0.3249933875553792
