0 0.06536091549295775 0.049002347417840375 0.06998239436619719 0.09330985915492958
0 0.1423855633802817 0.04019953051643192 0.07878521126760564 0.07922535211267606
0 0.22403169014084506 0.04636150234741784 0.06866197183098592 0.08450704225352113
0 0.3074383802816901 0.043720657276995305 0.05941901408450704 0.08274647887323944
0 0.37808098591549294 0.041666666666666664 0.07130281690140845 0.062206572769953054
0 0.46610915492957744 0.06954225352112677 0.0818661971830986 0.11443661971830986
0 0.5528169014084507 0.06778169014084508 0.07922535211267606 0.11091549295774648
0 0.6357834507042254 0.06924882629107981 0.0840669014084507 0.11737089201877934
0 0.7211707746478874 0.06924882629107981 0.08142605633802817 0.11737089201877934
0 0.8058978873239436 0.07042253521126761 0.07746478873239436 0.1255868544600939
0 0.8945862676056338 0.07276995305164319 0.08670774647887323 0.12089201877934272
0 0.9859154929577465 0.07541079812206573 0.09066901408450705 0.11913145539906103
0 1.071963028169014 0.07629107981220658 0.0761443661971831 0.12793427230046947
0 0.4892165492957746 0.24911971830985916 0.047975352112676055 0.10035211267605634
0 0.5528169014084507 0.2549882629107981 0.06866197183098592 0.10504694835680752
0 0.6168573943661971 0.25088028169014087 0.05413732394366197 0.0897887323943662
0 0.6835387323943662 0.2585093896713615 0.07394366197183098 0.10856807511737089
0 0.5374119718309859 0.36795774647887325 0.07130281690140845 0.11384976525821597
0 0.6150968309859155 0.3629694835680751 0.0840669014084507 0.11443661971830986
0 0.6142165492957746 0.4812206572769953 0.07790492957746478 0.10915492957746478
0 0.6945422535211268 0.37059859154929575 0.07482394366197183 0.12265258215962441
0 0.6934419014084507 0.4856220657276995 0.06734154929577464 0.10387323943661972
0 0.7779489436619719 0.3403755868544601 0.07878521126760564 0.07276995305164319
0 0.8743397887323944 0.2438380281690141 0.07262323943661972 0.12030516431924883
0 0.8626760563380281 0.3371478873239437 0.08274647887323944 0.0721830985915493
0 0.9436619718309859 0.34125586854460094 0.07658450704225352 0.056924882629107984
0 1.0349911971830985 0.3673708920187793 0.07262323943661972 0.0880281690140845
0 1.1043133802816902 0.3673708920187793 0.06602112676056338 0.10211267605633803
0 1.1056338028169015 0.4847417840375587 0.058098591549295774 0.09859154929577464
0 1.0336707746478873 0.4856220657276995 0.08318661971830986 0.09330985915492958
0 0.9430017605633803 0.48034037558685444 0.07790492957746478 0.09330985915492958
0 0.8620158450704225 0.48034037558685444 0.08670774647887323 0.10035211267605634
0 0.7772887323943662 0.48210093896713613 0.07746478873239436 0.10387323943661972
0 0.4861355633802817 0.6924882629107981 0.08054577464788733 0.1795774647887324
0 0.565580985915493 0.6907276995305164 0.07130281690140845 0.176056338028169
0 0.7962147887323944 0.6951291079812206 0.07658450704225352 0.17077464788732394
0 0.8725792253521126 0.6960093896713615 0.0761443661971831 0.18661971830985916
0 0.706205985915493 0.6519953051643192 0.06998239436619719 0.13615023474178403
0 0.48877640845070425 0.858274647887324 0.07262323943661972 0.1449530516431925
0 0.565580985915493 0.8617957746478874 0.07130281690140845 0.14847417840375587
0 0.6382042253521126 0.8497652582159625 0.07394366197183098 0.1619718309859155
0 0.7154489436619719 0.8550469483568075 0.06734154929577464 0.17253521126760563
0 0.7889524647887324 0.863556338028169 0.06734154929577464 0.159037558685446
0 0.8686179577464789 0.8685446009389671 0.07878521126760564 0.16549295774647887
0 0.9469630281690141 0.8565140845070423 0.06998239436619719 0.16607981220657278
0 1.023987676056338 0.8116197183098591 0.06382042253521127 0.15845070422535212
0 1.0816461267605635 0.8075117370892019 0.05413732394366197 0.1643192488262911
0 0.5231073943661971 1.0783450704225352 0.0761443661971831 0.12265258215962441
0 0.594850352112676 1.074530516431925 0.07262323943661972 0.13262910798122066
0 0.6685739436619719 1.0730633802816902 0.0721830985915493 0.13556338028169015
0 0.7442781690140845 1.073943661971831 0.07394366197183098 0.12793427230046947
0 0.8668573943661971 1.0534037558685445 0.07262323943661972 0.12089201877934272
0 0.9524647887323944 1.0704225352112675 0.07042253521126761 0.14084507042253522
0 1.0308098591549295 1.0713028169014085 0.07482394366197183 0.13908450704225353
0 0.018705985915492957 0.23796948356807512 0.03389084507042254 0.11561032863849766
0 0.10475352112676056 0.2353286384976526 0.06073943661971831 0.11384976525821597
0 0.16109154929577466 0.23620892018779344 0.04929577464788732 0.12265258215962441
0 0.2167693661971831 0.2300469483568075 0.05677816901408451 0.12441314553990611
0 0.2757482394366197 0.2300469483568075 0.058538732394366196 0.12441314553990611
0 0.335387323943662 0.22652582159624413 0.05545774647887324 0.13145539906103287
0 0.3961267605633803 0.22652582159624413 0.06073943661971831 0.12089201877934272
0 0.05501760563380282 0.35710093896713613 0.05457746478873239 0.10856807511737089
0 0.11465669014084508 0.35534037558685444 0.05677816901408451 0.10504694835680752
0 0.16901408450704225 0.35710093896713613 0.04929577464788732 0.11561032863849766
0 0.22205105633802816 0.35357981220657275 0.05413732394366197 0.11208920187793427
0 0.2764084507042254 0.35181924882629106 0.05457746478873239 0.10504694835680752
0 0.33670774647887325 0.35710093896713613 0.06866197183098592 0.10856807511737089
0 0.40008802816901406 0.3544600938967136 0.06338028169014084 0.11737089201877934
0 0.04973591549295775 0.5149647887323944 0.04665492957746479 0.0897887323943662
0 0.09639084507042253 0.5105633802816901 0.05457746478873239 0.0880281690140845
0 0.15272887323943662 0.5140845070422535 0.058098591549295774 0.08098591549295775
0 0.05501760563380282 0.6399647887323944 0.05721830985915493 0.11208920187793427
0 0.11069542253521127 0.6399647887323944 0.0488556338028169 0.10856807511737089
0 0.16175176056338028 0.6426056338028169 0.047975352112676055 0.1068075117370892
0 0.21038732394366197 0.5407863849765259 0.05193661971830986 0.09683098591549295
0 0.21236795774647887 0.6470070422535211 0.053257042253521125 0.10856807511737089
0 0.2654049295774648 0.5381455399061033 0.0528169014084507 0.1056338028169014
0 0.26606514084507044 0.6487676056338029 0.05413732394366197 0.10504694835680752
0 0.3230633802816901 0.5390258215962441 0.05721830985915493 0.10387323943661972
0 0.3241637323943662 0.6496478873239436 0.05941901408450704 0.11384976525821597
0 0.3824823943661972 0.5346244131455399 0.05457746478873239 0.1056338028169014
0 0.3857834507042254 0.6461267605633803 0.06382042253521127 0.11032863849765258
0 0.02574823943661972 0.7960680751173709 0.050616197183098594 0.0897887323943662
0 0.08472711267605634 0.8022300469483568 0.05677816901408451 0.09507042253521127
0 0.1481073943661972 0.8048708920187794 0.06998239436619719 0.10035211267605634
0 0.029269366197183098 0.892018779342723 0.05677816901408451 0.10211267605633803
0 0.09066901408450705 0.8981807511737089 0.06338028169014084 0.08626760563380281
0 0.15536971830985916 0.9066901408450704 0.06073943661971831 0.09272300469483569
0 0.21236795774647887 0.8858568075117371 0.055897887323943664 0.1449530516431925
0 0.26870598591549294 0.8884976525821596 0.05677816901408451 0.1396713615023474
0 0.319762323943662 0.8089788732394366 0.055897887323943664 0.10504694835680752
0 0.3230633802816901 0.9169600938967136 0.05193661971830986 0.0897887323943662
0 0.3767605633802817 0.8101525821596244 0.058098591549295774 0.10035211267605634
0 0.3807218309859155 0.9134389671361502 0.06866197183098592 0.10387323943661972
0 0.0684419014084507 1.0525234741784038 0.04533450704225352 0.11208920187793427
0 0.1192781690140845 1.073943661971831 0.06338028169014084 0.13145539906103287
0 0.22579225352112675 1.0780516431924883 0.061619718309859156 0.1255868544600939
0 0.3430897887323944 1.0780516431924883 0.061179577464788734 0.1255868544600939
0 0.41087147887323944 1.0836267605633803 0.06734154929577464 0.11208920187793427
