0 0.555237676056338 0.9275234741784038 0.1624119718309859 0.2822769953051643
0 0.27244718309859156 0.12470657276995305 0.16549295774647887 0.24119718309859156
0 0.9300176056338029 0.9342723004694836 0.14524647887323944 0.2652582159624413
0 0.6252200704225352 0.5155516431924883 0.1738556338028169 0.272887323943662
0 0.4537852112676056 0.13057511737089203 0.176056338028169 0.24002347417840375
0 0.7612235915492958 0.5120305164319249 0.10255281690140845 0.24354460093896713
0 0.6276408450704225 0.12764084507042253 0.1311619718309859 0.22946009389671362
0 0.7722271126760564 0.1396713615023474 0.16065140845070422 0.20892018779342722
0 0.3807218309859155 0.4113849765258216 0.10475352112676056 0.1936619718309859
0 0.19300176056338028 0.5082159624413145 0.18794014084507044 0.22417840375586853
0 0.10695422535211267 0.13849765258215962 0.13732394366197184 0.27582159624413144
0 0.9080105633802817 0.5413732394366197 0.16285211267605634 0.24354460093896713
0 0.9330985915492958 0.1505281690140845 0.14524647887323944 0.22124413145539906
0 0.15360915492957747 0.937206572769953 0.2227112676056338 0.30985915492957744
0 0.37125880281690143 0.9131455399061033 0.17121478873239437 0.2687793427230047
0 1.0913292253521127 0.9507042253521126 0.09198943661971831 0.2676056338028169
0 0.4777728873239437 0.42869718309859156 0.08670774647887323 0.20363849765258216
0 0.7315140845070423 0.9333920187793427 0.15933098591549297 0.2846244131455399
