0 0.47755281690140844 0.07746478873239436 0.566251077105237 0.23880430470144812
0 0.2636443661971831 0.01232394366197183 0.3524367762472724 0.21067351881240495
0 0.8102992957746479 0.06279342723004695 0.8975306781268597 0.20947019165068662
0 0.15713028169014084 0.02640845070422535 0.25037098139010117 0.22651032367916418
0 0.3644366197183099 0.01584507042253521 0.46242762472723664 0.21184516134364875
0 0.4511443661971831 0.3386150234741784 0.5209281935007934 0.4645900146575856
0 0.7482394366197183 0.3286384976525822 0.824494612924023 0.47868037646851375
0 0.3829225352112676 0.33392018779342725 0.4333701925461218 0.4557899529414358
0 0.6698943661971831 0.33215962441314556 0.7281382507191033 0.47691774669928805
0 0.6161971830985915 0.33039906103286387 0.6647816033525095 0.4628342728515066
0 0.24163732394366197 0.33274647887323944 0.30094998357220787 0.4522695149771871
0 0.3076584507042254 0.3380281690140845 0.37090331934388016 0.45226641539377105
0 0.5338908450704225 0.3227699530516432 0.59835656212805 0.4575570598867068
0 0.9410211267605634 0.5827464788732394 0.9951844097153343 0.727357543146201
0 0.9445422535211268 0.3485915492957746 0.9877004655574292 0.47808181247107057
0 0.5 0.5856807511737089 0.5680017605633803 0.718553004254006
0 0.397887323943662 0.562206572769953 0.46901501438206705 0.6510785172695012
0 0.6919014084507042 0.06924882629107981 0.7989912405772663 0.2024241497498292
0 0.15272887323943662 0.3345070422535211 0.22220390454522912 0.46752669774515637
0 0.7918133802816901 0.6073943661971831 0.8504437441107916 0.7062163178602129
0 0.4920774647887324 0.7265258215962441 0.5847305997073994 0.8205830247525844
0 0.30369718309859156 0.7171361502347418 0.3656233727187066 0.785377267517468
0 0.20466549295774647 0.7136150234741784 0.2732373831457052 0.7783370803852852
0 0.3970070422535211 0.7177230046948356 0.4632935708440785 0.7836163597390289
0 0.01584507042253521 0.20833333333333334 0.1069472512894267 0.312671165884194
0 0.5836267605633803 0.11619718309859155 0.6788804459680619 0.20063603451696094
0 0.6025528169014085 0.6062206572769953 0.6806326792179132 0.7114986967973727
0 0.03477112676056338 0.335093896713615 0.1276255408773061 0.4264465411404263
0 0.8402288732394366 0.3386150234741784 0.921725251376215 0.48278250292049635
0 0.9322183098591549 0.7306338028169014 0.9925474391241816 0.8493364825100839
0 0.999 0.5745305164319249 0.999 0.7021276229363662
0 0.9392605633802817 0.07629107981220658 0.999 0.18598809208931208
0 0.999 0.7341549295774648 0.999 0.8733954489849898
0 0.8745598591549296 0.727112676056338 0.9173087324563579 0.8540333845797792
0 0.8661971830985915 0.6062206572769953 0.9151117089863123 0.7126724057175605
0 0.5105633802816901 0.948943661971831 0.7176449985122 0.999
0 0.7891725352112676 0.7206572769953051 0.8662899768771077 0.8804456236637351
0 0.11091549295774648 0.971244131455399 0.2015356886034517 0.999
0 0.5889084507042254 0.7200704225352113 0.6823992480410633 0.827042212193348
0 0.24295774647887325 0.971244131455399 0.3163543319777822 0.999
0 0.035211267605633804 0.999 0.09505492461813132 0.999
0 0.6910211267605634 0.7136150234741784 0.781826135067447 0.8235248738125152
0 0.38952464788732394 0.9395539906103286 0.528877850066951 0.999
0 0.035651408450704226 0.7529342723004695 0.07964980131670303 0.9385252733143776
0 0.8213028169014085 0.9512910798122066 0.999 0.999
0 0.7279929577464789 0.9501173708920188 0.8007359185925412 0.999
0 0.008362676056338027 0.03169014084507042 0.11971462910384845 0.1901222475699266
0 0.04973591549295775 0.45422535211267606 0.14170346130480066 0.5302498677511076
0 0.04973591549295775 0.5974178403755869 0.15710839088226544 0.732043768873019
0 0.08494718309859155 0.7769953051643192 0.1883428929651855 0.9490745332716172
0 0.0022007042253521128 0.5580985915492958 0.04621382011257687 0.7320668435495603
0 0.31382042253521125 0.5545774647887324 0.38894638185627856 0.6493224310652648
0 0.999 0.7893192488262911 0.999 0.999
