0 0.2363556338028169 0.11795774647887323 0.4202304772738544 0.39077584639291146
0 0.008362676056338027 0.829225352112676 0.2183061783996231 0.999
0 0.999 0.8949530516431925 0.999 0.999
0 0.3371478873239437 0.4460093896713615 0.5663128750495934 0.7720387268839957
0 0.4551056338028169 0.14730046948356806 0.6129158866048403 0.3215098001939651
0 0.5704225352112676 0.45774647887323944 0.7616327365602064 0.7732055478410368
0 0.6157570422535211 0.04342723004694836 0.8135494027102758 0.39375385725936213
0 0.07702464788732394 0.107981220657277 0.23764215464441577 0.3907817011615861
0 0.19762323943661972 0.6068075117370892 0.3322193559685578 0.7783997608499196
0 0.00044014084507042255 0.43896713615023475 0.1910209330365999 0.7702822962816019
0 0.8904049295774648 0.30927230046948356 0.999 0.39711897165465404
0 0.897887323943662 0.1977699530516432 0.999 0.30387454814961756
0 0.8393485915492958 0.45422535211267606 0.9881869064297758 0.7509071447464127
0 0.22227112676056338 0.8339201877934272 0.4422437186942075 0.999
0 0.5528169014084507 0.8556338028169014 0.7449151334060702 0.999
0 0.8908450704225352 0.999 0.999 0.999
0 0.9119718309859155 0.8685446009389671 0.999 0.999
0 0.999 0.534037558685446 0.999 0.742644344155701
