0 0.8956866197183099 0.6924882629107981 0.06866197183098592 0.12441314553990611
0 0.5974911971830986 0.7009976525821596 0.06029929577464789 0.13908450704225353
0 0.4942781690140845 0.30164319248826293 0.07570422535211267 0.11384976525821597
0 0.4196742957746479 0.6766431924882629 0.061179577464788734 0.12441314553990611
0 0.17297535211267606 0.3060446009389671 0.07306338028169014 0.11208920187793427
0 0.38754401408450706 0.3051643192488263 0.08230633802816902 0.10915492957746478
0 0.5206866197183099 0.6954225352112676 0.06778169014084508 0.13380281690140844
0 0.2860915492957746 0.306924882629108 0.07570422535211267 0.12206572769953052
0 0.2970950704225352 0.6974765258215962 0.0625 0.09917840375586855
0 0.6778169014084507 0.7018779342723005 0.05457746478873239 0.13849765258215962
0 0.22403169014084506 0.7024647887323944 0.05721830985915493 0.11737089201877934
0 0.1542693661971831 0.6825117370892019 0.07086267605633803 0.15023474178403756
0 0.828125 0.562793427230047 0.06205985915492958 0.12910798122065728
0 0.7495598591549296 0.6983568075117371 0.06338028169014084 0.12441314553990611
0 0.7522007042253521 0.5575117370892019 0.07394366197183098 0.13849765258215962
0 0.6747359154929577 0.556924882629108 0.07042253521126761 0.13732394366197184
0 0.7125880281690141 0.3130868544600939 0.06514084507042253 0.1073943661971831
0 0.2920334507042254 0.551056338028169 0.06734154929577464 0.15492957746478872
0 0.4861355633802817 0.534330985915493 0.05765845070422535 0.1273474178403756
0 0.5963908450704225 0.5619131455399061 0.06514084507042253 0.1238262910798122
0 0.22359154929577466 0.5613262910798122 0.06426056338028169 0.1449530516431925
0 0.3591549295774648 0.6813380281690141 0.05017605633802817 0.10446009389671361
0 0.35805457746478875 0.5443075117370892 0.03829225352112676 0.13908450704225353
0 0.6058538732394366 0.30809859154929575 0.07174295774647887 0.11150234741784038
0 0.08076584507042253 0.3145539906103286 0.08582746478873239 0.1068075117370892
0 0.07878521126760564 0.6913145539906104 0.06778169014084508 0.13615023474178403
0 0.06954225352112677 0.5416666666666666 0.07746478873239436 0.15023474178403756
0 0.22711267605633803 0.07453051643192488 0.08626760563380281 0.09741784037558686
0 0.32702464788732394 0.0698356807511737 0.0625 0.11032863849765258
0 0.5253080985915493 0.07687793427230047 0.06998239436619719 0.10915492957746478
0 0.7238116197183099 0.06690140845070422 0.07350352112676056 0.11619718309859155
0 0.12345950704225352 0.07717136150234742 0.07526408450704225 0.12617370892018778
0 0.9247359154929577 0.07511737089201878 0.06338028169014084 0.10915492957746478
0 0.6225792253521126 0.07012910798122066 0.05677816901408451 0.10269953051643192
0 0.42561619718309857 0.0721830985915493 0.07570422535211267 0.09507042253521127
0 0.8265845070422535 0.7039319248826291 0.06514084507042253 0.13204225352112675
0 0.917693661971831 0.31396713615023475 0.07658450704225352 0.10446009389671361
0 0.9014084507042254 0.5534037558685446 0.058098591549295774 0.13145539906103287
0 0.8061179577464789 0.30663145539906106 0.06470070422535211 0.1073943661971831
0 1.032350352112676 0.5619131455399061 0.08318661971830986 0.10269953051643192
0 0.8259242957746479 0.07482394366197183 0.07350352112676056 0.10622065727699531
0 0.2827904929577465 1.040199530516432 0.06470070422535211 0.13673708920187794
0 0.42495598591549294 1.0490023474178405 0.06029929577464789 0.09565727699530517
0 0.355193661971831 1.0498826291079812 0.061619718309859156 0.1068075117370892
0 0.6379841549295775 1.0578051643192488 0.0682218309859155 0.11913145539906103
0 0.78125 1.0554577464788732 0.06514084507042253 0.10387323943661972
0 0.4907570422535211 1.0490023474178405 0.05369718309859155 0.09800469483568075
0 0.5620598591549296 1.0528169014084507 0.058098591549295774 0.09859154929577464
0 0.5647007042253521 0.903169014084507 0.06073943661971831 0.08685446009389672
0 0.48723591549295775 0.9028755868544601 0.05193661971830986 0.0897887323943662
0 0.7108274647887324 1.051056338028169 0.07306338028169014 0.11384976525821597
0 0.20576584507042253 0.9289906103286385 0.06470070422535211 0.10915492957746478
0 0.7882922535211268 0.9363262910798122 0.05193661971830986 0.125
0 0.8595950704225352 0.9310446009389671 0.06514084507042253 0.12030516431924883
0 0.8554137323943662 1.046068075117371 0.06205985915492958 0.11091549295774648
0 0.21852992957746478 1.04518779342723 0.055897887323943664 0.1056338028169014
0 0.355193661971831 0.8876173708920188 0.05017605633802817 0.09683098591549295
0 0.421875 0.8914319248826291 0.06558098591549295 0.0892018779342723
0 0.14744718309859156 1.045481220657277 0.07130281690140845 0.10152582159624413
0 0.14040492957746478 0.9310446009389671 0.05193661971830986 0.09800469483568075
0 0.7169894366197183 0.9336854460093896 0.06866197183098592 0.10211267605633803
0 0.6415052816901409 0.9245892018779343 0.06205985915492958 0.12617370892018778
0 0.07658450704225352 0.9530516431924883 0.05457746478873239 0.10328638497652583
0 0.9672095070422535 1.068661971830986 0.09198943661971831 0.1443661971830986
0 1.0589788732394365 1.062793427230047 0.0818661971830986 0.1467136150234742
0 0.032350352112676055 0.08333333333333333 0.061179577464788734 0.11737089201877934
0 1.0272887323943662 0.21185446009389672 0.08538732394366197 0.1607981220657277
0 1.1056338028169015 0.20950704225352113 0.058098591549295774 0.16549295774647887
0 1.0105633802816902 0.3673708920187793 0.09330985915492958 0.1431924882629108
0 1.1029929577464788 0.37089201877934275 0.07130281690140845 0.1431924882629108
0 1.0569982394366197 0.6907276995305164 0.09815140845070422 0.11032863849765258
