0 0.7029049295774648 0.7323943661971831 0.9702011862105733 0.9526218342921378
0 0.2830105633802817 0.6960093896713615 0.43077332281541364 0.9931361447243713
0 0.2671654929577465 0.3456572769953052 0.45894931096260666 0.5907595907998854
0 0.488556338028169 0.7018779342723005 0.6498729945695298 0.902170259428244
0 0.41329225352112675 0.022887323943661973 0.65166668474757 0.26759220227468095
0 0.46919014084507044 0.35093896713615025 0.674969546592938 0.564934894972338
0 0.6518485915492958 0.0011737089201877935 0.8412623905847054 0.11091480416143182
0 0.7658450704225352 0.36971830985915494 0.9318812301626661 0.611872231038815
0 0.025528169014084508 0.06279342723004695 0.10342186260166633 0.2628739475192312
0 0.10431338028169014 0.5921361502347418 0.17380972122346758 0.7320468684564351
0 0.6967429577464789 0.13556338028169015 0.8953799546840905 0.27339462242941215
0 0.00528169014084507 0.5868544600938967 0.08890612601666337 0.7508293107628556
0 0.6875 0.36502347417840375 0.7369333186619719 0.519151981529238
0 0.061619718309859156 0.3028169014084507 0.12497287864511009 0.509211961912319
0 0.13028169014084506 0.012910798122065728 0.2495025168617338 0.10914735281800347
0 0.9053697183098591 0.017605633802816902 0.999 0.28167980890035044
0 0.9330985915492958 0.36678403755868544 0.999 0.5297143286164562
0 0.11223591549295775 0.7640845070422535 0.18833088207944854 0.9655140349137076
0 0.03917253521126761 0.7799295774647887 0.10869754729964293 0.9508333746611122
0 0.12764084507042253 0.3039906103286385 0.18832410174072606 0.533859160439948
0 0.14700704225352113 0.13145539906103287 0.24509374690041658 0.29569750270008155
0 0.25704225352112675 0.06455399061032864 0.3542002454870065 0.2681546044656043
0 0.9859154929577465 0.8515258215962441 0.999 0.9091246914192511
