0 0.0724031690140845 0.08333333333333333 0.08670774647887323 0.15845070422535212
0 0.15404929577464788 0.08245305164319248 0.07658450704225352 0.15669014084507044
0 0.23371478873239437 0.08597417840375587 0.07482394366197183 0.15669014084507044
0 0.31205985915492956 0.08773474178403756 0.07658450704225352 0.1602112676056338
0 0.39018485915492956 0.08685446009389672 0.07262323943661972 0.1619718309859155
0 0.46412852112676056 0.09008215962441314 0.06998239436619719 0.159037558685446
0 0.5497359154929577 0.08949530516431925 0.08538732394366197 0.17077464788732394
0 0.6344630281690141 0.08949530516431925 0.08142605633802817 0.16725352112676056
0 0.7121478873239436 0.0886150234741784 0.06602112676056338 0.17253521126760563
0 0.7838908450704225 0.09213615023474178 0.06954225352112677 0.17253521126760563
0 0.8886443661971831 0.09536384976525822 0.07482394366197183 0.18251173708920188
0 0.1694542253521127 0.3430164319248826 0.20334507042253522 0.10152582159624413
0 0.09198943661971831 0.5692488262910798 0.1073943661971831 0.2746478873239437
0 0.1817781690140845 0.5589788732394366 0.09066901408450705 0.2775821596244131
0 0.2634242957746479 0.5789319248826291 0.07526408450704225 0.2658450704225352
0 0.3320862676056338 0.5607394366197183 0.05413732394366197 0.23650234741784038
0 0.39678697183098594 0.5666079812206573 0.06470070422535211 0.24119718309859156
0 0.47007042253521125 0.5657276995305164 0.06866197183098592 0.25
0 0.5448943661971831 0.6035798122065728 0.07130281690140845 0.17077464788732394
0 0.6285211267605634 0.5639671361502347 0.0625 0.24647887323943662
0 0.5651408450704225 0.4328051643192488 0.0721830985915493 0.1602112676056338
0 0.7009242957746479 0.568368544600939 0.06470070422535211 0.2318075117370892
0 0.7869718309859155 0.5554577464788732 0.07394366197183098 0.22593896713615025
0 0.8298855633802817 0.375 0.12808098591549297 0.12089201877934272
0 0.13204225352112675 0.8729460093896714 0.1487676056338028 0.19190140845070422
0 0.28565140845070425 0.8911384976525821 0.13204225352112675 0.1449530516431925
0 0.4212147887323944 0.8876173708920188 0.13468309859154928 0.15551643192488263
0 0.5598591549295775 0.8738262910798122 0.11619718309859155 0.15140845070422534
0 0.695862676056338 0.8306924882629108 0.12940140845070422 0.08274647887323944
0 0.6912411971830986 0.909330985915493 0.12279929577464789 0.06044600938967136
0 0.1463468309859155 1.0542840375586855 0.14128521126760563 0.15316901408450703
0 0.2918133802816901 1.0440140845070423 0.13468309859154928 0.1572769953051643
0 0.42715669014084506 1.0413732394366197 0.12808098591549297 0.14847417840375587
0 0.5625 1.0272887323943662 0.11619718309859155 0.1449530516431925
0 0.6875 1.0187793427230047 0.1153169014084507 0.13849765258215962
0 0.8116197183098591 1.012030516431925 0.11795774647887323 0.15551643192488263
0 0.8888644366197183 0.5718896713615024 0.05941901408450704 0.16607981220657278
