0 0.6126760563380281 0.9237089201877934 0.06426056338028169 0.15845070422535212
0 0.22953345070422534 0.7300469483568075 0.07878521126760564 0.1643192488262911
0 0.7689260563380281 0.9360328638497653 0.06866197183098592 0.13849765258215962
0 0.5101232394366197 0.295481220657277 0.06514084507042253 0.10856807511737089
0 0.6835387323943662 0.5466549295774648 0.07042253521126761 0.11443661971830986
0 0.5994718309859155 0.5360915492957746 0.06954225352112677 0.10974178403755869
0 0.7748679577464789 0.306924882629108 0.08230633802816902 0.12089201877934272
0 0.7647447183098591 0.5419600938967136 0.07174295774647887 0.11561032863849766
0 0.715669014084507 0.10446009389671361 0.07834507042253522 0.1068075117370892
0 0.9377200704225352 0.5522300469483568 0.06734154929577464 0.10211267605633803
0 0.6822183098591549 0.30311032863849763 0.07570422535211267 0.11795774647887323
0 0.5147447183098591 0.5302230046948356 0.0664612676056338 0.10504694835680752
0 0.6294014084507042 0.10886150234741784 0.07042253521126761 0.11913145539906103
0 0.8527728873239436 0.5495892018779343 0.06910211267605634 0.10387323943661972
0 0.8105193661971831 0.11737089201877934 0.07174295774647887 0.10915492957746478
0 0.8580545774647887 0.42458920187793425 0.08054577464788733 0.12030516431924883
0 0.4341989436619718 0.534330985915493 0.07262323943661972 0.11443661971830986
0 0.3496919014084507 0.5316901408450704 0.06910211267605634 0.11619718309859155
0 0.6148767605633803 0.7544014084507042 0.06338028169014084 0.16255868544600938
0 0.3694982394366197 0.10534037558685445 0.07174295774647887 0.1238262910798122
0 0.2678257042253521 0.522593896713615 0.06205985915492958 0.11795774647887323
0 0.7737676056338029 0.4301643192488263 0.07130281690140845 0.10328638497652583
0 0.7737676056338029 0.7626173708920188 0.0625 0.18838028169014084
0 0.5400528169014085 0.7620305164319249 0.06338028169014084 0.16842723004694835
0 0.5981514084507042 0.3060446009389671 0.07394366197183098 0.10974178403755869
0 0.9438820422535211 0.4380868544600939 0.0682218309859155 0.12147887323943662
0 0.38534330985915494 0.7450117370892019 0.06205985915492958 0.16842723004694835
0 0.5404929577464789 0.11267605633802817 0.06954225352112677 0.10915492957746478
0 0.6866197183098591 0.41901408450704225 0.06690140845070422 0.11267605633802817
0 0.45202464788732394 0.10299295774647887 0.07746478873239436 0.11208920187793427
0 0.6032130281690141 0.4210680751173709 0.0682218309859155 0.10856807511737089
0 0.4242957746478873 0.41226525821596244 0.07042253521126761 0.1073943661971831
0 0.28036971830985913 0.11326291079812206 0.05897887323943662 0.11150234741784038
0 0.862455985915493 0.3086854460093897 0.07350352112676056 0.11384976525821597
0 0.20444542253521128 0.09683098591549295 0.05765845070422535 0.12910798122065728
0 0.3514524647887324 0.4063967136150235 0.06029929577464789 0.10269953051643192
0 0.30369718309859156 0.7546948356807511 0.058098591549295774 0.17136150234741784
0 0.18860035211267606 0.51731220657277 0.053257042253521125 0.1449530516431925
0 0.514524647887324 0.41784037558685444 0.06778169014084508 0.10328638497652583
0 0.4597271126760563 0.7464788732394366 0.058538732394366196 0.1607981220657277
0 0.28169014084507044 0.3873239436619718 0.04665492957746479 0.10328638497652583
0 0.9058098591549296 0.1255868544600939 0.09683098591549295 0.12323943661971831
0 0.9977992957746479 0.13204225352112675 0.07922535211267606 0.11619718309859155
0 1.0180457746478873 0.5595657276995305 0.05985915492957746 0.11091549295774648
0 0.983274647887324 0.32071596244131456 0.0801056338028169 0.10974178403755869
0 1.091769366197183 0.13468309859154928 0.08142605633802817 0.11561032863849766
0 1.0974911971830985 0.31836854460093894 0.0840669014084507 0.11208920187793427
0 1.0992517605633803 0.5633802816901409 0.06470070422535211 0.10211267605633803
0 1.0215669014084507 0.4454225352112676 0.06602112676056338 0.09154929577464789
0 1.075924295774648 0.7573356807511737 0.058538732394366196 0.12969483568075119
0 0.8389084507042254 0.772593896713615 0.04753521126760563 0.18603286384976525
0 1.0983714788732395 0.4518779342723005 0.06470070422535211 0.11267605633802817
0 1.0026408450704225 0.7406103286384976 0.04753521126760563 0.09976525821596244
0 0.6934419014084507 0.9242957746478874 0.06205985915492958 0.17018779342723006
0 0.2990757042253521 1.091549295774648 0.06734154929577464 0.08098591549295775
0 0.10409330985915492 1.0768779342723005 0.05677816901408451 0.09976525821596244
0 0.42099471830985913 1.0956572769953052 0.0682218309859155 0.0880281690140845
0 0.5314700704225352 0.9172535211267606 0.0664612676056338 0.15375586854460094
0 0.4533450704225352 0.9157863849765259 0.06426056338028169 0.15434272300469484
0 0.38358274647887325 0.8964201877934272 0.055897887323943664 0.15082159624413147
0 0.6881602112676056 1.1068075117370892 0.06029929577464789 0.062206572769953054
0 0.9652288732394366 0.8761737089201878 0.05193661971830986 0.1607981220657277
0 0.10409330985915492 0.8896713615023474 0.05677816901408451 0.11971830985915492
0 0.7722271126760564 1.1109154929577465 0.06029929577464789 0.0528169014084507
0 0.21941021126760563 1.0757042253521127 0.04621478873239437 0.08333333333333333
0 0.6137764084507042 1.1032863849765258 0.0488556338028169 0.06338028169014084
0 0.31382042253521125 0.8905516431924883 0.05545774647887324 0.159037558685446
0 0.03851232394366197 1.073356807511737 0.05941901408450704 0.10915492957746478
0 0.8358274647887324 0.9298708920187794 0.04401408450704225 0.11208920187793427
0 0.03873239436619718 0.8829225352112676 0.05193661971830986 0.12852112676056338
0 0.5220070422535211 1.1009389671361502 0.09066901408450705 0.07042253521126761
0 0.8981073943661971 0.8970070422535211 0.06382042253521127 0.1742957746478873
0 1.0629401408450705 0.8796948356807511 0.058098591549295774 0.16784037558685447
0 1.1221390845070423 0.8958333333333334 0.047975352112676055 0.14964788732394366
0 0.9920774647887324 1.1150234741784038 0.08274647887323944 0.04460093896713615
0 0.0409330985915493 0.7194835680751174 0.0801056338028169 0.1572769953051643
0 0.2383362676056338 0.8999413145539906 0.0761443661971831 0.1414319248826291
