0 1.0695422535211268 0.9014084507042254 0.15404929577464788 0.2934272300469484
0 0.8703785211267606 0.8729460093896714 0.1694542253521127 0.11913145539906103
0 0.258362676056338 0.8796948356807511 0.17077464788732394 0.2711267605633803
0 0.0880281690140845 0.8626760563380281 0.17517605633802816 0.30164319248826293
0 0.5985915492957746 0.8940727699530516 0.16109154929577466 0.32922535211267606
0 0.5534771126760564 0.3914319248826291 0.33670774647887325 0.4507042253521127
0 0.1993838028169014 0.36795774647887325 0.3301056338028169 0.465962441314554
0 0.9198943661971831 0.4110915492957746 0.16549295774647887 0.43133802816901406
0 0.8470510563380281 0.9926643192488263 0.17297535211267606 0.09330985915492958
0 0.4441021126760563 0.908744131455399 0.1487676056338028 0.2517605633802817
0 1.071963028169014 0.4509976525821596 0.1307218309859155 0.36913145539906106
