0 0.09397007042253522 0.19571596244131456 0.1113556338028169 0.13791079812206572
0 0.21148767605633803 0.1807511737089202 0.10871478873239436 0.1396713615023474
0 0.3320862676056338 0.17811032863849766 0.10871478873239436 0.159037558685446
0 0.46742957746478875 0.1851525821596244 0.1073943661971831 0.15199530516431925
0 0.5928697183098591 0.1789906103286385 0.12059859154929578 0.1431924882629108
0 0.7418573943661971 0.198943661971831 0.12015845070422536 0.13497652582159625
0 0.8699383802816901 0.18427230046948356 0.12015845070422536 0.1467136150234742
0 0.996919014084507 0.1965962441314554 0.11003521126760564 0.15375586854460094
0 1.1067341549295775 0.2056924882629108 0.0682218309859155 0.14847417840375587
0 0.05435739436619718 0.48826291079812206 0.10255281690140845 0.13615023474178403
0 0.1639524647887324 0.4897300469483568 0.11399647887323944 0.13321596244131456
0 0.3067781690140845 0.4909037558685446 0.11267605633802817 0.14847417840375587
0 0.43287852112676056 0.48884976525821594 0.11399647887323944 0.15845070422535212
0 0.5578785211267606 0.5017605633802817 0.12808098591549297 0.15023474178403756
0 0.6828785211267606 0.4950117370892019 0.10871478873239436 0.15316901408450703
0 0.8111795774647887 0.5026408450704225 0.1267605633802817 0.15551643192488263
0 0.9430017605633803 0.5105633802816901 0.1113556338028169 0.1467136150234742
0 1.068661971830986 0.5096830985915493 0.10915492957746478 0.15551643192488263
0 1.061399647887324 0.79518779342723 0.08934859154929578 0.19483568075117372
0 0.9650088028169014 0.7919600938967136 0.1034330985915493 0.18838028169014084
0 0.8686179577464789 0.7893192488262911 0.08934859154929578 0.1936619718309859
0 0.04335387323943662 0.7356220657276995 0.08318661971830986 0.13791079812206572
0 0.1307218309859155 0.7279929577464789 0.09683098591549295 0.13321596244131456
0 0.037411971830985914 0.9427816901408451 0.06602112676056338 0.159037558685446
0 0.11575704225352113 0.9471830985915493 0.0801056338028169 0.17136150234741784
0 0.20004401408450703 0.948943661971831 0.09286971830985916 0.19131455399061034
0 0.2970950704225352 0.7461854460093896 0.10123239436619719 0.1414319248826291
0 0.2918133802816901 0.9498239436619719 0.08274647887323944 0.18603286384976525
0 0.37411971830985913 0.9618544600938967 0.07922535211267606 0.18661971830985916
0 0.4647887323943662 0.966255868544601 0.09419014084507042 0.19190140845070422
0 0.394806338028169 0.7409037558685446 0.09419014084507042 0.1414319248826291
0 0.4865757042253521 0.749706572769953 0.08934859154929578 0.159037558685446
0 0.5818661971830986 0.749706572769953 0.09330985915492958 0.15199530516431925
0 0.5798855633802817 0.960093896713615 0.09198943661971831 0.16549295774647887
0 0.6828785211267606 0.7857981220657277 0.08582746478873239 0.18661971830985916
0 0.6778169014084507 0.9583333333333334 0.0880281690140845 0.16901408450704225
0 0.772887323943662 0.9671361502347418 0.09154929577464789 0.19718309859154928
0 0.866637323943662 0.9759389671361502 0.0880281690140845 0.17253521126760563
0 0.9579665492957746 0.9806338028169014 0.0840669014084507 0.17253521126760563
0 1.0492957746478873 0.9823943661971831 0.09066901408450705 0.1795774647887324
0 1.1210387323943662 0.9841549295774648 0.03961267605633803 0.1795774647887324
