0 0.8824823943661971 0.7910798122065728 0.9463545411996629 0.9355686151336816
0 0.13336267605633803 0.7805164319248826 0.1988849636108907 0.9226640161784477
0 0.6047535211267606 0.42018779342723006 0.6643464993304901 0.5643074015296788
0 0.18221830985915494 0.21713615023474178 0.23363458701150563 0.3126659999118341
0 0.11883802816901408 0.22711267605633803 0.16544065227633406 0.3144207085234411
0 0.8472711267605634 0.2664319248826291 0.8997151095392779 0.41298918314267447
0 0.6800176056338029 0.6449530516431925 0.7413380204200556 0.8071332435142939
0 0.1113556338028169 0.45539906103286387 0.17336648079498115 0.5613524653397695
0 0.75 0.6449530516431925 0.8165713028169014 0.8047858256739183
0 0.6914612676056338 0.02112676056338028 0.7505759413434834 0.15609088805131258
0 0.6139964788732394 0.011150234741784037 0.6788670790145804 0.1625521418810201
0 0.5977112676056338 0.2511737089201878 0.6599481904632017 0.408303301814014
0 0.8375880281690141 0.028169014084507043 0.8957581038608411 0.17134497123586592
0 0.5391725352112676 0.41960093896713613 0.595273251524995 0.5637208914677423
0 0.1857394366197183 0.4518779342723005 0.2450766991916286 0.5531385692873989
0 0.5330105633802817 0.02523474178403756 0.6001175129562587 0.1607833129449624
0 0.6720950704225352 0.2605633802816901 0.7250562961837929 0.3936264299411492
0 0.20422535211267606 0.6220657276995305 0.25387137968657014 0.778390806497829
0 0.6029929577464789 0.6490610328638498 0.6599458657756397 0.7965674524455025
0 0.02992957746478873 0.45422535211267606 0.08845513662963697 0.5490292104741124
0 0.9018485915492958 0.028169014084507043 0.9613108060776631 0.1572604641936124
0 0.46258802816901406 0.02640845070422535 0.5204830158326721 0.15902206076836606
0 0.7535211267605634 0.02640845070422535 0.819210598095616 0.17134600443033787
0 0.1368838028169014 0.630868544600939 0.18964045607270383 0.7648879879433094
0 0.5250880281690141 0.2623239436619718 0.5847160704101368 0.41475215731005755
0 0.02244718309859155 0.3333333333333333 0.08757814824687563 0.44405320813771515
0 0.6734154929577465 0.4166666666666667 0.7118514896597897 0.5490512519561815
0 0.4511443661971831 0.6889671361502347 0.5130056582895258 0.7836332352487381
0 0.03653169014084507 0.04636150234741784 0.09109307584060702 0.12555964700566466
0 0.11047535211267606 0.03286384976525822 0.16412391049642927 0.09798540853887015
0 0.06470070422535211 0.6068075117370892 0.1152884239858163 0.7695969439485111
0 0.3477112676056338 0.6578638497652582 0.3977342820124975 0.7795435071304194
0 0.1153169014084507 0.32629107981220656 0.15795980770184487 0.42645170711278624
0 0.8213028169014085 0.795774647887324 0.8794800603798849 0.9719508364742445
0 0.8538732394366197 0.4413145539906103 0.9049938938206704 0.5631212942758271
0 0.8763204225352113 0.6502347417840375 0.9432762674196589 0.7730925852454319
0 0.772887323943662 0.2517605633802817 0.82756475029756 0.400673849434636
0 0.7913732394366197 0.43485915492957744 0.8500037969896846 0.5912940967400648
0 0.999 0.43661971830985913 0.999 0.5836639555643721
0 0.9577464788732394 0.6467136150234741 0.999 0.7907002854371928
0 0.9568661971830986 0.2705399061032864 0.999 0.41533419019594875
0 0.960387323943662 0.4184272300469484 0.999 0.5731112516255593
0 0.999 0.025821596244131457 0.999 0.18014916572990367
0 0.999 0.26173708920187794 0.999 0.4229684641495294
0 0.999 0.6496478873239436 0.999 0.8182807230708193
0 0.7213908450704225 0.42018779342723006 0.7782916413534021 0.5819130353324957
0 0.999 0.017605633802816902 0.999 0.16430891688157112
0 0.903169014084507 0.43427230046948356 0.9467855770184487 0.5601911547532455
0 0.909330985915493 0.2634976525821596 0.9547054000942273 0.41827259527430627
0 0.15625 0.9947183098591549 0.2178009463028169 0.999
0 0.6927816901408451 0.999 0.7505753601715929 0.999
0 0.2244718309859155 0.9970657276995305 0.277630074018052 0.999
0 0.02464788732394366 0.999 0.0831757711763539 0.999
0 0.3613556338028169 0.999 0.40785151600624875 0.999
0 0.5999119718309859 0.999 0.6713908838152152 0.999
0 0.4564260563380282 0.999 0.5165244603625273 0.999
0 0.2772887323943662 0.7793427230046949 0.3409871088325729 0.9338149397165465
0 0.09595070422535211 0.999 0.1412429794435628 0.999
0 0.29313380281690143 0.999 0.3405399939248165 0.999
0 0.5176056338028169 0.8169014084507042 0.5825186594921643 0.9478774052767307
0 0.5325704225352113 0.999 0.5952761573844475 0.999
0 0.7442781690140845 0.8198356807511737 0.8095315677073002 0.9648944626286672
0 0.4471830985915493 0.8080985915492958 0.5138876834953382 0.9449482989486213
0 0.6659330985915493 0.8204225352112676 0.7325414026854791 0.9666546816107915
0 0.2051056338028169 0.7723004694835681 0.2666350767456854 0.9203214199122749
0 0.5990316901408451 0.8233568075117371 0.6581870459110295 0.9666529596200049
0 0.07878521126760564 0.7734741784037559 0.12364490087532236 0.9033019517732372
0 0.3534330985915493 0.7646713615023474 0.40037260867139457 0.9273681506094469
0 0.9665492957746479 0.8145539906103286 0.999 0.9637238532918952
0 0.999 0.8063380281690141 0.999 0.9778131819083515
0 0.7658450704225352 0.999 0.8249270048105535 0.999
0 0.18441901408450703 0.03990610328638498 0.28160897050436423 0.10208925698163944
0 0.2830105633802817 0.03990610328638498 0.3563895199985122 0.0903521677797615
0 0.9665492957746479 0.01232394366197183 0.999 0.17311483336639558
0 0.24295774647887325 0.22652582159624413 0.3110726418369371 0.31266048954131676
0 0.1637323943661972 0.3333333333333333 0.22219906144614163 0.4199921752738654
0 0.2517605633802817 0.4524647887323944 0.3123891898928784 0.5648753140911195
0 0.23767605633802816 0.3474178403755869 0.31019468483435825 0.4522609050232538
0 0.25440140845070425 0.6255868544600939 0.3343950698026185 0.7731070499680398
0 0.0022007042253521128 0.7723004694835681 0.0602983271548304 0.9408613260155613
0 0.008362676056338027 0.6150234741784038 0.04621110797708788 0.783676629416562
0 0.5105633802816901 0.6596244131455399 0.589564012596707 0.8012560889594216
0 0.999 0.4166666666666667 0.999 0.574872848200313
0 0.7244718309859155 0.25586854460093894 0.7743290176800238 0.4112348189292248
