0 0.03697183098591549 0.1572769953051643 0.11838161451100972 0.2575368092750557
0 0.1210387323943662 0.14730046948356806 0.20769320478327713 0.264584917564857
0 0.28433098591549294 0.14906103286384975 0.37487485431957945 0.2851237904736714
0 0.3772007042253521 0.18368544600938966 0.45493961236609803 0.2780612174612621
0 0.4652288732394366 0.14906103286384975 0.5556931210945248 0.28336322709338974
0 0.5572183098591549 0.142018779342723 0.6410399567298155 0.2745645429698693
0 0.6412852112676056 0.03345070422535211 0.7316719695372942 0.1572573646101964
0 0.6439260563380281 0.15610328638497653 0.735632074799147 0.2798379675549384
0 0.738556338028169 0.15434272300469484 0.8249390156962904 0.2798390007494104
0 0.8265845070422535 0.15434272300469484 0.9182101300585201 0.2815995641296921
0 0.9212147887323944 0.14906103286384975 0.999 0.2886449172342348
0 0.999 0.1643192488262911 0.999 0.2903965262624259
0 0.035651408450704226 0.27816901408450706 0.11838219568290022 0.40417947827811945
0 0.11971830985915492 0.27816901408450706 0.1988909690537592 0.3988977881372744
0 0.20246478873239437 0.27992957746478875 0.282921450357072 0.40241788170336573
0 0.2869718309859155 0.2887323943661972 0.36827157929974214 0.40241271573100573
0 0.37235915492957744 0.2834507042253521 0.45890301093533026 0.41121863221583016
0 0.4665492957746479 0.2869718309859155 0.5530516948522118 0.4094560024466045
0 0.5558978873239436 0.28169014084507044 0.6450018055073399 0.4076985386497388
0 0.647887323943662 0.27816901408450706 0.7329894862130529 0.4094611684189645
0 0.7372359154929577 0.2834507042253521 0.824939596868181 0.41121863221583016
0 0.8265845070422535 0.28169014084507044 0.912928439917675 0.3918534682272036
0 0.9172535211267606 0.2887323943661972 0.999 0.3936098988295973
0 0.999 0.2887323943661972 0.999 0.39713102559016067
0 0.029049295774647887 0.48884976525821594 0.1144238339367189 0.6041732102316559
0 0.11179577464788733 0.48884976525821594 0.19889445608510217 0.6112154637527827
0 0.2830105633802817 0.48708920187793425 0.36827332281541364 0.6164981870880998
0 0.2363556338028169 0.6132629107981221 0.28290653361188256 0.7026917471180762
0 0.23371478873239437 0.4923708920187793 0.280266850885241 0.5853918011197072
0 0.3683978873239437 0.49061032863849763 0.454943486845368 0.6217778108400009
0 0.2830105633802817 0.6167840375586855 0.36431205520977983 0.7425957840155172
0 0.3683978873239437 0.6238262910798122 0.454943486845368 0.7437653601578169
0 0.4564260563380282 0.49413145539906106 0.5455737561371752 0.6235363078313385
0 0.4564260563380282 0.6203051643192489 0.5429329110667527 0.7472885533073244
0 0.5572183098591549 0.5029342723004695 0.6410399567298155 0.6282259775397298
0 0.5532570422535211 0.6267605633802817 0.6436825453159095 0.7472847649275938
0 0.647887323943662 0.5011737089201878 0.7290282186074192 0.6235321750534507
0 0.6505281690140845 0.6302816901408451 0.7290270562636382 0.7490432619189313
0 0.7359154929577465 0.6285211267605634 0.8196584878992264 0.7613682387753753
0 0.7319542253521126 0.5011737089201878 0.804255301837433 0.6182504849126056
0 0.8160211267605634 0.48884976525821594 0.9001690047857568 0.5971309567105292
0 0.9471830985915493 0.5046948356807511 0.999 0.5971216579602813
0 0.8279049295774648 0.6255868544600939 0.9063257460697283 0.7285061110009037
0 0.909330985915493 0.6320422535211268 0.999 0.7373051395225815
0 0.999 0.6302816901408451 0.999 0.7337850459564901
0 0.21434859154929578 0.784037558685446 0.2943598817818885 0.8956666446251846
0 0.2984154929577465 0.7963615023474179 0.37574893684288835 0.9027016657850073
0 0.3785211267605634 0.7963615023474179 0.4509777635885737 0.8903777221230355
0 0.4551056338028169 0.7981220657276995 0.5275285626611783 0.8856818532478123
0 0.10167253521126761 0.9066901408450704 0.17557144694753024 0.999
0 0.18045774647887325 0.9119718309859155 0.2670860661327118 0.999
0 0.2671654929577465 0.9066901408450704 0.32822747997669116 0.999
0 0.3283450704225352 0.9154929577464789 0.4135878762894267 0.999
0 0.42649647887323944 0.897887323943662 0.5077348166906367 0.999
0 0.5079225352112676 0.8961267605633803 0.5856039073348542 0.999
0 0.5871478873239436 0.9219483568075117 0.6722767835002976 0.999
0 0.6738556338028169 0.9237089201877934 0.761587211428784 0.999
0 0.8758802816901409 0.9289906103286385 0.964843362552073 0.999
0 0.7552816901408451 0.8896713615023474 0.8354950344673675 0.9889145121117944
0 0.9652288732394366 0.9289906103286385 0.999 0.999
0 0.999 0.9272300469483568 0.999 0.999
0 0.10299295774647887 0.999 0.17689128831085102 0.999
0 0.17781690140845072 0.999 0.26224567918071806 0.999
0 0.2671654929577465 0.999 0.3304281842020433 0.999
0 0.3296654929577465 0.999 0.41402743596260666 0.999
0 0.4163732394366197 0.999 0.5020174413558818 0.999
0 0.5004401408450704 0.999 0.5842867781070225 0.999
0 0.5911091549295775 0.999 0.672275039984626 0.999
0 0.679137323943662 0.999 0.7602644642060107 0.999
0 0.764524647887324 0.999 0.8495754733063876 0.999
0 0.8732394366197183 0.999 0.9582424122197977 0.999
0 0.9625880281690141 0.999 0.999 0.999
0 0.999 0.999 0.999 0.999
0 0.999 0.29401408450704225 0.999 0.4059307429081532
