0 0.34815140845070425 0.8039906103286385 0.48664253899275933 0.9003497707685865
0 0.18397887323943662 0.01936619718309859 0.2758873332424122 0.35562243767770946
0 0.14040492957746478 0.607981220657277 0.22264946966127752 0.7977652692367035
0 0.047975352112676055 0.426056338028169 0.1311408559189645 0.601275788534021
0 0.10915492957746478 0.0005868544600938967 0.17732871702043246 0.3573940217990258
0 0.7007042253521126 0.4782863849765258 0.8513641266613767 0.5765972497740748
0 0.6993838028169014 0.5874413145539906 0.8372802007910136 0.6692561964116467
0 0.04709507042253521 0.6085680751173709 0.13686307435280698 0.7907226713174195
0 0.23943661971830985 0.6126760563380281 0.3242784169807578 0.797175659591351
0 0.238556338028169 0.43133802816901406 0.3207576776681214 0.5948172898895722
0 0.5206866197183099 0.57981220657277 0.6705454724385043 0.6675001102074103
0 0.025528169014084508 0.004694835680751174 0.09858031330589169 0.3556310476316427
0 0.13952464788732394 0.4278169014084507 0.22969211063033126 0.5918850839780466
0 0.5180457746478874 0.4782863849765258 0.6696663530921444 0.5672075784125725
0 0.8151408450704225 0.2505868544600939 0.9102926316703035 0.3402285288412793
0 0.3380281690140845 0.5821596244131455 0.5051329101368777 0.667498732614781
0 0.8309859154929577 0.15199530516431925 0.913806784368181 0.24286854735612423
0 0.00044014084507042255 0.4325117370892019 0.036091355571811146 0.6024457090744781
0 0.8763204225352113 0.39906103286384975 0.9912516195323349 0.48039961206991555
0 0.8296654929577465 0.04929577464788732 0.9067651120189447 0.1455109766580705
0 0.33846830985915494 0.4624413145539906 0.5051327164129141 0.5683905860830082
0 0.8512323943661971 0.5809859154929577 0.9947837885588178 0.6645651491106263
0 0.8653169014084507 0.49589201877934275 0.996098011927197 0.5777606267495426
0 0.8023767605633803 0.7541079812206573 0.8825693764258083 0.8898156643302696
0 0.6566901408450704 0.9166666666666666 0.7752391328605436 0.9930066510172143
0 0.4867957746478873 0.8908450704225352 0.6335885581977783 0.9918480956159492
0 0.6553697183098591 0.8169014084507042 0.7770002774127157 0.8909525226476228
0 0.9282570422535211 0.772887323943662 0.999 0.8733727187066058
0 0.9352992957746479 0.8855633802816901 0.9982679140423527 0.9889169228988958
0 0.3824823943661972 0.028169014084507043 0.5662929214813529 0.30808206043774383
0 0.9256161971830986 0.057511737089201875 0.9969517534343385 0.15665638982565186
0 0.9441021126760564 0.16255868544600938 0.9982640395630829 0.25225201955079457
0 0.9590669014084507 0.2664319248826291 0.9982574529483238 0.3337638310299984
0 0.0035211267605633804 0.613849765258216 0.03829070372941877 0.8048040787762569
0 0.49955985915492956 0.7758215962441315 0.6221392782310058 0.8651550342745046
0 0.34066901408450706 0.9072769953051644 0.4782831562438008 0.9900778890872622
0 0.7935739436619719 0.8791079812206573 0.8742105748487403 0.999
0 0.1738556338028169 0.8620892018779343 0.33002911283723463 0.9947992434261279
0 0.011883802816901408 0.8667840375586855 0.16460744550932355 0.9959701971610571
