0 0.4335387323943662 0.5663145539906104 0.49584791429031944 0.7050667168110384
0 0.49383802816901406 0.24706572769953053 0.5578812332622496 0.3918737877184862
0 0.3217429577464789 0.25528169014084506 0.3819006413038088 0.400671783045692
0 0.32922535211267606 0.13380281690140844 0.3840980522217814 0.23407640679759306
0 0.5721830985915493 0.5715962441314554 0.6309101306784368 0.7050636172276225
0 0.31382042253521125 0.5563380281690141 0.3616576494619123 0.6868800833168023
0 0.8089788732394366 0.1742957746478873 0.8746439353550882 0.28452212689281225
0 0.037852112676056336 0.5563380281690141 0.09549390311942074 0.693922336837929
0 0.1936619718309859 0.2605633802816901 0.2565168741321166 0.3953869933214309
0 0.23899647887323944 0.5557511737089202 0.29610959662021424 0.6956832446163681
0 0.8798415492957746 0.2963615023474178 0.9379930274871058 0.3930185671934581
0 0.42869718309859156 0.24882629107981222 0.4813253973665939 0.39891500804514096
0 0.511443661971831 0.573943661971831 0.5569932026135688 0.7097570753157443
0 0.6038732394366197 0.13849765258215962 0.6515828022713748 0.2211628534902687
0 0.6412852112676056 0.24647887323943662 0.6947001385513787 0.3953952588772069
0 0.5123239436619719 0.09976525821596244 0.5653554912219797 0.224706710529216
0 0.3890845070422535 0.12969483568075119 0.437768888861337 0.2340788175846944
0 0.136443661971831 0.2576291079812207 0.18479910050089268 0.3918675885516542
0 0.09463028169014084 0.14553990610328638 0.14960623667179132 0.24698031695651215
0 0.3727992957746479 0.5592723004694836 0.4148887327043246 0.7038971406687385
0 0.8045774647887324 0.2916666666666667 0.8715648866792303 0.3988898669796557
0 0.2596830985915493 0.2623239436619718 0.3110652803263242 0.3889305610659261
0 0.020246478873239437 0.24061032863849766 0.07305446897936917 0.3977461206991558
0 0.5691021126760564 0.2505868544600939 0.6238692332250545 0.39480599363001173
0 0.44454225352112675 0.1255868544600939 0.49320222612080933 0.22410470255019949
0 0.07702464788732394 0.2605633802816901 0.12892736591202145 0.3953869933214309
0 0.6434859154929577 0.5762910798122066 0.6828153671146598 0.6968448996010492
0 0.10959507042253522 0.5616197183098591 0.16368415709928585 0.6927455283343252
0 0.16901408450704225 0.15199530516431925 0.20679180718111484 0.24404225627631204
0 0.7051056338028169 0.14788732394366197 0.7466086682949812 0.2340681412418171
0 0.2363556338028169 0.14906103286384975 0.27410371671047407 0.22995947122484514
0 0.6628521126760564 0.7963615023474179 0.7008526179081531 0.9167861728272608
0 0.17165492957746478 0.551056338028169 0.21779416596409443 0.6909911641208755
0 0.6588908450704225 0.14964788732394366 0.6938121079026979 0.2317196902069695
0 0.999 0.6056338028169014 0.999 0.7173675857964689
0 0.9414612676056338 0.5035211267605634 0.999 0.6076857270382862
0 0.940580985915493 0.6115023474178404 0.999 0.7132561605942384
0 0.9533450704225352 0.30164319248826293 0.999 0.39536288545041764
0 0.9577464788732394 0.19072769953051644 0.999 0.2774702302232802
0 0.858274647887324 0.6073943661971831 0.9195166044683595 0.7132585713813396
0 0.999 0.3039906103286385 0.999 0.3959483623178823
0 0.8587147887323944 0.49589201877934275 0.9261185234204523 0.5988873873129229
0 0.8838028169014085 0.18838028169014084 0.950315227633406 0.2845138613370363
0 0.999 0.5029342723004695 0.999 0.5947752733143777
0 0.999 0.6097417840375586 0.999 0.7161914660891798
0 0.999 0.7852112676056338 0.999 0.8751260497255835
0 0.999 0.19718309859154928 0.999 0.27805329630364345
0 0.17253521126760563 0.9442488262910798 0.23011772217813928 0.999
0 0.363556338028169 0.79518779342723 0.4285371671047411 0.9326319320461108
0 0.23547535211267606 0.9413145539906104 0.29391044218657014 0.999
0 0.10475352112676056 0.9401408450704225 0.16236586552767307 0.999
0 0.30369718309859156 0.95481220657277 0.36078182342293197 0.999
0 0.43617957746478875 0.7769953051643192 0.4962868927916088 0.9097552844453262
0 0.29973591549295775 0.7846244131455399 0.35374131341747667 0.9214878964711587
0 0.03609154929577465 0.9401408450704225 0.09329397378992263 0.999
0 0.36971830985915494 0.9442488262910798 0.42325276482840707 0.999
0 0.6065140845070423 0.8028169014084507 0.6621450202092838 0.9361485816306289
0 0.9027288732394366 0.9776995305164319 0.9692329538410037 0.999
0 0.16593309859154928 0.7764084507042254 0.2235185153615354 0.9056476476228262
0 0.4357394366197183 0.9401408450704225 0.49012511468458636 0.999
0 0.4982394366197183 0.789906103286385 0.5569990143324737 0.9214847968877428
0 0.10299295774647887 0.7764084507042254 0.15620466859254115 0.9074082110031079
0 0.5664612676056338 0.95481220657277 0.6159478603575679 0.999
0 0.4933978873239437 0.9419014084507042 0.5552405819157905 0.999
0 0.6298415492957746 0.9753521126760564 0.6788601049518944 0.999
0 0.023767605633802816 0.7717136150234741 0.07305291918766119 0.9044766938878971
0 0.23591549295774647 0.7852112676056338 0.2798257414203531 0.9220744065330952
0 0.7790492957746479 0.9776995305164319 0.822280348021226 0.999
0 0.9793133802816901 0.9982394366197183 0.999 0.999
0 0.999 0.9812206572769953 0.999 0.999
0 0.8371478873239436 0.9759389671361502 0.8869554806833961 0.999
0 0.8816021126760564 0.8526995305164319 0.9481154920278715 0.9554855049703542
0 0.9810739436619719 0.8656103286384976 0.999 0.9883417779761511
0 0.999 0.8650234741784038 0.999 0.9906895402146841
0 0.999 0.4923708920187793 0.999 0.5959551814013974
0 0.999 0.20598591549295775 0.999 0.2927194918336309
0 0.999 0.301056338028169 0.999 0.3988843566091384
0 0.2764084507042254 0.1402582159624413 0.31766003149176747 0.24874397992020983
0 0.7011443661971831 0.2353286384976526 0.7642160456134696 0.4059651827238864
0 0.5611795774647887 0.7963615023474179 0.6102283540592144 0.9267626986488571
0 0.47183098591549294 0.4595070422535211 0.5715352856576077 0.5455049841301329
0 0.34639084507042256 0.4612676056338028 0.43030528571959925 0.5302457349732196
0 0.579225352112676 0.45774647887323944 0.626945763489387 0.5355294915030087
