0 0.056338028169014086 0.24119718309859156 0.10915492957746478 0.19131455399061034
0 0.203125 0.24471830985915494 0.1800176056338028 0.1983568075117371
0 0.07966549295774648 0.47417840375586856 0.05721830985915493 0.1056338028169014
0 0.14546654929577466 0.47857981220657275 0.06470070422535211 0.10035211267605634
0 0.21875 0.47769953051643194 0.06866197183098592 0.0880281690140845
0 0.28807218309859156 0.47681924882629106 0.06470070422535211 0.0897887323943662
0 0.04533450704225352 0.6607981220657277 0.07658450704225352 0.09507042253521127
0 0.13204225352112675 0.6651995305164319 0.06866197183098592 0.09683098591549295
0 0.22205105633802816 0.6616784037558685 0.05413732394366197 0.10035211267605634
0 0.2847711267605634 0.6728286384976526 0.07130281690140845 0.10856807511737089
0 0.058318661971830985 0.8565140845070423 0.058538732394366196 0.13086854460093897
0 0.06095950704225352 0.9776995305164319 0.055897887323943664 0.11737089201877934
0 0.11399647887323944 0.8547535211267606 0.0528169014084507 0.13438967136150234
0 0.11729753521126761 0.9841549295774648 0.06205985915492958 0.12793427230046947
0 0.17539612676056338 0.8644366197183099 0.06205985915492958 0.1255868544600939
0 0.2381161971830986 0.8659037558685446 0.06602112676056338 0.12265258215962441
0 0.17539612676056338 0.9903169014084507 0.06205985915492958 0.11913145539906103
0 0.2367957746478873 0.9920774647887324 0.07130281690140845 0.12617370892018778
0 0.3047975352112676 0.8653169014084507 0.06205985915492958 0.13438967136150234
0 0.304137323943662 0.9876760563380281 0.06602112676056338 0.11384976525821597
0 0.36377640845070425 0.2420774647887324 0.0840669014084507 0.1273474178403756
0 0.445862676056338 0.24061032863849766 0.0801056338028169 0.12441314553990611
0 0.5314700704225352 0.2438380281690141 0.09286971830985916 0.13791079812206572
0 0.6368838028169014 0.24735915492957747 0.09419014084507042 0.11091549295774648
0 0.7282130281690141 0.2482394366197183 0.09022887323943662 0.1056338028169014
0 0.8129401408450704 0.2652582159624413 0.07394366197183098 0.08098591549295775
0 0.9011883802816901 0.278462441314554 0.0840669014084507 0.09683098591549295
0 0.9865757042253521 0.2775821596244131 0.08142605633802817 0.10211267605633803
0 1.071963028169014 0.27582159624413144 0.0840669014084507 0.09507042253521127
0 0.3805017605633803 0.37059859154929575 0.0840669014084507 0.10856807511737089
0 0.4672095070422535 0.3714788732394366 0.08670774647887323 0.11032863849765258
0 0.5572183098591549 0.37411971830985913 0.08538732394366197 0.10152582159624413
0 0.6511883802816901 0.38380281690140844 0.08670774647887323 0.11384976525821597
0 0.7418573943661971 0.3890845070422535 0.08934859154929578 0.12089201877934272
0 0.8325264084507042 0.3914319248826291 0.08934859154929578 0.11267605633802817
0 0.9275968309859155 0.39231220657276994 0.09551056338028169 0.11091549295774648
0 1.0226672535211268 0.39642018779342725 0.08670774647887323 0.12265258215962441
0 1.1049735915492958 0.39906103286384975 0.06734154929577464 0.11032863849765258
0 0.37786091549295775 0.5985915492957746 0.0840669014084507 0.1255868544600939
0 0.4647887323943662 0.602112676056338 0.08450704225352113 0.13262910798122066
0 0.5572183098591549 0.6071009389671361 0.08538732394366197 0.12617370892018778
0 0.6505281690140845 0.6106220657276995 0.0880281690140845 0.12617370892018778
0 0.7372359154929577 0.6106220657276995 0.07482394366197183 0.11208920187793427
0 0.8195422535211268 0.6106220657276995 0.07658450704225352 0.12617370892018778
0 0.9212147887323944 0.6323356807511737 0.08538732394366197 0.13086854460093897
0 1.013644366197183 0.6332159624413145 0.0818661971830986 0.1396713615023474
0 1.0996919014084507 0.6408450704225352 0.07790492957746478 0.13497652582159625
0 0.3767605633802817 0.727112676056338 0.0818661971830986 0.12441314553990611
0 0.46016725352112675 0.7341549295774648 0.08054577464788733 0.12441314553990611
0 0.5508362676056338 0.7400234741784038 0.09022887323943662 0.1255868544600939
0 0.640625 0.7391431924882629 0.08670774647887323 0.13791079812206572
0 0.7319542253521126 0.7453051643192489 0.08274647887323944 0.12910798122065728
0 0.8226232394366197 0.7573356807511737 0.08538732394366197 0.12265258215962441
0 0.9159330985915493 0.766725352112676 0.09330985915492958 0.13438967136150234
0 1.0085827464788732 0.7678990610328639 0.08670774647887323 0.12617370892018778
0 1.0977112676056338 0.767018779342723 0.07922535211267606 0.12089201877934272
0 0.46919014084507044 0.8937793427230047 0.07746478873239436 0.09507042253521127
0 0.3857834507042254 0.9809272300469484 0.055897887323943664 0.08274647887323944
0 0.44938380281690143 1.0214201877934272 0.06338028169014084 0.13321596244131456
0 0.5244278169014085 1.0264084507042253 0.0840669014084507 0.1396713615023474
0 0.6091549295774648 0.9049295774647887 0.0801056338028169 0.09624413145539906
0 0.6117957746478874 1.0360915492957747 0.08274647887323944 0.1238262910798122
0 0.7018045774647887 1.016431924882629 0.0840669014084507 0.0880281690140845
0 0.7889524647887324 1.0146713615023475 0.07790492957746478 0.09154929577464789
0 0.8705985915492958 1.0155516431924883 0.0801056338028169 0.0897887323943662
0 0.8045774647887324 0.9107981220657277 0.08274647887323944 0.0880281690140845
0 0.9707306338028169 1.0490023474178405 0.08934859154929578 0.10504694835680752
0 1.059419014084507 1.0525234741784038 0.08538732394366197 0.10504694835680752
0 1.0726232394366197 0.9110915492957746 0.09595070422535211 0.06044600938967136
0 0.8985475352112676 0.9075704225352113 0.07878521126760564 0.06396713615023474
