0 0.061399647887323945 0.13703051643192488 0.07262323943661972 0.13791079812206572
0 0.02574823943661972 0.2664319248826291 0.04533450704225352 0.12441314553990611
0 0.07570422535211267 0.27142018779342725 0.05721830985915493 0.13086854460093897
0 0.12411971830985916 0.13849765258215962 0.06866197183098592 0.13849765258215962
0 0.13534330985915494 0.27406103286384975 0.06205985915492958 0.1255868544600939
0 0.183318661971831 0.13262910798122066 0.06205985915492958 0.13615023474178403
0 0.19806338028169015 0.26731220657276994 0.06338028169014084 0.12265258215962441
0 0.24735915492957747 0.13438967136150234 0.06602112676056338 0.13615023474178403
0 0.25946302816901406 0.27142018779342725 0.05677816901408451 0.1238262910798122
0 0.31536091549295775 0.13321596244131456 0.06734154929577464 0.12089201877934272
0 0.3204225352112676 0.2705399061032864 0.06514084507042253 0.1255868544600939
0 0.37940140845070425 0.13497652582159625 0.06602112676056338 0.12793427230046947
0 0.386443661971831 0.27318075117370894 0.06690140845070422 0.13438967136150234
0 0.4414612676056338 0.13703051643192488 0.0528169014084507 0.1449530516431925
0 0.4414612676056338 0.27318075117370894 0.04753521126760563 0.13086854460093897
0 0.49713908450704225 0.13438967136150234 0.04533450704225352 0.1396713615023474
0 0.49317781690140844 0.26965962441314556 0.050616197183098594 0.13791079812206572
0 0.5521566901408451 0.13086854460093897 0.06205985915492958 0.13262910798122066
0 0.554137323943662 0.27142018779342725 0.06338028169014084 0.13791079812206572
0 0.6241197183098591 0.13615023474178403 0.06602112676056338 0.1431924882629108
0 0.620818661971831 0.278462441314554 0.06734154929577464 0.13438967136150234
0 0.6868397887323944 0.13262910798122066 0.06734154929577464 0.15023474178403756
0 0.6914612676056338 0.2811032863849765 0.06338028169014084 0.1396713615023474
0 0.7581426056338029 0.27318075117370894 0.06998239436619719 0.14847417840375587
0 0.7746478873239436 0.1335093896713615 0.03873239436619718 0.13791079812206572
0 0.8283450704225352 0.13615023474178403 0.06866197183098592 0.1431924882629108
0 0.8272447183098591 0.27406103286384975 0.061179577464788734 0.13615023474178403
0 0.8912852112676056 0.1402582159624413 0.05193661971830986 0.15140845070422534
0 0.8835827464788732 0.2828638497652582 0.05413732394366197 0.13615023474178403
0 0.9575264084507042 0.14113849765258216 0.06734154929577464 0.1637323943661972
0 0.9502640845070423 0.2878521126760563 0.06866197183098592 0.12617370892018778
0 1.1076144366197183 0.2887323943661972 0.06470070422535211 0.14788732394366197
0 0.04533450704225352 0.4595070422535211 0.08450704225352113 0.09976525821596244
0 0.04665492957746479 0.5724765258215962 0.07922535211267606 0.10856807511737089
0 0.12433978873239436 0.5777582159624414 0.0840669014084507 0.13321596244131456
0 0.1857394366197183 0.4647887323943662 0.08274647887323944 0.11737089201877934
0 0.19872359154929578 0.5803990610328639 0.08054577464788733 0.1068075117370892
0 0.2711267605633803 0.46919014084507044 0.0880281690140845 0.12265258215962441
0 0.2757482394366197 0.5874413145539906 0.08142605633802817 0.11032863849765258
0 0.35981514084507044 0.5839201877934272 0.07878521126760564 0.11032863849765258
0 0.37411971830985913 0.44835680751173707 0.07658450704225352 0.10211267605633803
0 0.4480633802816901 0.44923708920187794 0.06602112676056338 0.1073943661971831
0 0.4408010563380282 0.5639671361502347 0.06470070422535211 0.1056338028169014
0 0.5094630281690141 0.579518779342723 0.06470070422535211 0.1637323943661972
0 0.5765845070422535 0.5786384976525821 0.08538732394366197 0.1619718309859155
0 0.6555897887323944 0.5874413145539906 0.06734154929577464 0.16549295774647887
0 0.7282130281690141 0.5927230046948356 0.07790492957746478 0.17253521126760563
0 0.805237676056338 0.5918427230046949 0.0682218309859155 0.1742957746478873
0 0.8912852112676056 0.4994131455399061 0.0880281690140845 0.13497652582159625
0 0.8846830985915493 0.6220657276995305 0.09066901408450705 0.12441314553990611
0 0.9696302816901409 0.5052816901408451 0.058098591549295774 0.13262910798122066
0 1.0889084507042253 0.5199530516431925 0.06602112676056338 0.13145539906103287
0 1.0680017605633803 0.636443661971831 0.07350352112676056 0.11561032863849766
0 0.03433098591549296 0.7142018779342723 0.0625 0.07394366197183098
0 0.042693661971830985 0.7987089201877934 0.07130281690140845 0.07746478873239436
0 0.047975352112676055 0.8791079812206573 0.058098591549295774 0.07629107981220658
0 0.10233274647887323 0.8048708920187794 0.055897887323943664 0.08626760563380281
0 0.1073943661971831 0.9248826291079812 0.0528169014084507 0.0880281690140845
0 0.16637323943661972 0.846244131455399 0.08274647887323944 0.10328638497652583
0 0.17473591549295775 0.9463028169014085 0.07658450704225352 0.08626760563380281
0 0.24471830985915494 0.9463028169014085 0.07394366197183098 0.09683098591549295
0 0.24031690140845072 0.8101525821596244 0.04929577464788732 0.09683098591549295
0 0.29401408450704225 0.7790492957746479 0.07394366197183098 0.09683098591549295
0 0.3047975352112676 0.8773474178403756 0.06998239436619719 0.09624413145539906
0 0.31139964788732394 0.9653755868544601 0.07262323943661972 0.07981220657276995
0 0.37037852112676056 0.7831572769953051 0.08142605633802817 0.11208920187793427
0 0.379181338028169 0.8884976525821596 0.08142605633802817 0.09154929577464789
0 0.3807218309859155 0.977406103286385 0.07130281690140845 0.08626760563380281
0 0.4498239436619718 0.7755281690140845 0.07746478873239436 0.10035211267605634
0 0.4551056338028169 0.8788145539906104 0.0721830985915493 0.0897887323943662
0 0.4564260563380282 0.9703638497652582 0.0801056338028169 0.09330985915492958
0 0.5275088028169014 0.7831572769953051 0.07790492957746478 0.11561032863849766
0 0.5341109154929577 0.8858568075117371 0.07790492957746478 0.09330985915492958
0 0.5341109154929577 0.9791666666666666 0.07262323943661972 0.0897887323943662
0 0.6065140845070423 0.7910798122065728 0.0801056338028169 0.12089201877934272
0 0.6065140845070423 0.9022887323943662 0.07482394366197183 0.09800469483568075
0 0.605193661971831 0.999706572769953 0.07482394366197183 0.08626760563380281
0 0.6828785211267606 0.846244131455399 0.07262323943661972 0.15845070422535212
0 0.6775968309859155 0.994424882629108 0.07526408450704225 0.1449530516431925
0 0.7612235915492958 0.8471244131455399 0.0682218309859155 0.15669014084507044
0 0.7555017605633803 0.9947183098591549 0.07262323943661972 0.13497652582159625
0 0.8433098591549296 0.9084507042253521 0.08538732394366197 0.12793427230046947
0 0.8402288732394366 1.0187793427230047 0.0818661971830986 0.10328638497652583
0 0.9236355633802817 0.9222417840375586 0.07526408450704225 0.1273474178403756
0 0.9165933098591549 1.029049295774648 0.061179577464788734 0.09683098591549295
0 1.0966109154929577 0.8782276995305164 0.07878521126760564 0.17781690140845072
0 1.0783450704225352 1.0299295774647887 0.06866197183098592 0.13615023474178403
0 1.025968309859155 0.8788145539906104 0.05721830985915493 0.14847417840375587
0 1.1170774647887325 0.1426056338028169 0.04753521126760563 0.13262910798122066
