0 0.328125 0.24647887323943662 0.20466549295774647 0.3227699530516432
0 0.5321302816901409 0.25410798122065725 0.19014084507042253 0.2863849765258216
0 0.7216109154929577 0.238556338028169 0.20466549295774647 0.32805164319248825
0 0.8945862676056338 0.24471830985915494 0.1386443661971831 0.3051643192488263
0 1.0492957746478873 0.2634976525821596 0.1813380281690141 0.25704225352112675
0 0.2563820422535211 0.7546948356807511 0.09463028169014084 0.40375586854460094
0 0.33934859154929575 0.7599765258215962 0.06866197183098592 0.4107981220657277
0 0.41571302816901406 0.7564553990610329 0.0840669014084507 0.41784037558685444
0 0.5004401408450704 0.7546948356807511 0.0801056338028169 0.4072769953051643
0 0.5748239436619719 0.7573356807511737 0.058098591549295774 0.4125586854460094
0 0.04973591549295775 0.659037558685446 0.09330985915492958 0.32981220657276994
0 0.08472711267605634 0.19630281690140844 0.16065140845070422 0.3914319248826291
0 0.6415052816901409 0.7150821596244131 0.09815140845070422 0.3386150234741784
0 0.7275528169014085 0.727112676056338 0.07394366197183098 0.3274647887323944
0 0.8259242957746479 0.6910211267605634 0.058538732394366196 0.3104460093896714
0 0.8712588028169014 0.7511737089201878 0.042693661971830985 0.40023474178403756
0 0.9559859154929577 0.659037558685446 0.0801056338028169 0.24295774647887325
0 1.0466549295774648 0.6607981220657277 0.09595070422535211 0.25
0 1.0816461267605635 0.9809272300469484 0.09551056338028169 0.15199530516431925
0 0.27178697183098594 1.0774647887323943 0.09198943661971831 0.07276995305164319
0 0.4707306338028169 1.0534037558685445 0.15272887323943662 0.03403755868544601
0 0.41879401408450706 1.0868544600938967 0.144806338028169 0.03990610328638498
0 0.704225352112676 1.0715962441314555 0.12852112676056338 0.13262910798122066
0 0.815580985915493 1.0809859154929577 0.07130281690140845 0.11032863849765258
