0 0.2169894366197183 0.6795774647887324 0.17341549295774647 0.27816901408450706
0 0.8970070422535211 0.3829225352112676 0.1487676056338028 0.20246478873239437
0 0.6098151408450704 0.08215962441314555 0.11223591549295775 0.14553990610328638
0 0.3857834507042254 0.7426643192488263 0.16153169014084506 0.20715962441314553
0 0.5464348591549296 0.7027582159624414 0.13600352112676056 0.25880281690140844
0 0.23305457746478872 0.37588028169014087 0.16681338028169015 0.21185446009389672
0 0.4297975352112676 0.3500586854460094 0.16153169014084506 0.2681924882629108
0 0.5831866197183099 0.37177230046948356 0.13204225352112675 0.2282863849765258
0 0.7444982394366197 0.3591549295774648 0.13336267605633803 0.27230046948356806
0 0.1742957746478873 0.07658450704225352 0.17077464788732394 0.15199530516431925
0 0.8235035211267606 0.07482394366197183 0.10915492957746478 0.13908450704225353
0 0.07372359154929578 0.3987676056338028 0.14656690140845072 0.1426056338028169
0 0.714568661971831 0.0806924882629108 0.0761443661971831 0.14730046948356806
0 0.9335387323943662 0.07629107981220658 0.0977112676056338 0.15140845070422534
0 0.5506161971830986 1.0352112676056338 0.1522887323943662 0.20539906103286384
0 0.6782570422535211 1.0404929577464788 0.09507042253521127 0.19131455399061034
0 0.8162411971830986 1.0501760563380282 0.16857394366197184 0.1813380281690141
0 0.6875 0.721830985915493 0.12588028169014084 0.22417840375586853
0 0.4097711267605634 0.08333333333333333 0.1505281690140845 0.15140845070422534
0 0.8466109154929577 0.67018779342723 0.1694542253521127 0.22065727699530516
0 1.0816461267605635 0.7288732394366197 0.1113556338028169 0.20422535211267606
0 0.06272007042253522 0.6813380281690141 0.1113556338028169 0.25704225352112675
0 0.140625 1.029049295774648 0.11399647887323944 0.20363849765258216
0 1.077024647887324 0.37059859154929575 0.11267605633802817 0.24706572769953053
0 1.0763644366197183 0.0886150234741784 0.10871478873239436 0.1619718309859155
