0 0.6976232394366197 0.999 0.9363126658277127 0.999
0 0.8723591549295775 0.04225352112676056 0.9485597010761754 0.1918766117833763
0 0.5664612676056338 0.25586854460093894 0.785842226554751 0.42473247151138444
0 0.4005281690140845 0.24354460093896713 0.5508800492213847 0.5696927555158808
0 0.6632922535211268 0.43427230046948356 0.8676658044658798 0.5736888073354052
0 0.26100352112676056 0.6919014084507042 0.4431069526755604 0.8681385555114726
0 0.05545774647887324 0.5950704225352113 0.11309178796369769 0.7807540666534418
0 0.030369718309859156 0.3615023474178404 0.09901832318736362 0.5414545174017501
0 0.2649647887323944 0.3796948356807512 0.37752422324439594 0.5561152025612202
0 0.3415492957746479 0.022300469483568074 0.4250257265423527 0.09623104432542043
0 0.43838028169014087 0.031103286384976527 0.529296487552073 0.10092071403381163
0 0.6602112676056338 0.03990610328638498 0.7475087098293989 0.13553996120699155
0 0.11267605633802817 0.02699530516431925 0.211218012299147 0.1842564581542463
0 0.0448943661971831 0.09507042253521127 0.09725136691628646 0.25757331547973283
0 0.7680457746478874 0.03814553990610329 0.8495739235146796 0.11676165167845885
0 0.24647887323943662 0.03227699530516432 0.32339503570720096 0.09035664495580684
0 0.11575704225352113 0.6109154929577465 0.17644552947083914 0.7942424204853534
0 0.8939260563380281 0.2576291079812207 0.999 0.586116414842734
0 0.9075704225352113 0.6502347417840375 0.999 0.8441019749167934
0 0.999 0.06572769953051644 0.999 0.1983182349181159
0 0.9454225352112676 0.08274647887323944 0.987700078109502 0.1947871206109899
0 0.4665492957746479 0.9906103286384976 0.6331573286550287 0.999
0 0.2579225352112676 0.9859154929577465 0.4470695763489387 0.999
0 0.4524647887323944 0.6514084507042254 0.6265614151458044 0.8458618495007605
0 0.9608274647887324 0.999 0.999 0.999
0 0.7539612676056338 0.6443661971830986 0.904157587470244 0.9080725550486015
0 0.0840669014084507 0.8738262910798122 0.139927787455366 0.9877501019418545
0 0.0818661971830986 0.999 0.15445340396250742 0.999
0 0.10959507042253522 0.2300469483568075 0.23366655146548304 0.4042077189270206
0 0.13512323943661972 0.4354460093896714 0.24157785068686766 0.5989228603231281
0 0.0008802816901408451 0.5786384976525821 0.05105595058024202 0.7960219257642884
0 0.5404929577464789 0.03345070422535211 0.6489698534516961 0.1038536087416518
0 0.999 0.0539906103286385 0.999 0.2194518834446428
0 0.999 0.999 0.999 0.999
