0 0.018926056338028168 0.052230046948356805 0.05236843043294981 0.12790362086446694
0 0.056338028169014086 0.04870892018779343 0.08756323150168617 0.1267319783332231
0 0.16637323943661972 0.08509389671361503 0.2943809976939099 0.2628608603892526
0 0.3125 0.0903755868544601 0.43032020246478875 0.26461832418611825
0 0.4410211267605634 0.09389671361502347 0.5570241984477287 0.27459278361877054
0 0.573943661971831 0.10387323943661972 0.6837262571910335 0.27986861899094095
0 0.6892605633802817 0.11971830985915492 0.8029536705266812 0.19887340474773524
0 0.6879401408450704 0.20246478873239437 0.7915105897267407 0.2745290699596641
0 0.7992957746478874 0.20598591549295775 0.8896129860146796 0.2762875669510018
0 0.8058978873239436 0.12793427230046947 0.898853037901706 0.20238970993409597
0 0.167693661971831 0.26467136150234744 0.2957008390572307 0.4370512492009963
0 0.31117957746478875 0.2664319248826291 0.42900036110146794 0.43352908924596084
0 0.4397007042253521 0.27992957746478875 0.5570247796196192 0.440563421609469
0 0.5717429577464789 0.2834507042253521 0.6788856765150764 0.4370402284599616
0 0.6817781690140845 0.2834507042253521 0.7862316117213847 0.4352796650796799
0 0.7918133802816901 0.28169014084507044 0.9015000821389605 0.4423229517952787
0 0.3076584507042254 0.5164319248826291 0.4303223334283872 0.5853776807952566
0 0.18705985915492956 0.5856807511737089 0.297012737738048 0.7408534737375742
0 0.18045774647887325 0.7546948356807511 0.29569522106228924 0.9215054607771827
0 0.29973591549295775 0.5927230046948356 0.4175617359526879 0.7596286836826909
0 0.41901408450704225 0.6009389671361502 0.5297451522515374 0.7508210452070797
0 0.545774647887324 0.5927230046948356 0.6463266836937116 0.747304740020719
0 0.6619718309859155 0.5874413145539906 0.764233287046221 0.735570750402257
0 0.7711267605633803 0.5892018779342723 0.8795021449117238 0.7373302805880667
0 0.2970950704225352 0.7634976525821596 0.41976360252182104 0.9097632056029448
0 0.4238556338028169 0.7652582159624414 0.5297430212879389 0.8939171019859375
0 0.5418133802816901 0.7494131455399061 0.6423671596037492 0.8839498749145893
0 0.6584507042253521 0.7411971830985915 0.7576327241618727 0.8733913162071018
0 0.7684859154929577 0.7494131455399061 0.8689399269738147 0.8733864946328992
0 0.2658450704225352 0.9823943661971831 0.346273835796469 0.999
0 0.198943661971831 0.9776995305164319 0.26487722550089265 0.999
0 0.3503521126760563 0.9911971830985915 0.4536310069926602 0.999
0 0.460387323943662 0.9806338028169014 0.5622973647341797 0.999
0 0.5691021126760564 0.9741784037558685 0.6683234585771672 0.999
0 0.6712147887323944 0.9671361502347418 0.7668700639134101 0.999
0 0.7759683098591549 0.9172535211267606 0.8755387463424916 0.999
0 0.0897887323943662 0.05046948356807512 0.1183583676353898 0.12144925499790607
0 0.12235915492957747 0.046948356807511735 0.15355529966772466 0.12497244814741343
0 0.03301056338028169 0.16784037558685447 0.0690875833787939 0.23523014062465558
0 0.06910211267605634 0.1643192488262911 0.10032169801378694 0.24051389715444466
0 0.10035211267605634 0.16255868544600938 0.12891709854195596 0.23699380358835329
0 0.12764084507042253 0.16255868544600938 0.16103536934635987 0.23699380358835329
0 0.03829225352112676 0.2664319248826291 0.0690852586912319 0.33024270426943503
0 0.07174295774647887 0.26291079812206575 0.10164095820521722 0.3349396063391302
0 0.10299295774647887 0.25938967136150237 0.13023635873338624 0.33024683704732305
0 0.13512323943661972 0.26467136150234744 0.16235249857419162 0.33669913652493993
0 0.05501760563380282 0.3955399061032864 0.08756381267357667 0.4627960446560427
0 0.09110915492957747 0.39906103286384975 0.1262803216747669 0.4575122881262536
0 0.12764084507042253 0.3955399061032864 0.16103536934635987 0.461035481275761
0 0.06690140845070422 0.49061032863849763 0.09636139902797064 0.5490078577883577
0 0.09903169014084508 0.4835680751173709 0.12759725717863518 0.5490119905662457
0 0.12764084507042253 0.4835680751173709 0.1522325524449514 0.5490119905662457
0 0.0448943661971831 0.545774647887324 0.06908235283177941 0.6059003669906764
0 0.06778169014084508 0.551056338028169 0.09900185665046618 0.6076578307875421
0 0.10167253521126761 0.551056338028169 0.12891651737006546 0.6041367040269787
0 0.13160211267605634 0.5492957746478874 0.15707235822505455 0.6041377372214508
0 0.15845070422535212 0.5563380281690141 0.18566969599285857 0.6111758579646895
0 0.7425176056338029 0.5064553990610329 0.8443034693637175 0.5765807186625229
0 0.5972711267605634 0.5064553990610329 0.7396138771449118 0.5783412820428045
