0 0.2363556338028169 0.4272300469483568 0.3154769561470938 0.6241624236813683
0 0.4471830985915493 0.7758215962441315 0.5169686694108312 0.9737231093918755
0 0.11179577464788733 0.4284037558685446 0.22574304763439793 0.6265091527254292
0 0.3956866197183099 0.20422535211267606 0.4883821801849831 0.4194810884083846
0 0.4925176056338028 0.19718309859154928 0.5908923778144217 0.41655094888580313
0 0.690580985915493 0.18544600938967137 0.7831467513266217 0.4130367100883863
0 0.30809859154929575 0.2136150234741784 0.3854277735072406 0.4159544512773039
0 0.6025528169014085 0.1954225352112676 0.6819531017531244 0.41772569100046286
0 0.4141725352112676 0.4213615023474178 0.5042191142010514 0.6218184498225661
0 0.21170774647887325 0.22241784037558684 0.29700188919609205 0.42709952004672797
0 0.7904929577464789 0.19718309859154928 0.8874161562685975 0.41479038550552144
0 0.5017605633802817 0.4213615023474178 0.595729858906963 0.6200578864422843
0 0.30985915492957744 0.42018779342723006 0.41095516762547113 0.626513974299632
0 0.0030809859154929575 0.2130281690140845 0.10035075660831184 0.4265181759571513
0 0.6932218309859155 0.414906103286385 0.7853462932081928 0.6165405480614518
0 0.883362676056338 0.42488262910798125 0.9767238720615948 0.6200558200533404
0 0.8142605633802817 0.687206572769953 0.896208512075977 0.8822258177389847
0 0.08758802816901408 0.198943661971831 0.2063875052692918 0.42828700489320903
0 0.5959507042253521 0.42018779342723006 0.6903186836689149 0.6200585752385991
0 0.519806338028169 0.6754694835680751 0.5957219162244594 0.8165050061716149
0 0.33846830985915494 0.6854460093896714 0.4250270826100972 0.8611000903700765
0 0.08098591549295775 0.6936619718309859 0.1729397069033922 0.8528793063545592
0 0.18265845070422534 0.7018779342723005 0.25124002709035903 0.8763486631841125
0 0.7420774647887324 0.6742957746478874 0.8042508461862725 0.8235479484890564
0 0.8956866197183099 0.21009389671361503 0.9908029548328705 0.42475933456765635
0 0.9942781690140845 0.6883802816901409 0.999 0.9080467251868016
0 0.9071302816901409 0.6813380281690141 0.9740725658971434 0.9039428767440323
0 0.7918133802816901 0.42018779342723006 0.8794930398854395 0.614776885097754
0 0.999 0.18661971830985916 0.999 0.39953836870991205
0 0.999 0.4096244131455399 0.999 0.6165436476448676
0 0.988556338028169 0.3937793427230047 0.999 0.5872102233904208
0 0.269806338028169 0.8497652582159625 0.3528742049568538 0.999
0 0.5171654929577465 0.8515258215962441 0.5988040644837334 0.999
0 0.6091549295774648 0.8415492957746479 0.6845910409640944 0.999
0 0.7838908450704225 0.8615023474178404 0.8794965269167824 0.999
0 0.19102112676056338 0.8615023474178404 0.27632437450406666 0.999
0 0.10431338028169014 0.8632629107981221 0.19229563671642533 0.999
0 0.9599471830985915 0.897887323943662 0.999 0.999
0 0.999 0.8656103286384976 0.999 0.999
0 0.8811619718309859 0.8632629107981221 0.9661614603997224 0.999
0 0.7411971830985915 0.8221830985915493 0.7976491209581432 0.9907146812801693
0 0.014964788732394365 0.431924882629108 0.12763425845566356 0.6253333774162975
0 0.34903169014084506 0.8585680751173709 0.43162454591102956 0.999
0 0.5972711267605634 0.664906103286385 0.638821623623785 0.7748445386717804
0 0.999 0.687206572769953 0.999 0.8699018740770129
