0 0.1580105633802817 0.5938967136150235 0.3163917207027376 0.6950740042760475
0 0.6346830985915493 0.289906103286385 0.835107973988296 0.3601585058079305
0 0.5140845070422535 0.5927230046948356 0.6881540121007736 0.6939009841521744
0 0.3389084507042254 0.4994131455399061 0.4967698466326126 0.587148231722101
0 0.636443661971831 0.20481220657276994 0.8188219878248364 0.2798093825078798
0 0.7051056338028169 0.590962441314554 0.8768903584358263 0.6874466182856135
0 0.32526408450704225 0.5892018779342723 0.49105402108956553 0.690381923780555
0 0.35827464788732394 0.4137323943661972 0.500282449538782 0.48860696455729685
0 0.7130281690140845 0.48532863849765256 0.8883305333763143 0.5853959338975953
0 0.5206866197183099 0.4724178403755869 0.6947532189173775 0.5824692383565871
0 0.15316901408450703 0.49119718309859156 0.3256368094128149 0.5824582176155525
0 0.2830105633802817 0.2658450704225352 0.3951219143647094 0.35547779045162997
0 0.5673415492957746 0.7664319248826291 0.6555601489659789 0.8804187606074633
0 0.4194542253521127 0.7599765258215962 0.505977352893771 0.8833568212876634
0 0.28213028169014087 0.058098591549295774 0.3938018792774251 0.15489548204721285
0 0.28125 0.767018779342723 0.36915437940140844 0.8915686509510898
0 0.39920774647887325 0.16314553990610328 0.5178700670129934 0.25694651083338843
0 0.2869718309859155 0.15845070422535212 0.3951201708490379 0.2587098293989288
0 0.704225352112676 0.42018779342723006 0.875570323348542 0.47275810575503097
0 0.4097711267605634 0.2576291079812207 0.5059816148209682 0.35254833972536315
0 0.5154049295774648 0.16490610328638497 0.6208118816331085 0.2645745856201371
0 0.003961267605633803 0.5862676056338029 0.13820248183644118 0.6845151011704027
0 0.002640845070422535 0.49002347417840375 0.14392489399424718 0.5795246341113977
0 0.41329225352112675 0.062206572769953054 0.5200645720715136 0.157827343560581
0 0.8595950704225352 0.2904929577464789 0.9925794035781591 0.3648529970905244
0 0.8547535211267606 0.1977699530516432 0.9934618162318983 0.2798135152857678
0 0.12764084507042253 0.9248826291079812 0.26886987638861337 0.9947623928232935
0 0.5677816901408451 0.886150234741784 0.6590810820025789 0.9930245597213957
0 0.13996478873239437 0.823943661971831 0.2578609309908748 0.9120751504331152
0 0.4220950704225352 0.8908450704225352 0.5094973173105535 0.9947823679164187
0 0.5189260563380281 0.2711267605633803 0.6159687825456259 0.355474690868214
0 0.889524647887324 0.6062206572769953 0.9925662303486411 0.6874376639335229
0 0.0048415492957746475 0.9072769953051644 0.11883589720541561 0.999
0 0.27596830985915494 0.8873239436619719 0.36035388718756195 0.9959581432255504
0 0.017605633802816902 0.789906103286385 0.13203450456258678 0.863386205338447
