0 0.07064260563380281 0.0619131455399061 0.1034330985915493 0.11913145539906103
0 0.1993838028169014 0.07394366197183098 0.08450704225352113 0.07042253521126761
0 0.2847711267605634 0.07130281690140845 0.0818661971830986 0.08274647887323944
0 0.3710387323943662 0.06426056338028169 0.08274647887323944 0.0897887323943662
0 0.4414612676056338 0.06426056338028169 0.0528169014084507 0.09683098591549295
0 0.07108274647887323 0.20334507042253522 0.09463028169014084 0.11913145539906103
0 0.1637323943661972 0.198943661971831 0.0880281690140845 0.11032863849765258
0 0.2596830985915493 0.19630281690140844 0.09595070422535211 0.11208920187793427
0 0.35651408450704225 0.1936619718309859 0.09330985915492958 0.11737089201877934
0 0.4368397887323944 0.1892605633802817 0.06470070422535211 0.11913145539906103
0 0.5644806338028169 0.05134976525821596 0.09463028169014084 0.10152582159624413
0 0.6595510563380281 0.053110328638497656 0.09286971830985916 0.10152582159624413
0 0.5638204225352113 0.20246478873239437 0.0880281690140845 0.142018779342723
0 0.6564700704225352 0.2056924882629108 0.09463028169014084 0.1449530516431925
0 0.7552816901408451 0.2074530516431925 0.09595070422535211 0.1414319248826291
0 0.8595950704225352 0.0721830985915493 0.0994718309859155 0.12910798122065728
0 0.8589348591549296 0.21009389671361503 0.10079225352112677 0.13262910798122066
0 0.9586267605633803 0.21097417840375587 0.10387323943661972 0.1449530516431925
0 0.9819542253521126 0.08597417840375587 0.0625 0.10152582159624413
0 1.0609595070422535 0.07541079812206573 0.10607394366197183 0.12969483568075119
0 1.0609595070422535 0.21097417840375587 0.10079225352112677 0.1414319248826291
0 0.028389084507042254 0.443075117370892 0.053257042253521125 0.13262910798122066
0 0.12764084507042253 0.43984741784037557 0.08538732394366197 0.12265258215962441
0 0.1949823943661972 0.44160798122065725 0.04665492957746479 0.12969483568075119
0 0.2673855633802817 0.45011737089201875 0.09286971830985916 0.13262910798122066
0 0.35981514084507044 0.4518779342723005 0.08670774647887323 0.12910798122065728
0 0.02464788732394366 0.5830399061032864 0.040492957746478875 0.13321596244131456
0 0.08890845070422536 0.5830399061032864 0.0880281690140845 0.12969483568075119
0 0.1797975352112676 0.5821596244131455 0.09198943661971831 0.13145539906103287
0 0.2691461267605634 0.5897887323943662 0.09198943661971831 0.13262910798122066
0 0.36311619718309857 0.5880281690140845 0.09066901408450705 0.1396713615023474
0 0.5682218309859155 0.4421948356807512 0.07658450704225352 0.1414319248826291
0 0.6564700704225352 0.4421948356807512 0.09198943661971831 0.1449530516431925
0 0.6544894366197183 0.585387323943662 0.10123239436619719 0.1414319248826291
0 0.7539612676056338 0.42928403755868544 0.09066901408450705 0.10504694835680752
0 0.7526408450704225 0.5580985915492958 0.0880281690140845 0.11032863849765258
0 0.8485915492957746 0.44835680751173707 0.09859154929577464 0.1431924882629108
0 0.8459507042253521 0.5874413145539906 0.09859154929577464 0.13497652582159625
0 0.9465228873239436 0.4536384976525822 0.08934859154929578 0.13615023474178403
0 0.9445422535211268 0.5933098591549296 0.09330985915492958 0.13615023474178403
0 1.044674295774648 0.454518779342723 0.09991197183098592 0.13791079812206572
0 1.0400528169014085 0.5933098591549296 0.09330985915492958 0.1255868544600939
0 1.1190580985915493 0.5933098591549296 0.04357394366197183 0.1396713615023474
0 1.1183978873239437 0.4480633802816901 0.0448943661971831 0.13204225352112675
0 0.040713028169014086 0.7494131455399061 0.07790492957746478 0.11032863849765258
0 0.018705985915492957 0.8723591549295775 0.03389084507042254 0.08626760563380281
0 0.08428697183098592 0.8653169014084507 0.0840669014084507 0.07922535211267606
0 0.17231514084507044 0.8661971830985915 0.09198943661971831 0.07394366197183098
0 0.21941021126760563 0.7488262910798122 0.07526408450704225 0.09507042253521127
0 0.2623239436619718 0.8670774647887324 0.08274647887323944 0.0721830985915493
0 0.3516725352112676 0.8928990610328639 0.0880281690140845 0.11091549295774648
0 0.025308098591549297 1.010856807511737 0.03917253521126761 0.12265258215962441
0 0.09308978873239436 1.005281690140845 0.08934859154929578 0.11737089201877934
0 0.18045774647887325 1.0143779342723005 0.0880281690140845 0.11208920187793427
0 0.26870598591549294 1.0143779342723005 0.08054577464788733 0.10856807511737089
0 0.3494718309859155 1.0190727699530517 0.06602112676056338 0.08626760563380281
0 0.6357834507042254 0.9169600938967136 0.09198943661971831 0.13791079812206572
0 0.6351232394366197 1.0463615023474178 0.09066901408450705 0.12793427230046947
0 0.7224911971830986 0.772887323943662 0.08670774647887323 0.11619718309859155
0 0.804137323943662 0.7658450704225352 0.06602112676056338 0.09859154929577464
0 0.7321742957746479 0.9240023474178404 0.09815140845070422 0.1414319248826291
0 0.8694982394366197 0.7652582159624414 0.06470070422535211 0.10328638497652583
0 0.9423415492957746 0.7532276995305164 0.06866197183098592 0.08274647887323944
0 0.8122799295774648 0.9075704225352113 0.06470070422535211 0.12969483568075119
0 0.7279929577464789 1.056924882629108 0.0880281690140845 0.12793427230046947
0 0.8076584507042254 1.03462441314554 0.06073943661971831 0.11384976525821597
0 0.8912852112676056 0.9187206572769953 0.09066901408450705 0.14847417840375587
0 0.8893045774647887 1.0490023474178405 0.08934859154929578 0.12617370892018778
0 0.9623679577464789 0.8791079812206573 0.06205985915492958 0.11384976525821597
0 0.9786531690140845 1.0316901408450705 0.08670774647887323 0.1467136150234742
0 1.0389524647887325 0.8782276995305164 0.08054577464788733 0.12617370892018778
0 1.0653609154929577 1.033450704225352 0.09198943661971831 0.1467136150234742
0 1.126100352112676 0.8999413145539906 0.02948943661971831 0.13556338028169015
