0 0.04467429577464789 0.9448356807511737 0.04621478873239437 0.12089201877934272
0 0.013424295774647887 1.0472417840375587 0.023327464788732395 0.10504694835680752
0 0.04709507042253521 1.0604460093896713 0.04401408450704225 0.11384976525821597
0 0.09507042253521127 1.0648474178403755 0.05457746478873239 0.11561032863849766
0 0.14766725352112675 1.0730633802816902 0.058538732394366196 0.12617370892018778
0 0.2070862676056338 1.0809859154929577 0.053257042253521125 0.11384976525821597
0 0.25704225352112675 1.0836267605633803 0.05193661971830986 0.10504694835680752
0 0.3131602112676056 1.0868544600938967 0.05501760563380282 0.107981220657277
0 0.37411971830985913 1.0886150234741785 0.06073943661971831 0.10211267605633803
0 0.4258362676056338 1.0868544600938967 0.042693661971830985 0.107981220657277
0 0.4707306338028169 1.0859741784037558 0.04181338028169014 0.10974178403755869
0 0.5259683098591549 1.0936032863849765 0.05897887323943662 0.09448356807511737
0 0.5851672535211268 0.9815140845070423 0.0682218309859155 0.11561032863849766
0 0.5856073943661971 1.0927230046948357 0.05677816901408451 0.09624413145539906
0 0.6465669014084507 0.9867957746478874 0.05721830985915493 0.12617370892018778
0 0.6419454225352113 1.09712441314554 0.05765845070422535 0.08744131455399061
0 0.7015845070422535 1.0927230046948357 0.058098591549295774 0.09624413145539906
0 0.7629841549295775 1.0067488262910798 0.06205985915492958 0.08626760563380281
0 0.7643045774647887 1.0947769953051643 0.05941901408450704 0.0897887323943662
0 0.8199823943661971 0.9920774647887324 0.04401408450704225 0.11561032863849766
0 0.8173415492957746 1.09712441314554 0.04841549295774648 0.08744131455399061
0 0.8776408450704225 1.0143779342723005 0.06602112676056338 0.10504694835680752
0 0.8774207746478874 1.107394366197183 0.06029929577464789 0.06690140845070422
0 1.0189260563380282 1.0267018779342723 0.058098591549295774 0.11913145539906103
0 1.0849471830985915 1.0258215962441315 0.058098591549295774 0.1068075117370892
0 0.017605633802816902 0.7599765258215962 0.03345070422535211 0.11384976525821597
0 0.022007042253521125 0.6270539906103286 0.040492957746478875 0.08274647887323944
0 0.0957306338028169 0.9439553990610329 0.053257042253521125 0.11561032863849766
0 0.14568661971830985 0.9556924882629108 0.05721830985915493 0.11208920187793427
0 0.203125 0.9618544600938967 0.050616197183098594 0.11737089201877934
0 0.2557218309859155 0.9697769953051644 0.05721830985915493 0.11913145539906103
0 0.3164612676056338 0.9750586854460094 0.05721830985915493 0.11561032863849766
0 0.3727992957746479 0.9809272300469484 0.05017605633802817 0.11091549295774648
0 0.42319542253521125 0.9756455399061033 0.04533450704225352 0.10035211267605634
0 0.5204665492957746 0.9791666666666666 0.061179577464788734 0.1238262910798122
0 0.47755281690140844 0.9618544600938967 0.027288732394366196 0.11032863849765258
0 0.053036971830985914 0.7608568075117371 0.04005281690140845 0.10856807511737089
0 0.1034330985915493 0.7634976525821596 0.06338028169014084 0.11737089201877934
0 0.1800176056338028 0.7687793427230047 0.058098591549295774 0.11384976525821597
0 0.23503521126760563 0.7737676056338029 0.04929577464788732 0.11091549295774648
0 0.29005281690140844 0.772887323943662 0.06073943661971831 0.12206572769953052
0 0.06800176056338028 0.6226525821596244 0.04621478873239437 0.0880281690140845
0 0.1190580985915493 0.625293427230047 0.055897887323943664 0.0897887323943662
0 0.1780369718309859 0.6288145539906104 0.05941901408450704 0.08626760563380281
0 0.24273767605633803 0.6487676056338029 0.06470070422535211 0.11913145539906103
0 0.34749119718309857 0.6596244131455399 0.05941901408450704 0.12089201877934272
0 0.40713028169014087 0.6640258215962441 0.05457746478873239 0.12265258215962441
0 0.4680897887323944 0.6684272300469484 0.06734154929577464 0.12793427230046947
0 0.5908890845070423 0.6719483568075117 0.05941901408450704 0.11032863849765258
0 0.3534330985915493 0.7796361502347418 0.05545774647887324 0.11561032863849766
0 0.4097711267605634 0.7875586854460094 0.05457746478873239 0.13145539906103287
0 0.4647887323943662 0.7919600938967136 0.058098591549295774 0.11208920187793427
0 0.528169014084507 0.7937206572769953 0.06338028169014084 0.11208920187793427
0 0.5941901408450704 0.8031103286384976 0.058098591549295774 0.1238262910798122
0 0.6516285211267606 0.8028169014084507 0.06470070422535211 0.11737089201877934
0 0.6439260563380281 0.6540492957746479 0.04401408450704225 0.11913145539906103
0 0.7108274647887324 0.6693075117370892 0.058098591549295774 0.12617370892018778
0 0.7119278169014085 0.8022300469483568 0.047975352112676055 0.13615023474178403
0 0.7755281690140845 0.676349765258216 0.06602112676056338 0.12969483568075119
0 0.772887323943662 0.8125 0.06338028169014084 0.12617370892018778
0 0.8499119718309859 0.676349765258216 0.05457746478873239 0.11208920187793427
0 0.8428697183098591 0.8080985915492958 0.06338028169014084 0.12793427230046947
0 0.9088908450704225 0.6772300469483568 0.058098591549295774 0.13145539906103287
0 0.9055897887323944 0.8101525821596244 0.05677816901408451 0.13438967136150234
0 1.010343309859155 0.6848591549295775 0.03389084507042254 0.11854460093896714
0 1.0059419014084507 0.8160211267605634 0.02948943661971831 0.12969483568075119
0 1.0596390845070423 0.8048708920187794 0.06205985915492958 0.1414319248826291
0 1.1183978873239437 0.6854460093896714 0.0448943661971831 0.13380281690140844
0 1.1190580985915493 0.8169014084507042 0.04357394366197183 0.11737089201877934
0 0.02266725352112676 0.4647887323943662 0.03653169014084507 0.0892018779342723
0 0.07724471830985916 0.4621478873239437 0.06470070422535211 0.08157276995305164
0 0.14744718309859156 0.4665492957746479 0.06602112676056338 0.08333333333333333
0 0.22029049295774647 0.4621478873239437 0.042693661971830985 0.08157276995305164
0 0.27266725352112675 0.4671361502347418 0.06470070422535211 0.08450704225352113
0 0.36641725352112675 0.471537558685446 0.07086267605633803 0.08626760563380281
0 0.4434419014084507 0.4688967136150235 0.06998239436619719 0.08450704225352113
0 0.5217869718309859 0.4680164319248826 0.07350352112676056 0.08274647887323944
0 0.613556338028169 0.4706572769953052 0.07394366197183098 0.08098591549295775
0 0.6921214788732394 0.4794600938967136 0.06998239436619719 0.09859154929577464
0 0.7722271126760564 0.4794600938967136 0.07526408450704225 0.09154929577464789
0 0.8499119718309859 0.4750586854460094 0.0721830985915493 0.10035211267605634
0 0.9126320422535211 0.46919014084507044 0.050616197183098594 0.10856807511737089
0 1.0466549295774648 0.48210093896713613 0.07746478873239436 0.10387323943661972
0 1.119718309859155 0.4850352112676056 0.04225352112676056 0.09917840375586855
0 1.0435739436619718 0.27582159624413144 0.07130281690140845 0.1056338028169014
0 1.1120158450704225 0.28550469483568075 0.050616197183098594 0.09330985915492958
0 1.099031690140845 0.06631455399061033 0.08362676056338028 0.10093896713615023
0 0.028389084507042254 0.29284037558685444 0.050616197183098594 0.09507042253521127
0 0.10497359154929578 0.28550469483568075 0.050616197183098594 0.09330985915492958
0 0.1643926056338028 0.2793427230046948 0.058538732394366196 0.07394366197183098
0 0.24647887323943662 0.2869718309859155 0.03873239436619718 0.08333333333333333
0 0.3028169014084507 0.2793427230046948 0.06073943661971831 0.0880281690140845
0 0.38974471830985913 0.2775821596244131 0.058538732394366196 0.0880281690140845
0 0.4764524647887324 0.2828638497652582 0.07086267605633803 0.09154929577464789
0 0.5587588028169014 0.27582159624413144 0.06734154929577464 0.09154929577464789
0 0.6459066901408451 0.2819835680751174 0.07878521126760564 0.09683098591549295
0 0.7268926056338029 0.2767018779342723 0.07526408450704225 0.1073943661971831
0 0.8129401408450704 0.2790492957746479 0.0818661971830986 0.11561032863849766
0 0.9080105633802817 0.2767018779342723 0.0801056338028169 0.09330985915492958
0 0.04731514084507042 0.10856807511737089 0.03917253521126761 0.08450704225352113
0 0.10277288732394366 0.10856807511737089 0.06734154929577464 0.09154929577464789
0 0.18441901408450703 0.09624413145539906 0.05721830985915493 0.08450704225352113
0 0.24471830985915494 0.08392018779342723 0.06338028169014084 0.0880281690140845
0 0.320862676056338 0.09448356807511737 0.06602112676056338 0.08098591549295775
0 0.40008802816901406 0.08949530516431925 0.07658450704225352 0.0710093896713615
0 0.4920774647887324 0.08744131455399061 0.06866197183098592 0.08450704225352113
0 0.5638204225352113 0.0818661971830986 0.06954225352112677 0.08626760563380281
0 0.6511883802816901 0.08245305164319248 0.07350352112676056 0.08509389671361503
0 0.7295334507042254 0.07570422535211267 0.07526408450704225 0.10211267605633803
0 0.8162411971830986 0.06866197183098592 0.08054577464788733 0.10915492957746478
0 0.9066901408450704 0.07130281690140845 0.08538732394366197 0.09683098591549295
