0 0.06910211267605634 0.39906103286384975 0.2609731064644912 0.6752352928210893
0 0.9132922535211268 0.05575117370892019 0.999 0.3937466248980581
0 0.4630281690140845 0.4043427230046948 0.6762926812636382 0.7268753857259362
0 0.7037852112676056 0.4424882629107981 0.8949367142556041 0.685186333179043
0 0.258362676056338 0.4213615023474178 0.46159403051229914 0.7010438019352421
0 0.15845070422535212 0.002347417840375587 0.4057401185280698 0.34389533602239414
0 0.49383802816901406 0.005868544600938967 0.7097298248115453 0.35269608653485857
0 0.0022007042253521128 0.01056338028169014 0.13160114405623885 0.3251111717251868
0 0.7438380281690141 0.04870892018779343 0.9195669726988692 0.37321085157265976
0 0.9066901408450704 0.4612676056338028 0.999 0.7321236692455201
0 0.4044894366197183 0.7822769953051644 0.6877621085226145 0.999
0 0.7284330985915493 0.886150234741784 0.999 0.999
