0 0.19234154929577466 0.09800469483568075 0.22799295774647887 0.16784037558685447
0 0.429137323943662 0.09272300469483569 0.23327464788732394 0.1572769953051643
0 0.6685739436619719 0.08245305164319248 0.22799295774647887 0.15669014084507044
0 0.8576144366197183 0.08597417840375587 0.1368838028169014 0.15669014084507044
0 0.10299295774647887 0.5580985915492958 0.07746478873239436 0.3345070422535211
0 0.20576584507042253 0.5528169014084507 0.12015845070422536 0.33098591549295775
0 0.328125 0.5492957746478874 0.1192781690140845 0.3415492957746479
0 0.4324383802816901 0.5554577464788732 0.08142605633802817 0.3163145539906103
0 0.5184859154929577 0.5519366197183099 0.08274647887323944 0.3198356807511737
0 0.6232394366197183 0.625293427230047 0.1267605633802817 0.16960093896713616
0 0.738556338028169 0.4794600938967136 0.11619718309859155 0.1255868544600939
0 0.7495598591549296 0.625293427230047 0.12323943661971831 0.16607981220657278
0 0.8646566901408451 0.46566901408450706 0.12544014084507044 0.15316901408450703
0 0.8732394366197183 0.6235328638497653 0.12411971830985916 0.15199530516431925
0 0.15735035211267606 0.988849765258216 0.1192781690140845 0.20539906103286384
0 0.2777288732394366 0.9818075117370892 0.11883802816901408 0.20539906103286384
0 0.43309859154929575 1.0014671361502347 0.16285211267605634 0.14847417840375587
0 0.6071742957746479 0.999706572769953 0.17209507042253522 0.159037558685446
0 0.7502200704225352 0.9991197183098591 0.10871478873239436 0.1637323943661972
0 0.8688380281690141 0.9973591549295775 0.11003521126760564 0.1602112676056338
0 0.31139964788732394 0.8262910798122066 0.09815140845070422 0.0880281690140845
0 0.49317781690140844 0.8245305164319249 0.13336267605633803 0.09859154929577464
0 1.0783450704225352 0.45686619718309857 0.10475352112676056 0.11208920187793427
0 1.0944102112676057 0.5730633802816901 0.09286971830985916 0.10974178403755869
0 1.0963908450704225 0.8130868544600939 0.08890845070422536 0.1238262910798122
