0 0.3884242957746479 0.3403755868544601 0.21346830985915494 0.289906103286385
0 0.5204665492957746 0.7071596244131455 0.2055457746478873 0.2605633802816901
0 0.7315140845070423 0.6942488262910798 0.18485915492957747 0.24178403755868544
0 0.710387323943662 0.3221830985915493 0.20246478873239437 0.31572769953051644
0 0.16175176056338028 0.340962441314554 0.21875 0.27582159624413144
0 0.965669014084507 0.7191901408450704 0.15140845070422534 0.2634976525821596
0 0.2363556338028169 0.7356220657276995 0.22799295774647887 0.2975352112676056
0 0.5224471830985915 0.05252347417840376 0.22535211267605634 0.0897887323943662
0 1.0048415492957747 0.4063967136150235 0.19982394366197184 0.2130281690140845
0 0.27420774647887325 1.0689553990610328 0.3230633802816901 0.1437793427230047
0 0.5935299295774648 1.0539906103286385 0.25132042253521125 0.15610328638497653
0 0.056117957746478875 1.023180751173709 0.10431338028169014 0.1637323943661972
0 1.0057218309859155 1.0871478873239437 0.2579225352112676 0.10504694835680752
0 1.0746038732394365 0.8207159624413145 0.1324823943661972 0.18251173708920188
0 0.762544014084507 1.0522300469483568 0.09198943661971831 0.1467136150234742
