0 0.04841549295774648 0.11267605633802817 0.15094700022317 0.2593235469152946
0 0.15360915492957747 0.11267605633802817 0.26577746075927394 0.2593235469152946
0 0.10431338028169014 0.29401408450704225 0.21826394657558026 0.45933449877669774
0 0.21963028169014084 0.2904929577464789 0.34101248667179135 0.45933656516564175
0 0.2671654929577465 0.11267605633802817 0.33967114194852216 0.26108411029557627
0 0.33846830985915494 0.12147887323943662 0.4575975051453085 0.2939427940884745
0 0.34242957746478875 0.29225352112676056 0.462877451770482 0.4628566587317331
0 0.4590669014084507 0.1267605633802817 0.5763824529483237 0.2992213846459036
0 0.4630281690140845 0.301056338028169 0.580341977038286 0.46285149275937315
0 0.5845070422535211 0.2992957746478873 0.6995666782384448 0.47693703299609863
0 0.5884683098591549 0.11795774647887323 0.7008853572579845 0.2816209168154467
0 0.7024647887323944 0.12323943661971831 0.8183527883852411 0.2992234510348476
0 0.7011443661971831 0.3028169014084507 0.8135118202613568 0.47341383984659124
0 0.8279049295774648 0.13145539906103287 0.9569419432528268 0.316237408803368
0 0.8173415492957746 0.31103286384976525 0.9322987053040072 0.4734090182723887
0 0.9432218309859155 0.31103286384976525 0.999 0.4798644173334215
0 0.9599471830985915 0.13497652582159625 0.999 0.28865318279001084
0 0.999 0.13497652582159625 0.999 0.30273768983226435
0 0.999 0.3039906103286385 0.999 0.4493521181864269
0 0.0017605633802816902 0.5715962441314554 0.05897809834358262 0.6956739458661201
0 0.0017605633802816902 0.7012910798122066 0.07438302792104741 0.8182504160329741
0 0.0008802816901408451 0.829225352112676 0.08626721818587582 0.9408279193943001
0 0.06029929577464789 0.5633802816901409 0.16502627671840905 0.7027210209614495
0 0.07570422535211267 0.7136150234741784 0.18042442595715136 0.835261963014393
0 0.08758802816901408 0.8374413145539906 0.1949438432974608 0.9560813137825387
0 0.18045774647887325 0.6408450704225352 0.2697269112031343 0.7666426965549163
0 0.19102112676056338 0.7705399061032864 0.27500395196885535 0.8874586033414886
0 0.2671654929577465 0.6390845070422535 0.36695987434288835 0.7783808189512662
0 0.2764084507042254 0.7822769953051644 0.3682762286748661 0.8892122787586237
0 0.3617957746478873 0.5856807511737089 0.4663900546766515 0.6663229573056493
0 0.3683978873239437 0.664906103286385 0.4650667262819877 0.7836473555731888
0 0.36971830985915494 0.7910798122065728 0.46770699018051975 0.9009442019881416
0 0.4639084507042254 0.5375586854460094 0.5609753924072605 0.6575483810531421
0 0.4705105633802817 0.6631455399061033 0.5570112189421742 0.7801272620070974
0 0.4925176056338028 0.8186619718309859 0.5970543496454077 0.9666557148052635
0 0.5950704225352113 0.710093896713615 0.7057240006943067 0.8716490059291586
0 0.5950704225352113 0.8755868544600939 0.695600761257687 0.9889227776675703
0 0.6892605633802817 0.545774647887324 0.7875487409492165 0.6645858130000661
0 0.695862676056338 0.6578638497652582 0.787545835089764 0.7818909249707949
0 0.7024647887323944 0.846244131455399 0.7963457461317199 0.9871794341951552
0 0.8252640845070423 0.6115023474178404 0.9309747957374529 0.7560965361810928
0 0.8111795774647887 0.7341549295774648 0.9168964878620314 0.8769165757455532
0 0.8019366197183099 0.8685446009389671 0.907657598318786 0.999
0 0.9392605633802817 0.5991784037558685 0.999 0.7649065854438053
0 0.9251760563380281 0.7634976525821596 0.999 0.8939181351804095
0 0.9106514084507042 0.8896713615023474 0.999 0.999
0 0.999 0.596244131455399 0.999 0.7338050210496153
0 0.999 0.7429577464788732 0.999 0.8751508463929115
0 0.999 0.8667840375586855 0.999 0.9977307605413388
