0 0.05677816901408451 0.3274647887323944 0.11267605633802817 0.2746478873239437
0 0.8455105633802817 0.6945422535211268 0.2420774647887324 0.38321596244131456
0 0.3287852112676056 0.3089788732394366 0.2112676056338028 0.29401408450704225
0 0.5598591549295775 0.693368544600939 0.22007042253521128 0.36795774647887325
0 0.352112676056338 0.6745892018779343 0.18485915492957747 0.30927230046948356
0 0.16967429577464788 0.7664319248826291 0.16153169014084506 0.09624413145539906
0 0.5464348591549296 0.3060446009389671 0.18529929577464788 0.3174882629107981
0 0.1657130281690141 0.6428990610328639 0.1131161971830986 0.14964788732394366
0 0.1775968309859155 0.30985915492957744 0.11223591549295775 0.2981220657276995
0 1.0660211267605635 0.6983568075117371 0.14524647887323944 0.3028169014084507
0 0.8378080985915493 0.29107981220657275 0.20026408450704225 0.32629107981220656
0 1.0402728873239437 0.29225352112676056 0.19410211267605634 0.33098591549295775
0 0.3457306338028169 1.0375586854460095 0.2108274647887324 0.20657276995305165
0 0.5724031690140845 1.033450704225352 0.1800176056338028 0.20187793427230047
0 0.8558538732394366 1.039612676056338 0.17737676056338028 0.20011737089201878
0 1.0578785211267605 1.0425469483568075 0.16153169014084506 0.18016431924882628
