0 0.3710387323943662 0.05575117370892019 0.497635986473418 0.28693911316096893
0 0.5105633802816901 0.11443661971830986 0.6036485196389606 0.28690467334523573
0 0.6157570422535211 0.17312206572769953 0.7008733463722475 0.3056495762525072
0 0.3283450704225352 0.4284037558685446 0.4188695664302718 0.644114786528246
0 0.42649647887323944 0.4301643192488263 0.4883686195075381 0.6476348800943376
0 0.4951584507042254 0.42664319248826293 0.598373609836838 0.6593740356851595
0 0.6131161971830986 0.4061032863849765 0.7123181706878596 0.6529306905596333
0 0.7306338028169014 0.477112676056338 0.7549601083614361 0.6546495817628778
0 0.7605633802816901 0.48884976525821594 0.7861969351319184 0.6575769661002006
0 0.7891725352112676 0.49413145539906106 0.8169942022292204 0.6558133031365029
0 0.8305457746478874 0.3767605633802817 0.9208492316132713 0.5819385207961384
0 0.926056338028169 0.4507042253521127 0.999 0.6458622627785492
0 0.3657570422535211 0.7183098591549296 0.5077615505975996 0.9925362031342987
0 0.5118838028169014 0.7687793427230047 0.5948451215656615 0.981943204611078
0 0.5985915492957746 0.8204225352112676 0.6889970987899225 0.9736969351319182
0 0.6919014084507042 0.7253521126760564 0.8082341983237452 0.9772738543939694
0 0.9445422535211268 0.7288732394366197 0.999 0.9614267175824903
