0 0.7535211267605634 0.8661971830985915 0.10211267605633803 0.505868544600939
0 0.8835827464788732 0.8720657276995305 0.1192781690140845 0.5176056338028169
0 0.9826144366197183 0.9178403755868545 0.10519366197183098 0.36384976525821594
0 1.0836267605633803 0.8996478873239436 0.10211267605633803 0.3967136150234742
0 1.0389524647887325 0.5639671361502347 0.14216549295774647 0.30164319248826293
0 0.8111795774647887 0.48444835680751175 0.03609154929577465 0.2881455399061033
0 0.41307218309859156 0.47681924882629106 0.0761443661971831 0.3902582159624413
0 0.4984595070422535 0.3421361502347418 0.053257042253521125 0.29694835680751175
0 0.565580985915493 0.3438967136150235 0.07130281690140845 0.3075117370892019
0 1.060299295774648 0.07570422535211267 0.07922535211267606 0.13615023474178403
