0 0.005721830985915493 0.004107981220657277 0.06777917172931958 0.2940116737199409
0 0.06910211267605634 0.007629107981220657 0.14301535998561793 0.3028124242324054
0 0.19234154929577466 0.005868544600938967 0.26972168065611984 0.2957712039057506
0 0.2737676056338028 0.004107981220657277 0.3343865459482246 0.299293363860786
0 0.3371478873239437 0.002347417840375587 0.4069818891341004 0.30398923273600914
0 0.4225352112676056 0.01936619718309859 0.4729654334457449 0.29928440950869534
0 0.47579225352112675 0.009389671361502348 0.529720161860246 0.3010508276576517
0 0.5290492957746479 0.007629107981220657 0.5983586930916485 0.29929129747184197
0 0.6091549295774648 0.005868544600938967 0.6656649846260663 0.3039871663470652
0 0.0044014084507042256 0.4735915492957746 0.18441707684487205 0.7215530566025259
0 0.2671654929577465 0.4524647887323944 0.4431042405400714 0.7303682718375983
0 0.514524647887324 0.4354460093896714 0.6450200155599087 0.725096569243316
0 0.198943661971831 0.8098591549295775 0.36434905648680815 0.999
0 0.04357394366197183 0.9947183098591549 0.16019208893324738 0.999
0 0.06426056338028169 0.903169014084507 0.16106326559710374 0.9595638679494809
0 0.8926056338028169 0.6097417840375586 0.9916845925907558 0.8699473346337807
0 0.999 0.9325117370892019 0.999 0.999
0 0.999 0.6185446009389671 0.999 0.8200595395534396
0 0.9599471830985915 0.32335680751173707 0.999 0.5338477953007561
0 0.9225352112676056 0.03873239436619718 0.999 0.19363924155260198
