0 0.8829225352112676 0.7359154929577465 0.999 0.999
0 0.7838908450704225 0.13849765258215962 0.8737746959308669 0.3602473605325222
0 0.19190140845070422 0.15375586854460094 0.2978908884645904 0.4752618803588353
0 0.1932218309859155 0.585093896713615 0.3132952368701647 0.8417927852718816
0 0.3529929577464789 0.6109154929577465 0.41357702774747074 0.8546884298750248
0 0.4982394366197183 0.13849765258215962 0.5658018312338822 0.35320510701139546
0 0.891725352112676 0.125 0.999 0.4881895539906103
0 0.9555457746478874 0.596830985915493 0.999 0.9280535029425379
0 0.6628521126760564 0.9436619718309859 0.7893209277673081 0.999
0 0.09375 0.8603286384976526 0.14212422975352113 0.9854106052590976
0 0.03433098591549296 0.5029342723004695 0.18044263600972027 0.8183668226101523
