0 0.35079225352112675 0.7315140845070423 0.11795774647887323 0.5158450704225352
0 0.4795334507042254 0.7376760563380281 0.10607394366197183 0.5352112676056338
0 0.59375 0.7825704225352113 0.09066901408450705 0.3796948356807512
0 0.7055457746478874 0.7746478873239436 0.09419014084507042 0.3744131455399061
0 0.8789612676056338 0.7523474178403756 0.12588028169014084 0.4295774647887324
0 1.0299295774647887 0.7702464788732394 0.13732394366197184 0.41725352112676056
0 0.1230193661971831 0.23092723004694835 0.07350352112676056 0.29518779342723006
0 0.04665492957746479 0.2300469483568075 0.07658450704225352 0.3004694835680751
0 0.9469630281690141 0.30252347417840375 0.09551056338028169 0.3104460093896714
0 0.6058538732394366 0.4536384976525822 0.1307218309859155 0.32629107981220656
