0 0.8111795774647887 0.6781103286384976 0.09242957746478873 0.18603286384976525
0 0.3827024647887324 0.7860915492957746 0.10255281690140845 0.22359154929577466
0 0.19300176056338028 0.7549882629107981 0.08054577464788733 0.25880281690140844
0 0.2911531690140845 0.7943075117370892 0.08318661971830986 0.20833333333333334
0 0.9357394366197183 0.8025234741784038 0.09242957746478873 0.14847417840375587
0 0.5834066901408451 0.21801643192488263 0.09463028169014084 0.272887323943662
0 0.06558098591549295 0.7626173708920188 0.07746478873239436 0.29284037558685444
0 0.6694542253521126 0.7772887323943662 0.061619718309859156 0.1813380281690141
0 0.5933098591549296 0.7702464788732394 0.0528169014084507 0.13204225352112675
0 0.5052816901408451 0.7590962441314554 0.06426056338028169 0.1402582159624413
0 0.06734154929577464 0.6029929577464789 0.0528169014084507 0.12265258215962441
0 0.20796654929577466 0.6311619718309859 0.06998239436619719 0.18016431924882628
0 0.7407570422535211 0.641725352112676 0.05545774647887324 0.13791079812206572
0 0.9478433098591549 0.6399647887323944 0.09639084507042253 0.09330985915492958
0 0.11443661971830986 0.6150234741784038 0.04841549295774648 0.16901408450704225
0 0.11773767605633803 0.10328638497652583 0.20290492957746478 0.13615023474178403
0 1.0433538732394365 0.37910798122065725 0.11047535211267606 0.27699530516431925
0 0.9339788732394366 0.7397300469483568 0.09242957746478873 0.0698356807511737
0 0.8140404929577465 0.8497652582159625 0.10607394366197183 0.0880281690140845
0 0.19674295774647887 1.0384389671361502 0.1795774647887324 0.07453051643192488
0 0.17649647887323944 0.8154342723004695 0.040492957746478875 0.10269953051643192
0 0.26694542253521125 0.7963615023474179 0.06205985915492958 0.09976525821596244
0 0.37808098591549294 0.2828638497652582 0.0994718309859155 0.2711267605633803
0 0.10607394366197183 0.4354460093896714 0.19806338028169015 0.1068075117370892
0 0.9119718309859155 0.3459507042253521 0.1267605633802817 0.3210093896713615
0 0.7495598591549296 0.30164319248826293 0.1795774647887324 0.45774647887323944
