0 0.8085387323943662 0.6188380281690141 0.12235915492957747 0.232981220657277
0 0.8923855633802817 1.0041079812206573 0.09727112676056338 0.1795774647887324
0 0.8404489436619719 0.1467136150234742 0.08670774647887323 0.22535211267605634
0 0.41065140845070425 0.16696009389671362 0.07306338028169014 0.20011737089201878
0 0.4060299295774648 0.5933098591549296 0.07174295774647887 0.23591549295774647
0 0.5059419014084507 0.5701291079812206 0.0761443661971831 0.2634976525821596
0 0.6410651408450704 0.5924295774647887 0.10431338028169014 0.15316901408450703
0 0.748899647887324 0.153462441314554 0.047975352112676055 0.2822769953051643
0 0.058758802816901406 0.5988849765258216 0.061179577464788734 0.0897887323943662
0 0.32526408450704225 0.5765845070422535 0.056338028169014086 0.16960093896713616
0 0.05391725352112676 0.3427230046948357 0.08846830985915492 0.10915492957746478
0 0.046875 0.107981220657277 0.06029929577464789 0.1807511737089202
0 0.32724471830985913 0.14994131455399062 0.07174295774647887 0.12265258215962441
0 0.9493838028169014 0.6414319248826291 0.06602112676056338 0.23943661971830985
0 1.0453345070422535 0.6050469483568075 0.05897887323943662 0.21244131455399062
0 0.8043573943661971 0.14407276995305165 0.04357394366197183 0.20950704225352113
0 0.5116637323943662 0.8934859154929577 0.07350352112676056 0.20715962441314553
0 0.3338468309859155 1.0880281690140845 0.058538732394366196 0.08450704225352113
0 0.6505281690140845 0.983274647887324 0.1602112676056338 0.31514084507042256
0 0.07570422535211267 1.0768779342723005 0.12588028169014084 0.06807511737089202
0 0.24339788732394366 0.29284037558685444 0.0528169014084507 0.15023474178403756
0 0.11729753521126761 0.7937206572769953 0.18882042253521128 0.12617370892018778
0 0.7858714788732394 0.9480633802816901 0.09463028169014084 0.25528169014084506
0 1.0757042253521127 0.3785211267605634 0.10211267605633803 0.18309859154929578
