0 0.10827464788732394 0.24882629107981222 0.34898403404582423 0.48694317705922546
0 0.0030809859154929575 0.3286384976525822 0.11575568618577663 0.48865690229011
0 0.3516725352112676 0.27816901408450706 0.5636656370883754 0.3988977881372744
0 0.3397887323943662 0.375 0.5715934028466575 0.4768926056338028
0 0.5911091549295775 0.36795774647887325 0.740937011815612 0.4422723252661509
0 0.5999119718309859 0.32511737089201875 0.7189260950828208 0.36952751327999295
0 0.9392605633802817 0.14906103286384975 0.999 0.24521768718728645
0 0.9911971830985915 0.20774647887323944 0.999 0.2762865337565298
0 0.9973591549295775 0.2869718309859155 0.999 0.3630945000991867
0 0.9911971830985915 0.375 0.999 0.4604606807511737
0 0.0030809859154929575 0.6009389671361502 0.1663718833688752 0.7338022658643567
0 0.0008802816901408451 0.7511737089201878 0.10959468297460821 0.8939253675417136
0 0.12764084507042253 0.6408450704225352 0.3344508623041063 0.8581919923295642
0 0.33846830985915494 0.6666666666666666 0.5790763783847451 0.7783646322378717
0 0.3204225352112676 0.784037558685446 0.5636793914897837 0.9027088981463114
0 0.5805457746478874 0.7359154929577465 0.7963994076696093 0.8610704721285459
0 0.5911091549295775 0.6203051643192489 0.7770285611113866 0.7079693044810333
0 0.7953345070422535 0.6338028169014085 0.999 0.723219599285856
0 0.8006161971830986 0.7288732394366197 0.999 0.8405346988031476
0 0.08494718309859155 0.9823943661971831 0.3203851464863122 0.999
0 0.9740316901408451 0.999 0.999 0.999
