0 0.999 0.31161971830985913 0.999 0.5379626644845599
0 0.045774647887323945 0.2335680751173709 0.11617703580638764 0.44998030042540066
0 0.7002640845070423 0.3034037558685446 0.789744602075481 0.49688767385218985
0 0.8996478873239436 0.2887323943661972 0.9837589577960721 0.5602765654962639
0 0.13336267605633803 0.7235915492957746 0.21737087910384845 0.8634251223302254
0 0.31294014084507044 0.1449530516431925 0.41007352986758583 0.32914028576781507
0 0.2130281690140845 0.5833333333333334 0.3044837023903987 0.6851036776212833
0 0.3987676056338028 0.35093896713615025 0.5046660353848443 0.43876118605215014
0 0.6725352112676056 0.6467136150234741 0.7325384968260266 0.8482120225263947
0 0.41153169014084506 0.5956572769953051 0.557037177953283 0.6909649898609183
0 0.397887323943662 0.06572769953051644 0.5073072679031938 0.17719147435473562
0 0.20950704225352113 0.19953051643192488 0.2921613085201349 0.3203054398377747
0 0.8265845070422535 0.31690140845070425 0.8829988624528863 0.5584994710044303
0 0.8758802816901409 0.6373239436619719 0.9820088555098195 0.8787339648217946
0 0.24471830985915494 0.994131455399061 0.32163524722277326 0.999
0 0.6016725352112676 0.999 0.7092422215954176 0.999
0 0.3472711267605634 0.9102112676056338 0.5522239123561794 0.9847944769556304
0 0.013644366197183098 0.67018779342723 0.10958906497966674 0.9268367442526836
