0 0.448943661971831 0.19131455399061034 0.5310524015572308 0.31268115343075664
0 0.14568661971830985 0.6713615023474179 0.25741827173427895 0.9855215014657585
0 0.26452464788732394 0.6778169014084507 0.3753237127430073 0.9884519853864974
0 0.027288732394366196 0.6924882629107981 0.1496358764382067 0.9855091031320946
0 0.6747359154929577 0.2640845070422535 0.7981185141217021 0.31557272035971695
0 0.6720950704225352 0.3949530516431925 0.7932781271697084 0.4498855909321343
0 0.08494718309859155 0.14847417840375587 0.16105416057081928 0.36317577806431706
0 0.5448943661971831 0.2623239436619718 0.6546897471979766 0.3138131901739073
0 0.672975352112676 0.32511737089201875 0.7932777397217814 0.38478572924243426
0 0.5360915492957746 0.3914319248826291 0.6542534808321762 0.4422585493398576
0 0.5382922535211268 0.3192488262910798 0.6507313854517953 0.37716006524278695
0 0.5286091549295775 0.17136150234741784 0.6626194501958936 0.2569416892591858
0 0.6773767605633803 0.19014084507042253 0.8025187602286252 0.2522358328374
0 0.002640845070422535 0.13556338028169015 0.0779037672336838 0.37257302618528065
0 0.176056338028169 0.3045774647887324 0.3476337780202341 0.4006428536004761
0 0.3595950704225352 0.08333333333333333 0.44130299512745486 0.19361306729264477
0 0.3587147887323944 0.19718309859154928 0.4377822558148185 0.3156119817496529
0 0.1756161971830986 0.20950704225352113 0.34279242244842295 0.2968254066653442
0 0.36311619718309857 0.31690140845070425 0.43337891012447927 0.42821778086358525
0 0.16505281690140844 0.10093896713615023 0.3361949591474906 0.1988844254887699
0 0.3904049295774648 0.6613849765258216 0.5420816879711366 0.7613489524785647
0 0.7750880281690141 0.8034037558685446 0.9459616690016861 0.8909604438052414
0 0.7491197183098591 0.590962441314554 0.986906197307082 0.7801696229804492
0 0.8301056338028169 0.11854460093896714 0.9947930873090657 0.2370196334501532
0 0.8028169014084507 0.3538732394366197 0.9912839714342393 0.45460453448389865
0 0.8151408450704225 0.24647887323943662 0.9925989696984726 0.34492577530913177
0 0.394806338028169 0.7646713615023474 0.5676079197455861 0.9930958501399634
0 0.577024647887324 0.8609154929577465 0.7506263095739932 0.9977342045229122
0 0.7746478873239436 0.903755868544601 0.949482989486213 0.9918405188564879
0 0.45422535211267606 0.3174882629107981 0.5328106402499504 0.4423019435076814
0 0.639524647887324 0.10856807511737089 0.7541199275317397 0.1871428591108466
