0 0.30809859154929575 0.7811032863849765 0.3911496044931561 0.999
0 0.8727992957746479 0.21185446009389672 0.9564820425634795 0.3883733248473627
0 0.4022887323943662 0.778755868544601 0.4808968799593335 0.9960218568846569
0 0.12147887323943662 0.11267605633802817 0.22133737725649674 0.36495734973219596
0 0.7808098591549296 0.21009389671361503 0.875536615378893 0.39130863034230423
0 0.1602112676056338 0.5938967136150235 0.2807393436322158 0.6510599197690052
0 0.40184859154929575 0.2007042253521127 0.4830977779086491 0.3836850327316009
0 0.3102992957746479 0.232981220657277 0.3937894809437612 0.37897125515219643
0 0.5061619718309859 0.20715962441314553 0.5983687667377504 0.3895497889528092
0 0.602112676056338 0.20774647887323944 0.6832737180122992 0.3866151722541824
0 0.8274647887323944 0.5011737089201878 0.9195301651458044 0.6452457900769248
0 0.16505281690140844 0.5316901408450704 0.28469848027425115 0.5847818719830722
0 0.5096830985915493 0.025821596244131457 0.5996876394812537 0.19658109061253276
0 0.3939260563380282 0.013497652582159625 0.4888230959259076 0.19834888635411846
0 0.0017605633802816902 0.11091549295774648 0.10783373214639952 0.37904288996892155
0 0.1602112676056338 0.45715962441314556 0.2750175126463003 0.5190979110185369
0 0.9278169014084507 0.5105633802816901 0.999 0.6599116412087549
0 0.3882042253521127 0.528755868544601 0.4910263185627851 0.6522718568846569
0 0.6258802816901409 0.5563380281690141 0.7145132569182702 0.6534293790914502
0 0.7231514084507042 0.5575117370892019 0.8174634016688157 0.6504944179946659
0 0.6210387323943662 0.45715962441314556 0.7237583456283476 0.5578303053847341
0 0.0013204225352112676 0.6015258215962441 0.12764026389853203 0.6534028604333356
0 0.5057218309859155 0.5528169014084507 0.5974886787715731 0.6551920088606757
0 0.0013204225352112676 0.522887323943662 0.12631984136332075 0.5930030003967467
0 0.5061619718309859 0.45598591549295775 0.6067314427940884 0.5378779425378563
0 0.608274647887324 0.022887323943661973 0.6898731185528665 0.20773304734510348
0 0.7293133802816901 0.46068075117370894 0.818781112068538 0.5513728399347572
0 0.2306338028169014 0.8051643192488263 0.2939125731501686 0.9836824153056051
0 0.6558098591549296 0.7799295774647887 0.7307852949563579 0.9960211680883423
0 0.5735035211267606 0.7816901408450704 0.6507158875347153 0.9960201348938703
0 0.14612676056338028 0.8075117370892019 0.22132652871454075 0.9836810377129758
0 0.4837147887323944 0.7816901408450704 0.5671286466598889 0.999
0 0.8956866197183099 0.7723004694835681 0.9749578844103353 0.9930913729639181
0 0.00044014084507042255 0.7834507042253521 0.06205966543096608 0.9790003223566753
0 0.7363556338028169 0.7717136150234741 0.8152568857245587 0.996025989662545
0 0.8169014084507042 0.7699530516431925 0.8940066455068438 0.9960270228570169
0 0.003961267605633803 0.45598591549295775 0.12587853817446934 0.5009061115519408
0 0.3221830985915493 0.08392018779342723 0.40082650391787344 0.22119488251890057
