0 0.0044014084507042256 0.005868544600938967 0.1170755275490974 0.16783693160528113
0 0.167693661971831 0.002347417840375587 0.3436761911699068 0.16607843461394345
0 0.022887323943661973 0.3403755868544601 0.10034203902995438 0.6148237232471512
0 0.08758802816901408 0.3474178403755869 0.1416868010439397 0.6300778064317045
0 0.13028169014084506 0.3474178403755869 0.20636871404483237 0.6406411867133947
0 0.2011443661971831 0.3333333333333333 0.2736790737824837 0.6253912363067293
0 0.2623239436619718 0.23884976525821597 0.33703242784169807 0.6078410506072428
0 0.32702464788732394 0.22652582159624413 0.3942222602782186 0.5890689402455421
0 0.39172535211267606 0.2318075117370892 0.46505645891192227 0.6148874369062576
0 0.4639084507042254 0.24237089201877934 0.5336866600128943 0.6148812377394256
0 0.5352112676056338 0.23884976525821597 0.594834854195596 0.5908222712645198
0 0.5999119718309859 0.2353286384976526 0.6595070809983138 0.5925849010337455
0 0.6584507042253521 0.2318075117370892 0.7241820199365205 0.5990423664837223
0 0.9845950704225352 0.009389671361502348 0.999 0.2523419074698583
0 0.999 0.002347417840375587 0.999 0.2611488571491547
0 0.7838908450704225 0.3268779342723005 0.8442852593111486 0.59077061154092
0 0.8459507042253521 0.3386150234741784 0.907638225922436 0.5749186531552382
0 0.9185739436619719 0.36619718309859156 0.9749478107642332 0.5596442504794022
0 0.9960387323943662 0.42018779342723006 0.999 0.569589091670524
0 0.3516725352112676 0.7511737089201878 0.4082959187785162 0.999
0 0.24515845070422534 0.7376760563380281 0.2969871661748661 0.9784403309528533
0 0.05237676056338028 0.7546948356807511 0.14038187642580838 0.9719749443452578
0 0.4977992957746479 0.7998826291079812 0.6569111798874231 0.9666667355462981
0 0.7539612676056338 0.7458920187793427 0.8676258973293989 0.9373556971720778
0 0.8472711267605634 0.7910798122065728 0.9441693348913907 0.9197235447111464
0 0.9313380281690141 0.6789906103286385 0.999 0.8094606862615442
0 0.945862676056338 0.8063380281690141 0.999 0.8991746842557694
