0 0.03697183098591549 0.29577464788732394 0.27507175535608014 0.4147325266150896
0 0.28433098591549294 0.2300469483568075 0.548290347277326 0.31265842315237274
0 0.27508802816901406 0.3198356807511737 0.5430127253397143 0.41119727953007557
0 0.5585387323943662 0.318075117370892 0.8989619107691926 0.4076771859639842
0 0.5805457746478874 0.2353286384976526 0.9029134921766515 0.3214581404703652
0 0.9132922535211268 0.29401408450704225 0.999 0.4317523391522846
0 0.10167253521126761 0.5698356807511737 0.38111722159541755 0.6369895330512024
0 0.11575704225352113 0.49765258215962443 0.392994825245487 0.5666093588132866
0 0.0977112676056338 0.6578638497652582 0.38508023271672287 0.730247732482532
0 0.40580985915492956 0.5146713615023474 0.6904023724211465 0.6023974933324516
0 0.4163732394366197 0.6132629107981221 0.7097639202291213 0.7062128738786396
0 0.40713028169014087 0.7147887323943662 0.7124088335027773 0.7489936685842756
0 0.7112676056338029 0.5440140845070423 0.999 0.6387652499504066
0 0.721830985915493 0.6285211267605634 0.999 0.7214621354889903
0 0.7438380281690141 0.710093896713615 0.999 0.7666020575723511
0 0.36047535211267606 0.8444835680751174 0.5971124668344575 0.9977438476713175
0 0.8318661971830986 0.8444835680751174 0.999 0.999
0 0.5911091549295775 0.8480046948356808 0.8223630681536401 0.9167558657894157
0 0.0030809859154929575 0.999 0.11839653125619916 0.999
