0 0.1463468309859155 0.053110328638497656 0.032130281690140844 0.07453051643192488
0 0.183318661971831 0.05663145539906103 0.03125 0.07453051643192488
0 0.11971830985915492 0.14289906103286384 0.030809859154929578 0.06396713615023474
0 0.16131161971830985 0.14642018779342722 0.02596830985915493 0.0710093896713615
0 0.191681338028169 0.14906103286384975 0.02948943661971831 0.06924882629107981
0 0.13600352112676056 0.20950704225352113 0.02464788732394366 0.06572769953051644
0 0.16703345070422534 0.2130281690140845 0.02948943661971831 0.05516431924882629
0 0.19410211267605634 0.2112676056338028 0.02992957746478873 0.05516431924882629
0 0.22403169014084506 0.20950704225352113 0.02464788732394366 0.062206572769953054
0 0.2810299295774648 0.08157276995305164 0.12544014084507044 0.15492957746478872
0 0.40911091549295775 0.07922535211267606 0.12015845070422536 0.1467136150234742
0 0.5367517605633803 0.08098591549295775 0.11663732394366197 0.15023474178403756
0 0.6661531690140845 0.08157276995305164 0.11399647887323944 0.15140845070422534
0 0.7935739436619719 0.08509389671361503 0.11003521126760564 0.15492957746478872
0 0.9126320422535211 0.0886150234741784 0.11751760563380281 0.16549295774647887
0 0.27816901408450706 0.31396713615023475 0.06602112676056338 0.1467136150234742
0 0.35475352112676056 0.33215962441314556 0.08450704225352113 0.176056338028169
0 0.2790492957746479 0.49765258215962443 0.08274647887323944 0.17253521126760563
0 0.36311619718309857 0.48914319248826293 0.07746478873239436 0.14847417840375587
0 0.4564260563380282 0.335387323943662 0.11883802816901408 0.16607981220657278
0 0.4581866197183099 0.4914906103286385 0.11003521126760564 0.1402582159624413
0 0.5735035211267606 0.33186619718309857 0.11267605633802817 0.16960093896713616
0 0.5702024647887324 0.49061032863849763 0.10607394366197183 0.13849765258215962
0 0.6855193661971831 0.3397887323943662 0.1034330985915493 0.1572769953051643
0 0.6815580985915493 0.48826291079812206 0.10079225352112677 0.1396713615023474
0 0.7981954225352113 0.3345070422535211 0.10607394366197183 0.1607981220657277
0 0.7889524647887324 0.49002347417840375 0.1034330985915493 0.1467136150234742
0 0.9150528169014085 0.3371478873239437 0.11003521126760564 0.16255868544600938
0 0.8952464788732394 0.4856220657276995 0.10387323943661972 0.13438967136150234
0 0.19014084507042253 0.9005281690140845 0.06338028169014084 0.18838028169014084
0 0.2460387323943662 0.9075704225352113 0.05545774647887324 0.1813380281690141
0 0.30545774647887325 0.9395539906103286 0.058098591549295774 0.19014084507042253
0 0.3675176056338028 0.9289906103286385 0.06073943661971831 0.17253521126760563
0 0.4238556338028169 0.7279929577464789 0.09595070422535211 0.13321596244131456
0 0.4377200704225352 0.8585680751173709 0.09463028169014084 0.11384976525821597
0 0.44850352112676056 0.9694835680751174 0.09066901408450705 0.09154929577464789
0 0.5308098591549296 0.7822769953051644 0.09154929577464789 0.16549295774647887
0 0.5294894366197183 0.9360328638497653 0.0818661971830986 0.142018779342723
0 0.6311619718309859 0.7511737089201878 0.09859154929577464 0.12089201877934272
0 0.6258802816901409 0.8720657276995305 0.09330985915492958 0.09976525821596244
0 0.6201584507042254 0.9644953051643192 0.09419014084507042 0.08509389671361503
0 0.7321742957746479 0.7435446009389671 0.09815140845070422 0.11854460093896714
0 0.7211707746478874 0.8670774647887324 0.08670774647887323 0.09683098591549295
0 0.7132482394366197 0.9592136150234741 0.0840669014084507 0.07805164319248827
0 0.8285651408450704 0.7350352112676056 0.08934859154929578 0.11561032863849766
0 0.8138204225352113 0.852406103286385 0.09066901408450705 0.10856807511737089
0 0.8032570422535211 0.9515845070422535 0.08274647887323944 0.07922535211267606
0 0.9128521126760564 0.744424882629108 0.06338028169014084 0.16607981220657278
0 0.890625 0.8703051643192489 0.061179577464788734 0.13497652582159625
0 0.8769806338028169 0.977406103286385 0.05677816901408451 0.1238262910798122
