0 0.24867957746478872 0.8198356807511737 0.33879899666484825 0.999
0 0.35651408450704225 0.8174882629107981 0.437783224434636 0.999
0 0.0743838028169014 0.8345070422535211 0.15269613388960523 0.999
0 0.522887323943662 0.18016431924882628 0.6221290108609403 0.3150351148361216
0 0.8591549295774648 0.8726525821596244 0.9406429775838128 0.999
0 0.2130281690140845 0.4113849765258216 0.30932525168617336 0.6394299383940576
0 0.3472711267605634 0.4078638497652582 0.4553929264406864 0.5924836479754899
0 0.06910211267605634 0.12617370892018778 0.2085963459011109 0.1771560013445304
0 0.3397887323943662 0.1942488262910798 0.38497368453679826 0.352585534726355
0 0.6179577464788732 0.4477699530516432 0.7052737862031343 0.6264977875862373
0 0.6377640845070423 0.18838028169014084 0.8060573221459035 0.4124481336375058
0 0.07658450704225352 0.4583333333333333 0.1324486863965483 0.6863507433489828
0 0.8076584507042254 0.36502347417840375 0.999 0.5344101974916793
0 0.914612676056338 0.681924882629108 0.9863932162517357 0.9062899501862505
0 0.7183098591549296 0.12323943661971831 0.866321166435231 0.1912422303775706
0 0.8591549295774648 0.7394366197183099 0.9234774846260663 0.9954580771011042
0 0.008802816901408451 0.7517605633802817 0.07305950580242015 0.999
0 0.7275528169014085 0.7664319248826291 0.779169210908054 0.999
0 0.8138204225352113 0.8937793427230047 0.8662791283351517 0.999
