0 0.48525528169014087 0.3591549295774648 0.1386443661971831 0.3474178403755869
0 0.08296654929577464 0.37734741784037557 0.10255281690140845 0.25938967136150237
0 0.20356514084507044 0.710387323943662 0.10783450704225352 0.27875586854460094
0 0.7013644366197183 0.44571596244131456 0.09551056338028169 0.3022300469483568
0 0.20576584507042253 0.3890845070422535 0.0840669014084507 0.26173708920187794
0 0.05545774647887324 0.7177230046948356 0.0880281690140845 0.2652582159624413
0 0.323943661971831 0.36795774647887325 0.10651408450704225 0.12206572769953052
0 0.8734595070422535 0.4424882629107981 0.09639084507042253 0.2535211267605634
0 0.9522447183098591 0.505868544600939 0.07350352112676056 0.3685446009389671
0 0.672975352112676 0.8738262910798122 0.10915492957746478 0.24295774647887325
0 0.5173855633802817 1.0657276995305165 0.06998239436619719 0.14553990610328638
0 0.6461267605633803 1.073943661971831 0.11971830985915492 0.10093896713615023
0 0.0917693661971831 1.0261150234741785 0.05941901408450704 0.13791079812206572
0 0.351012323943662 0.8348004694835681 0.17473591549295775 0.4055164319248826
0 0.5294894366197183 0.8028169014084507 0.15404929577464788 0.352112676056338
0 0.20202464788732394 1.0410798122065728 0.0994718309859155 0.11737089201877934
