0 0.24515845070422534 0.004107981220657277 0.42638857462557034 0.14729805869646675
0 0.43441901408450706 0.009389671361502348 0.6243686536029557 0.16783486521633717
0 0.6298415492957746 0.004107981220657277 0.7563248936842888 0.17488021832087988
0 0.7592429577464789 0.005868544600938967 0.9195601923601467 0.1695974949855628
0 0.9652288732394366 0.004107981220657277 0.999 0.18192247184200666
0 0.2869718309859155 0.33215962441314556 0.3423032694405872 0.5960492020983491
0 0.34375 0.335093896713615 0.4043381382042254 0.5972211890277502
0 0.46170774647887325 0.33039906103286387 0.5209235441256695 0.580205164870286
0 0.5444542253521126 0.3286384976525822 0.5957110676825035 0.5649479821023166
0 0.6012323943661971 0.3215962441314554 0.6555452322207895 0.5766892040820825
0 0.6751760563380281 0.335093896713615 0.7395795880033724 0.6060240059291586
0 0.7411971830985915 0.33215962441314556 0.7875258815215235 0.5989834743988186
0 0.7891725352112676 0.3333333333333333 0.8522054698348542 0.6095461658841941
0 0.8538732394366197 0.335093896713615 0.9063143163558817 0.6130662594502854
0 0.9132922535211268 0.35269953051643194 0.9749501354517953 0.6112953641252837
0 0.999 0.34917840375586856 0.999 0.5960392145517864
0 0.2764084507042254 0.7341549295774648 0.33086425684388016 0.9802029607220789
0 0.3358274647887324 0.7306338028169014 0.397739512559512 0.9837261538715862
0 0.417693661971831 0.7235915492957746 0.48221052215582233 0.9837302866494743
0 0.519806338028169 0.7065727699530516 0.5737148739709382 0.9338576450880557
0 0.5871478873239436 0.7030516431924883 0.6449880511059314 0.9461836551389715
0 0.7931338028169014 0.7136150234741784 0.8574854164600277 0.9426563292115762
0 0.7464788732394366 0.6995305164319249 0.7875235568339615 0.9062796182415306
0 0.8591549295774648 0.7136150234741784 0.9195162170204324 0.9356140756904494
0 0.9339788732394366 0.7288732394366197 0.999 0.9356051213383588
0 0.999 0.7288732394366197 0.999 0.9579055908219269
0 0.0017605633802816902 0.38380281690140844 0.19498161947034318 0.9270048105534616
