0 0.3430897887323944 0.27406103286384975 0.2319542253521127 0.20187793427230047
0 0.3430897887323944 0.14289906103286384 0.23459507042253522 0.0710093896713615
0 0.3457306338028169 0.07981220657276995 0.23459507042253522 0.06924882629107981
0 0.5675616197183099 0.2860915492957746 0.1993838028169014 0.18838028169014084
0 0.7574823943661971 0.267018779342723 0.15140845070422534 0.25704225352112675
0 0.9799735915492958 0.27406103286384975 0.19586267605633803 0.2535211267605634
0 0.3261443661971831 0.5269953051643192 0.14612676056338028 0.062206572769953054
0 0.3191021126760563 0.6522887323943662 0.17341549295774647 0.1742957746478873
0 0.4861355633802817 0.6164906103286385 0.15272887323943662 0.25528169014084506
0 0.6324823943661971 0.5953638497652582 0.13204225352112675 0.23650234741784038
0 0.772887323943662 0.6044600938967136 0.1382042253521127 0.24882629107981222
0 0.976012323943662 0.5096830985915493 0.12544014084507044 0.09683098591549295
0 0.9625880281690141 0.6528755868544601 0.12147887323943662 0.1965962441314554
0 1.077024647887324 0.630575117370892 0.1153169014084507 0.25880281690140844
0 0.29973591549295775 0.9800469483568075 0.04401408450704225 0.23943661971830985
0 0.3534330985915493 1.0026408450704225 0.06602112676056338 0.24002347417840375
0 0.46346830985915494 0.9791666666666666 0.0528169014084507 0.22476525821596244
0 0.5338908450704225 0.9556924882629108 0.04929577464788732 0.22946009389671362
0 0.5851672535211268 0.9609741784037559 0.042693661971830985 0.22946009389671362
0 0.6516285211267606 1.005868544600939 0.06470070422535211 0.24647887323943662
0 0.7086267605633803 1.0008802816901408 0.04401408450704225 0.232981220657277
0 0.7599031690140845 1.0093896713615023 0.055897887323943664 0.2535211267605634
0 0.8175616197183099 1.0067488262910798 0.05413732394366197 0.24119718309859156
0 0.8732394366197183 1.0041079812206573 0.05193661971830986 0.2535211267605634
0 0.9995598591549296 0.988556338028169 0.06602112676056338 0.232981220657277
0 1.0622799295774648 0.9568661971830986 0.05677816901408451 0.20715962441314553
