0 0.037411971830985914 0.24031690140845072 0.06866197183098592 0.3937793427230047
0 0.12235915492957747 0.24735915492957747 0.10123239436619719 0.11091549295774648
0 0.1230193661971831 0.3714788732394366 0.10255281690140845 0.13497652582159625
0 0.2207306338028169 0.2687793427230047 0.12720070422535212 0.3333333333333333
0 0.7922535211267606 0.3274647887323944 0.0994718309859155 0.1983568075117371
0 0.8919454225352113 0.33186619718309857 0.09463028169014084 0.2106807511737089
0 0.05039612676056338 0.6977699530516432 0.09198943661971831 0.38615023474178406
0 0.367737676056338 0.7470657276995305 0.12015845070422536 0.27816901408450706
0 0.5275088028169014 0.7485328638497653 0.15536971830985916 0.2881455399061033
0 0.7779489436619719 0.6927816901408451 0.09727112676056338 0.36913145539906106
0 0.8732394366197183 0.6848591549295775 0.08538732394366197 0.36032863849765256
0 0.4161531690140845 1.0894953051643192 0.10607394366197183 0.09683098591549295
0 0.5567781690140845 1.0868544600938967 0.11003521126760564 0.107981220657277
0 0.6976232394366197 1.0754107981220657 0.11003521126760564 0.13086854460093897
0 0.8411091549295775 1.0806924882629108 0.08362676056338028 0.12030516431924883
