0 0.09330985915492958 0.857981220657277 0.20638498685776632 0.999
0 0.6153169014084507 0.38967136150234744 0.7004333992511407 0.6541140426282263
0 0.29797535211267606 0.27523474178403756 0.3440589897217814 0.3812938763252441
0 0.012764084507042254 0.46068075117370894 0.057212691864213454 0.6405747178690295
0 0.5867077464788732 0.8890845070422535 0.62958331525243 0.999
0 0.33846830985915494 0.999 0.3928968009199563 0.999
0 0.017605633802816902 0.8591549295774648 0.0933021101963896 0.999
0 0.4128521126760563 0.7541079812206573 0.49057532917575875 0.999
0 0.5158450704225352 0.7541079812206573 0.5627130963598492 0.999
0 0.7570422535211268 0.914906103286385 0.8029238370363023 0.999
0 0.8450704225352113 0.9747652582159625 0.8931139654830391 0.999
0 0.016285211267605633 0.2353286384976526 0.12895409981898434 0.3936412390619145
0 0.7618838028169014 0.2699530516431925 0.9349639595938305 0.6770716237959841
0 0.2011443661971831 0.24882629107981222 0.2904044258951597 0.46992439771650246
0 0.19762323943661972 0.5751173708920188 0.3551066799122198 0.8306484052987723
0 0.9432218309859155 0.3474178403755869 0.999 0.5355942383565871
