0 0.13006161971830985 0.21508215962441316 0.2592429577464789 0.21889671361502347
0 0.4511443661971831 0.2282863849765258 0.14788732394366197 0.21009389671361503
0 0.301056338028169 0.2517605633802817 0.13732394366197184 0.20892018779342722
0 0.612455985915493 0.22476525821596244 0.1386443661971831 0.06572769953051644
0 0.6205985915492958 0.28080985915492956 0.13732394366197184 0.0710093896713615
0 0.2323943661971831 0.5363849765258216 0.26672535211267606 0.09859154929577464
0 0.2227112676056338 0.6038732394366197 0.2913732394366197 0.08450704225352113
0 0.559419014084507 0.5666079812206573 0.3301056338028169 0.1238262910798122
0 0.1307218309859155 0.8377347417840375 0.2605633802816901 0.0897887323943662
0 0.1307218309859155 0.7699530516431925 0.2605633802816901 0.08568075117370892
0 0.13578345070422534 0.89231220657277 0.2706866197183099 0.0710093896713615
0 0.40911091549295775 0.744424882629108 0.24955985915492956 0.11443661971830986
0 0.42143485915492956 0.8022300469483568 0.2566021126760563 0.07746478873239436
0 0.4225352112676056 0.8471244131455399 0.26936619718309857 0.08509389671361503
0 0.6298415492957746 0.7227112676056338 0.1505281690140845 0.10856807511737089
0 0.6511883802816901 0.8186619718309859 0.14920774647887325 0.07629107981220658
0 0.6368838028169014 0.9756455399061033 0.1875 0.13791079812206572
0 0.20334507042253522 1.0475352112676057 0.15140845070422534 0.1396713615023474
0 0.05567781690140845 1.0369718309859155 0.11047535211267606 0.07394366197183098
