0 0.9084507042253521 0.625 0.9929980410632812 0.8065580985915493
0 0.0013204225352112676 0.534037558685446 0.0721825174196588 0.7866584286627433
0 0.18309859154929578 0.5357981220657277 0.27676800238048005 0.7708123250457362
0 0.06866197183098592 0.5305164319248826 0.17030428610394763 0.787834203971875
0 0.5453345070422535 0.6244131455399061 0.6406050464317595 0.8018636073089555
0 0.8199823943661971 0.6208920187793427 0.9045686697207896 0.8047999459983689
0 0.4476232394366197 0.625 0.5270917151234874 0.7954078638497653
0 0.3626760563380282 0.6455399061032864 0.4435023432850625 0.7971563732945404
0 0.44850352112676056 0.44835680751173707 0.5292920319009126 0.6135866450660142
0 0.6487676056338029 0.6185446009389671 0.7211052959482246 0.8077355958914677
0 0.6883802816901409 0.15023474178403756 0.7747850438901012 0.2798414115365117
0 0.8622359154929577 0.2775821596244131 0.9428423257414204 0.414156348497873
0 0.8683978873239436 0.1414319248826291 0.94151919107072 0.2798465775088717
0 0.6038732394366197 0.142018779342723 0.6845933656516564 0.2892359044722167
0 0.551056338028169 0.4583333333333333 0.6414828097103749 0.6194493348982786
0 0.035211267605633804 0.22535211267605634 0.12410422039277921 0.38014944124842953
0 0.037411971830985914 0.08392018779342723 0.12410325177296172 0.22236859143908838
0 0.6813380281690141 0.2805164319248826 0.7761085660087285 0.4053518096056779
0 0.596830985915493 0.2934272300469484 0.6867971694604246 0.397128270404902
0 0.17253521126760563 0.2564553990610329 0.28513532781194206 0.39949738532918955
0 0.778169014084507 0.15199530516431925 0.864094115750843 0.27514554266128854
0 0.7790492957746479 0.2822769953051643 0.8605726015423527 0.40535077641120587
0 0.037852112676056336 0.886150234741784 0.1742791143870264 0.9865691606603628
0 0.7720070422535211 0.8708920187793427 0.8574947152102758 0.9607565187683219
0 0.8745598591549296 0.9014084507042254 0.9639636620338227 0.9918418964491172
0 0.2125880281690141 0.8767605633802817 0.3357338961143623 0.93082349732196
0 0.5506161971830986 0.8714788732394366 0.644123848504761 0.958995610989883
0 0.6632922535211268 0.8755868544600939 0.7598312974236262 0.9654485992638144
0 0.43309859154929575 0.9242957746478874 0.5385417699861139 0.9941758827613569
0 0.3107394366197183 0.0886150234741784 0.42768013229022017 0.1918494043289471
0 0.31161971830985913 0.19072769953051644 0.4298804490676453 0.28451248374440696
0 0.3050176056338028 0.27875586854460094 0.4206403971806189 0.3912683357578963
0 0.4308978873239437 0.10269953051643192 0.5420638653664948 0.20592564581542463
0 0.4308978873239437 0.20422535211267606 0.543384287901706 0.3126735766712954
0 0.42869718309859156 0.30164319248826293 0.5442655382116643 0.398884012210981
0 0.9476232394366197 0.14906103286384975 0.9982624897713747 0.30038200643611274
0 0.9432218309859155 0.29107981220657275 0.9982644270110098 0.42060382640128724
0 0.3789612676056338 0.505868544600939 0.4483367247941877 0.6399613447508211
0 0.6487676056338029 0.4595070422535211 0.7202250142580837 0.6229697728625273
0 0.20774647887323944 0.9289906103286385 0.337056449613172 0.990065146355441
