0 0.5347711267605634 0.05868544600938967 0.3785211267605634 0.0892018779342723
0 0.7605633802816901 0.48738262910798125 0.3829225352112676 0.0897887323943662
0 0.733274647887324 0.3914319248826291 0.34419014084507044 0.1431924882629108
0 0.335387323943662 0.3606220657276995 0.4234154929577465 0.09800469483568075
0 0.4377200704225352 0.7546948356807511 0.2266725352112676 0.1795774647887324
0 0.3455105633802817 0.46332159624413144 0.40580985915492956 0.0897887323943662
0 0.1542693661971831 0.7596830985915493 0.23547535211267606 0.09917840375586855
0 0.3444102112676056 0.5501760563380281 0.4282570422535211 0.07805164319248827
0 1.0330105633802817 0.3629694835680751 0.20862676056338028 0.20715962441314553
0 1.0160651408450705 0.7203638497652582 0.24955985915492956 0.1965962441314554
0 1.0611795774647887 0.48738262910798125 0.15492957746478872 0.0721830985915493
0 0.13402288732394366 0.07276995305164319 0.26188380281690143 0.12441314553990611
0 0.04335387323943662 0.3368544600938967 0.08318661971830986 0.12089201877934272
0 0.04841549295774648 0.4586267605633803 0.0880281690140845 0.12265258215962441
0 0.051056338028169015 0.5607394366197183 0.09330985915492958 0.06396713615023474
