0 0.0996919014084507 0.25146713615023475 0.1932218309859155 0.16725352112676056
0 0.2581426056338028 0.1784037558685446 0.292693661971831 0.12793427230046947
0 0.6978433098591549 0.20422535211267606 0.2680457746478873 0.1619718309859155
0 0.9779929577464789 0.221537558685446 0.31866197183098594 0.13438967136150234
0 0.11201584507042253 0.6012323943661971 0.21522887323943662 0.15551643192488263
0 0.3514524647887324 0.5328638497652582 0.2539612676056338 0.09154929577464789
0 0.3534330985915493 0.630575117370892 0.2579225352112676 0.09683098591549295
0 0.6822183098591549 0.5258215962441315 0.33274647887323944 0.0880281690140845
0 0.6674735915492958 0.6200117370892019 0.3340669014084507 0.09683098591549295
0 0.9878961267605634 0.5718896713615024 0.304137323943662 0.06866197183098592
0 0.9947183098591549 0.6411384976525821 0.29225352112676056 0.06866197183098592
0 0.20532570422535212 0.8230633802816901 0.28741197183098594 0.06396713615023474
0 0.21170774647887325 0.8779342723004695 0.26672535211267606 0.03286384976525822
0 0.2007042253521127 0.9298708920187794 0.2860915492957746 0.06748826291079812
0 0.495818661971831 0.7987089201877934 0.28389084507042256 0.07746478873239436
0 0.5094630281690141 0.8849765258215962 0.29005281690140844 0.08450704225352113
0 0.5101232394366197 0.9706572769953051 0.2966549295774648 0.062206572769953054
0 0.8272447183098591 0.8110328638497653 0.3402288732394366 0.0880281690140845
0 0.8342869718309859 0.8955399061032864 0.34463028169014087 0.07746478873239436
0 0.847931338028169 0.9609741784037559 0.3402288732394366 0.0534037558685446
0 1.0713028169014085 0.852112676056338 0.13468309859154928 0.0880281690140845
0 1.0752640845070423 0.9369131455399061 0.1267605633802817 0.07805164319248827
