0 0.0017605633802816902 0.09565727699530517 0.07438302792104741 0.2276433936167868
0 0.8534330985915493 0.687206572769953 0.941525777685479 0.9221319210253697
0 0.25044014084507044 0.5880281690140845 0.34055878514927596 0.8247722839383721
0 0.1505281690140845 0.5845070422535211 0.24333163372842687 0.8142109700456258
0 0.051056338028169015 0.5827464788732394 0.13774161252727635 0.8294702192025392
0 0.21963028169014084 0.08274647887323944 0.3071216416013688 0.40546787178469884
0 0.3147007042253521 0.19014084507042253 0.3902664169435628 0.4095128281425643
0 0.10783450704225352 0.08098591549295775 0.20285746720640746 0.43950646366461676
0 0.40580985915492956 0.18251173708920188 0.4760537808718508 0.39601965273645
0 0.49911971830985913 0.19483568075117372 0.5754845423775045 0.40364152835636663
0 0.5242077464788732 0.6854460093896714 0.595279838139754 0.9591047852057573
0 0.5889084507042254 0.1789906103286385 0.659071783252331 0.3989559914258635
0 0.6073943661971831 0.6866197183098591 0.6881129426205118 0.9573435330291609
0 0.6703345070422535 0.18192488262910797 0.7294584795303511 0.38663032577310497
0 0.8191021126760564 0.1977699530516432 0.8966465219574489 0.3942501350040777
0 0.7398767605633803 0.5357981220657277 0.807332800721583 0.595342841477661
0 0.9009683098591549 0.1983568075117371 0.9542689400044634 0.3895549549251692
0 0.7482394366197183 0.176056338028169 0.801607288980361 0.38839433313496
0 0.4357394366197183 0.7259389671361502 0.5165335653888117 0.9760998010756242
0 0.058538732394366196 0.818075117370892 0.15314324879736163 0.9684166225837025
0 0.25044014084507044 0.8210093896713615 0.33263624993800833 0.9760440085741365
0 0.6963028169014085 0.6672535211267606 0.7686195850277723 0.9544206258678835
0 0.15625 0.8169014084507042 0.24112841109154928 0.963722475699266
0 0.7786091549295775 0.6801643192488263 0.8552911051254711 0.9250703261037272
0 0.002640845070422535 0.24471830985915494 0.08494602075481054 0.3883540385505521
0 0.9709507042253521 0.22593896713615025 0.9982522224013093 0.39423360389252576
0 0.43221830985915494 0.6338028169014085 0.5257780729269986 0.706200819943133
0 0.5884683098591549 0.5997652582159625 0.6696353572579845 0.6580987293085587
0 0.6430457746478874 0.5240610328638498 0.7215479552048205 0.5888943303797747
0 0.6764964788732394 0.6026995305164319 0.7549839364089466 0.6598575706980537
0 0.7623239436619719 0.6073943661971831 0.8293299630529657 0.6580942521325134
0 0.7750880281690141 0.47769953051643194 0.8486905422411228 0.5302360918248142
0 0.8098591549295775 0.545774647887324 0.8790449563578655 0.5935764233287046
0 0.835387323943662 0.6073943661971831 0.905442171072208 0.6645496511935463
0 0.9463028169014085 0.698943661971831 0.999 0.917430197381472
