0 0.2933538732394366 0.20833333333333334 0.24339788732394366 0.09859154929577464
0 0.25946302816901406 0.3171948356807512 0.24339788732394366 0.10152582159624413
0 0.27442781690140844 0.39730046948356806 0.2935739436619718 0.05516431924882629
0 0.5741637323943662 0.16255868544600938 0.21786971830985916 0.1068075117370892
0 0.5779049295774648 0.2749413145539906 0.2227112676056338 0.09683098591549295
0 0.5724031690140845 0.37588028169014087 0.2654049295774648 0.09096244131455399
0 0.8032570422535211 0.16109154929577466 0.22007042253521128 0.10035211267605634
0 0.8466109154929577 0.25616197183098594 0.24955985915492956 0.08274647887323944
0 0.8565140845070423 0.3597417840375587 0.26672535211267606 0.11737089201877934
0 1.059419014084507 0.15463615023474178 0.16285211267605634 0.12147887323943662
0 1.0330105633802817 0.3154342723004695 0.1153169014084507 0.1954225352112676
0 0.10893485915492958 0.7262323943661971 0.17737676056338028 0.13673708920187794
0 0.32504401408450706 0.8213028169014085 0.18529929577464788 0.10504694835680752
0 0.5314700704225352 0.8072183098591549 0.19674295774647887 0.10856807511737089
0 0.4944982394366197 0.6338028169014085 0.17473591549295775 0.11737089201877934
0 0.7528609154929577 0.7916666666666666 0.24075704225352113 0.09507042253521127
0 0.7513204225352113 0.6798708920187794 0.22007042253521128 0.06044600938967136
0 0.9099911971830986 0.5977112676056338 0.17473591549295775 0.10387323943661972
0 0.9566461267605634 0.7356220657276995 0.17473591549295775 0.159037558685446
0 1.0726232394366197 0.6097417840375586 0.13468309859154928 0.15492957746478872
0 0.8224031690140845 1.0446009389671362 0.20642605633802816 0.19248826291079812
0 1.0039612676056338 1.0328638497652582 0.14788732394366197 0.051643192488262914
0 1.015625 1.1006455399061033 0.1500880281690141 0.056924882629107984
0 0.42077464788732394 1.0498826291079812 0.3045774647887324 0.17253521126760563
