0 0.3043573943661972 0.35269953051643194 0.12808098591549297 0.22417840375586853
0 0.4537852112676056 0.33274647887323944 0.19454225352112675 0.2605633802816901
0 0.6168573943661971 0.3474178403755869 0.13424295774647887 0.22769953051643194
0 0.7398767605633803 0.375 0.12147887323943662 0.17253521126760563
0 0.871919014084507 0.3189553990610329 0.1267605633802817 0.3984741784037559
0 0.9773327464788732 0.36032863849765256 0.0761443661971831 0.3086854460093897
0 0.12566021126760563 0.414612676056338 0.09463028169014084 0.09683098591549295
0 0.24075704225352113 0.7582159624413145 0.12323943661971831 0.15492957746478872
0 0.045994718309859156 0.7030516431924883 0.08318661971830986 0.27230046948356806
0 0.8765404929577465 0.8893779342723005 0.1307218309859155 0.335093896713615
0 0.14898767605633803 1.0308098591549295 0.12015845070422536 0.2142018779342723
0 0.2706866197183099 1.0360915492957747 0.1073943661971831 0.20011737089201878
0 0.3756602112676056 1.0762910798122065 0.09991197183098592 0.12910798122065728
0 0.6076144366197183 1.0446009389671362 0.1289612676056338 0.19248826291079812
0 0.4977992957746479 0.9973591549295775 0.10123239436619719 0.1954225352112676
0 0.7158890845070423 0.9973591549295775 0.08670774647887323 0.18838028169014084
0 1.0862676056338028 0.82981220657277 0.10475352112676056 0.4471830985915493
