0 0.03697183098591549 0.24354460093896713 0.21037105113072802 0.3349509714783222
0 0.417693661971831 0.1954225352112676 0.6116119306065265 0.3907303858361436
0 0.6258802816901409 0.27816901408450706 0.8588794541013688 0.39537666137671096
0 0.6390845070422535 0.18661971830985916 0.8469898395655624 0.2680829696488792
0 0.855193661971831 0.20950704225352113 0.999 0.3766376132381141
0 0.8186619718309859 0.13497652582159625 0.9855551663856379 0.21588322973836763
0 0.9947183098591549 0.14730046948356806 0.999 0.28864595042870683
0 0.2649647887323944 0.48884976525821594 0.6143199978922833 0.7373891726729705
0 0.6932218309859155 0.511150234741784 0.9363146030673478 0.7749347709890013
0 0.9392605633802817 0.5991784037558685 0.999 0.6768784164297208
0 0.9445422535211268 0.6772300469483568 0.999 0.7407997476250303
0 0.36971830985915494 0.9289906103286385 0.7009816380678437 0.999
0 0.3710387323943662 0.999 0.711104296332573 0.999
0 0.7306338028169014 0.9512910798122066 0.999 0.999
0 0.7152288732394366 0.9154929577464789 0.999 0.999
0 0.0008802816901408451 0.9237089201877934 0.33714749987601667 0.999
0 0.005721830985915493 0.999 0.33098339708143226 0.999
