0 0.22183098591549297 0.25410798122065725 0.36169813777028365 0.3196865563490489
0 0.2051056338028169 0.3057511737089202 0.3317759218161079 0.38186282208115674
0 0.34639084507042256 0.29577464788732394 0.5482630321984726 0.3730658599484229
0 0.545774647887324 0.1784037558685446 0.8003759794683595 0.2645666644625185
0 0.5532570422535211 0.2699530516431925 0.7849677565835151 0.37484157684762726
0 0.8006161971830986 0.2130281690140845 0.999 0.33320831680222174
0 0.8058978873239436 0.3286384976525822 0.8055431787467765 0.3284456346844762
0 0.8125 0.3057511737089202 0.999 0.41296610846613324
0 0.999 0.2992957746478873 0.999 0.4076882067050188
0 0.20642605633802816 0.5944835680751174 0.38107111529210475 0.668078354713571
0 0.1817781690140845 0.664906103286385 0.34763125960870855 0.742567543366616
0 0.1817781690140845 0.7411971830985915 0.3537932314396945 0.7994476542352708
0 0.37588028169014087 0.5064553990610329 0.5676162498760167 0.587144098944213
0 0.3798415492957746 0.590962441314554 0.5517694359378099 0.6592776042011065
0 0.34903169014084506 0.6596244131455399 0.5557442642208886 0.7578288589124732
0 0.3617957746478873 0.7599765258215962 0.5583794912963698 0.8146948494566774
0 0.5717429577464789 0.5563380281690141 0.7862800427122595 0.6681007405937975
0 0.573943661971831 0.6408450704225352 0.7809973839515969 0.7854220392779211
0 0.7878521126760564 0.5944835680751174 0.999 0.6956605143379841
0 0.7878521126760564 0.6960093896713615 0.999 0.81825351561639
0 0.999 0.6631455399061033 0.999 0.7777798441667217
0 0.20246478873239437 0.999 0.39295666162467763 0.999
0 0.269806338028169 0.9495305164319249 0.38764533171741716 0.999
0 0.3798415492957746 0.9806338028169014 0.502913802134993 0.999
0 0.5224471830985915 0.903169014084507 0.746248922894763 0.999
0 0.5325704225352113 0.999 0.7317198193562785 0.999
0 0.7398767605633803 0.999 0.9261708288905972 0.999
0 0.8525528169014085 0.9137323943661971 0.999 0.999
0 0.9080105633802817 0.999 0.999 0.999
0 0.3956866197183099 0.25410798122065725 0.5442800675089268 0.2921043967246358
