0 0.005721830985915493 0.24061032863849766 0.08098339708143225 0.5268541019198131
0 0.25704225352112675 0.2147887323943662 0.379728414501091 0.5855547014481254
0 0.6764964788732394 0.09741784037558686 0.7695085842962706 0.48879259516409884
0 0.7891725352112676 0.11795774647887323 0.8882970191306289 0.45415612808305234
0 0.9665492957746479 0.002347417840375587 0.999 0.24882491348718289
0 0.999 0.24530516431924881 0.999 0.5162879664528643
0 0.11179577464788733 0.6561032863849765 0.18701065326820077 0.975553929996253
0 0.38776408450704225 0.8169014084507042 0.50291031510365 0.999
0 0.5070422535211268 0.6613849765258216 0.5776817595715136 0.9597057599903017
0 0.5818661971830986 0.6496478873239436 0.652912911004761 0.9215671080473451
0 0.7011443661971831 0.4994131455399061 0.8742512568810752 0.7995895462760917
0 0.75 0.7805164319248826 0.9283670774647887 0.999
0 0.9326584507042254 0.647887323943662 0.999 0.9080704886596574
