0 0.3609154929577465 0.35269953051643194 0.549136920997818 0.5226803406511054
0 0.9295774647887324 0.29107981220657275 0.999 0.6166132160726487
0 0.05545774647887324 0.8110328638497653 0.13597911190735967 0.999
0 0.6650528169014085 0.17194835680751175 0.7409044661897441 0.34438265941501905
0 0.7517605633802817 0.20833333333333334 0.8227324997520333 0.3748777386541471
0 0.22403169014084506 0.7740610328638498 0.30579928182652255 0.999
0 0.3899647887323944 0.24413145539906103 0.49894807887819875 0.30912903083603344
0 0.672975352112676 0.3374413145539906 0.8113235143696688 0.3988630039233838
0 0.5325704225352113 0.6948356807511737 0.6146423545675461 0.9233011527695123
0 0.05149647887323944 0.44190140845070425 0.11441395401458045 0.5437547526945712
0 0.2746478873239437 0.2676056338028169 0.35111151061297363 0.3748429544402565
0 0.8279049295774648 0.2494131455399061 0.8645123657880381 0.39011184674557514
0 0.6914612676056338 0.11795774647887323 0.7382519976815115 0.26460213747272365
0 0.8705985915492958 0.7423708920187794 0.9230323069579448 0.891583115673698
0 0.8741197183098591 0.2300469483568075 0.9155483628000397 0.4118368269082413
0 0.7407570422535211 0.999 0.8139345259497124 0.999
0 0.7737676056338029 0.7370892018779343 0.8249235177792105 0.8587223654918557
0 0.35563380281690143 0.7318075117370892 0.4536286823050982 0.999
0 0.488556338028169 0.7253521126760564 0.5385173607667129 0.98490296237519
0 0.6919014084507042 0.9964788732394366 0.736051099732196 0.999
0 0.8367077464788732 0.7447183098591549 0.875952153280599 0.866346996297031
