0 0.3783010563380282 0.06895539906103286 0.09463028169014084 0.13438967136150234
0 0.6309419014084507 0.11854460093896714 0.1835387323943662 0.23591549295774647
0 0.18397887323943662 0.5484154929577465 0.06866197183098592 0.2857981220657277
0 0.24889964788732394 0.5563380281690141 0.08230633802816902 0.2793427230046948
0 0.4159330985915493 0.48708920187793425 0.0625 0.2805164319248826
0 0.11289612676056338 0.5416666666666666 0.07966549295774648 0.2852112676056338
0 0.3263644366197183 0.539612676056338 0.08054577464788733 0.26936619718309857
0 0.15845070422535212 0.11355633802816902 0.09419014084507042 0.22593896713615025
0 0.5407130281690141 0.5132042253521126 0.05149647887323944 0.24471830985915494
0 0.5959507042253521 0.5296361502347418 0.061619718309859156 0.2576291079812207
0 0.2605633802816901 0.11355633802816902 0.10915492957746478 0.22593896713615025
0 0.4819542253521127 0.4903169014084507 0.05897887323943662 0.2705399061032864
0 0.06492077464788733 0.11120892018779342 0.10079225352112677 0.22124413145539906
0 0.058318661971830985 0.5299295774647887 0.055897887323943664 0.2687793427230047
0 0.6487676056338029 0.5369718309859155 0.045774647887323945 0.2546948356807512
0 0.6993838028169014 0.5528169014084507 0.061619718309859156 0.21244131455399062
0 0.7634242957746479 0.5880281690140845 0.06910211267605634 0.20305164319248825
0 0.47491197183098594 0.11795774647887323 0.1056338028169014 0.2347417840375587
0 0.3259242957746479 0.977406103286385 0.09375 0.2764084507042254
0 0.8838028169014085 0.1238262910798122 0.09507042253521127 0.24647887323943662
0 0.9995598591549296 0.12294600938967136 0.08098591549295775 0.22711267605633803
0 1.0867077464788732 0.14465962441314553 0.09419014084507042 0.2881455399061033
0 0.788512323943662 0.1238262910798122 0.09463028169014084 0.24647887323943662
0 0.9141725352112676 0.6798708920187794 0.07922535211267606 0.0698356807511737
0 1.008362676056338 0.6549295774647887 0.0818661971830986 0.12910798122065728
0 1.0096830985915493 0.516725352112676 0.08714788732394366 0.15082159624413147
0 0.819762323943662 0.5780516431924883 0.04973591549295775 0.215962441314554
0 1.078125 0.5894953051643192 0.06998239436619719 0.24706572769953053
0 0.9231954225352113 0.5768779342723005 0.09375 0.11737089201877934
0 0.8866637323943662 0.3732394366197183 0.08142605633802817 0.08568075117370892
0 0.7684859154929577 0.43221830985915494 0.06426056338028169 0.08157276995305164
0 0.6084947183098591 0.9747652582159625 0.08670774647887323 0.28169014084507044
0 0.5035211267605634 0.9847417840375586 0.0880281690140845 0.2852112676056338
0 0.7792693661971831 1.0214201877934272 0.07790492957746478 0.22476525821596244
0 0.1430457746478873 0.9257629107981221 0.0801056338028169 0.2881455399061033
0 0.23877640845070422 0.9665492957746479 0.09463028169014084 0.284037558685446
0 0.6941021126760564 0.9973591549295775 0.09419014084507042 0.2834507042253521
0 0.4170334507042254 0.9556924882629108 0.08318661971830986 0.2857981220657277
0 0.948943661971831 0.9580399061032864 0.04753521126760563 0.24119718309859156
0 0.07702464788732394 0.8714788732394366 0.06338028169014084 0.25586854460093894
0 0.8536531690140845 1.0208333333333333 0.06734154929577464 0.23650234741784038
0 0.9088908450704225 0.9859154929577465 0.0448943661971831 0.23826291079812206
0 1.0503961267605635 0.9909037558685446 0.11399647887323944 0.12147887323943662
0 0.8470510563380281 0.8259976525821596 0.047975352112676055 0.12265258215962441
