0 0.21566901408450703 0.08392018779342723 0.3137254977930966 0.4195516900306377
0 0.9238556338028169 0.5328638497652582 0.9877095705837136 0.7614243756750203
0 0.24955985915492956 0.5211267605633803 0.294784524709879 0.7479336110560074
0 0.6320422535211268 0.6173708920187794 0.7109894180222178 0.6938865194295665
0 0.4441021126760563 0.11384976525821597 0.5561425606898432 0.4230552524851771
0 0.6971830985915493 0.14906103286384975 0.8126332820868876 0.4394665134783663
0 0.4766725352112676 0.5674882629107981 0.5209169575109105 0.7561223660428927
0 0.320862676056338 0.11971830985915492 0.44176018368131326 0.416009554982477
0 0.5743838028169014 0.12206572769953052 0.6832859226219996 0.43596122903304013
0 0.3419894366197183 0.5416666666666666 0.38893398352261455 0.7526163928012519
0 0.6747359154929577 0.8585680751173709 0.7461818944033922 0.9431581173268091
0 0.30545774647887325 0.5211267605633803 0.33745358373834555 0.7461730476757257
0 0.5360915492957746 0.5751173708920188 0.5891126357617535 0.7543573254865658
0 0.4198943661971831 0.5639671361502347 0.47076589156417376 0.7514295967510856
0 0.8235035211267606 0.5815727699530516 0.8653945847178139 0.7443770112852388
0 0.9903169014084507 0.5299295774647887 0.999 0.7643603699662765
0 0.7636443661971831 0.5868544600938967 0.8161251565289624 0.7584584187440763
0 0.999 0.5580985915492958 0.999 0.7631701299345368
0 0.9511443661971831 0.1443661971830986 0.999 0.4476852311049395
0 0.8261443661971831 0.1414319248826291 0.9371363801205118 0.4512080798562895
0 0.999 0.15434272300469484 0.999 0.4564821932376733
0 0.5972711267605634 0.8685446009389671 0.6630293701026583 0.9337625911966321
0 0.2623239436619718 0.999 0.30490214615155725 0.999
0 0.5176056338028169 0.999 0.6494200679428686 0.999
0 0.40625 0.999 0.4531662632042254 0.999
0 0.34419014084507044 0.999 0.38761259236758583 0.999
0 0.34683098591549294 0.8755868544600939 0.4166607257984527 0.9390401485595891
0 0.46610915492957744 0.999 0.5112385082944851 0.999
0 0.24647887323943662 0.8221830985915493 0.3361591202142432 0.9220527094491834
0 0.8705985915492958 0.999 0.9247928703382264 0.999
0 0.8089788732394366 0.999 0.8654009776086093 0.999
0 0.8886443661971831 0.5316901408450704 0.9234645051205118 0.7526222475699266
0 0.6558098591549296 0.999 0.7875634639704424 0.999
