0 0.00044014084507042255 0.24002347417840375 0.08494698937462805 0.5327229909189094
0 0.5981514084507042 0.17136150234741784 0.800352926316703 0.6072938019352421
0 0.38028169014084506 0.16314553990610328 0.5979840309462408 0.5990826610681302
0 0.8028169014084507 0.20481220657276994 0.989963548899028 0.6289877862637484
0 0.9964788732394366 0.21185446009389672 0.999 0.636612761467081
0 0.8811619718309859 0.7030516431924883 0.999 0.8651977396460138
0 0.43309859154929575 0.6795774647887324 0.7273621925213252 0.999
0 0.8965669014084507 0.8656103286384976 0.999 0.999
0 0.999 0.9495305164319249 0.999 0.999
0 0.7323943661971831 0.8738262910798122 0.8896424320571314 0.999
0 0.999 0.7564553990610329 0.999 0.9443917515263727
