0 0.00044014084507042255 0.2136150234741784 0.10123220064223369 0.6055084418876325
0 0.16329225352112675 0.7165492957746479 0.31991052277573895 0.999
0 0.3248239436619718 0.7188967136150235 0.48489224298254313 0.999
0 0.09903169014084508 0.2130281690140845 0.259639510699762 0.5972928238444752
0 0.49559859154929575 0.721244131455399 0.6569121485072407 0.999
0 0.45598591549295775 0.14612676056338028 0.6529683160583218 0.6120034467367585
0 0.24691901408450703 0.15434272300469484 0.45323639127901205 0.6108249162423681
0 0.667693661971831 0.1572769953051643 0.8416955573670899 0.5990861050497035
0 0.6817781690140845 0.7300469483568075 0.8377280905946242 0.999
0 0.00044014084507042255 0.7118544600938967 0.1465667076844872 0.999
0 0.999 0.8890845070422535 0.999 0.999
0 0.8411091549295775 0.7276995305164319 0.999 0.999
0 0.999 0.3274647887323944 0.999 0.7351364643258612
