0 0.3164612676056338 0.7030516431924883 0.4721318392308073 0.9455968006788776
0 0.2847711267605634 0.0005868544600938967 0.37531480144068635 0.21009355231545768
0 0.9084507042253521 0.1784037558685446 0.9969593086689149 0.2534164297207344
0 0.999 0.397887323943662 0.999 0.6423721318521457
0 0.7011443661971831 0.37265258215962443 0.7906244963176948 0.642386940972911
0 0.3477112676056338 0.4025821596244131 0.42942442285756793 0.6288717240847275
0 0.6056338028169014 0.3573943661971831 0.6982369569529855 0.6054240643390861
0 0.7345950704225352 0.028755868544600938 0.7914900549866098 0.25174368787057244
0 0.7940140845070423 0.37089201877934275 0.8777315078853402 0.6271297582049417
0 0.6258802816901409 0.0005868544600938967 0.7246364963548899 0.2453048199210915
0 0.02596830985915493 0.3456572769953052 0.07833364070868874 0.6019098255416694
0 0.2363556338028169 0.38204225352112675 0.34276568854146 0.6224283789592012
0 0.5052816901408451 0.0005868544600938967 0.5952881682701845 0.2282860405783685
0 0.4269366197183099 0.0733568075117371 0.5072944821216028 0.20300859342282174
0 0.37588028169014087 0.004107981220657277 0.4254507569182702 0.18485674414247613
0 0.11883802816901408 0.0005868544600938967 0.2054934691777425 0.2118541156957394
0 0.9124119718309859 0.09389671361502347 0.9951970017729618 0.1730669620225264
0 0.14392605633802816 0.4413145539906103 0.22969017339069628 0.6223935947453106
0 0.999 0.005868544600938967 0.999 0.2670153353611497
0 0.8419894366197183 0.020539906103286387 0.901918138452192 0.25350907282505675
0 0.6985035211267606 0.7053990610328639 0.8755728417600674 0.9690696014900041
0 0.5088028169014085 0.6995305164319249 0.694758449464392 0.9690730454715776
0 0.1602112676056338 0.693075117370892 0.3150703295477088 0.9508843455883974
0 0.8802816901408451 0.7147887323943662 0.999 0.9626086920584541
0 0.999 0.7106807511737089 0.999 0.959089976084992
