0 0.516725352112676 0.8838028169014085 0.6027655258133306 0.999
0 0.6043133802816901 0.8609154929577465 0.6687481015051577 0.999
0 0.71875 0.9172535211267606 0.8443139304577465 0.999
0 0.3886443661971831 0.0005868544600938967 0.5033500685007934 0.16784003118869711
0 0.14392605633802816 0.3004694835680751 0.19976059592590756 0.5978283629791267
0 0.05501760563380282 0.2981220657276995 0.13641944647639356 0.6072194119332583
0 0.24559859154929578 0.3444835680751174 0.29610669076076174 0.6236241293614583
0 0.5466549295774648 0.4765258215962441 0.6595305215978973 0.6035935881328661
0 0.3032570422535211 0.35093896713615025 0.3563806086961912 0.627141467742291
0 0.6641725352112676 0.36384976525821594 0.75014781138415 0.5631667548325949
0 0.4859154929577465 0.3902582159624413 0.549962185082325 0.6588085339108202
0 0.20290492957746478 0.3427230046948357 0.24726984818240427 0.6206908902554608
0 0.167693661971831 0.0005868544600938967 0.3639226700431462 0.16314519550794596
0 0.7376760563380281 0.008215962441314555 0.8579499665244992 0.18954916903612598
0 0.5066021126760564 0.0005868544600938967 0.6049706856898432 0.12969449128259383
0 0.3644366197183099 0.37265258215962443 0.40917058247371557 0.6259550160902819
0 0.6197183098591549 0.0029342723004694834 0.7021920253917874 0.1713597803566312
0 0.5418133802816901 0.6044600938967136 0.6529305398854395 0.7109128755317508
0 0.035211267605633804 0.0005868544600938967 0.16811830489982146 0.1578635053671009
0 0.3419894366197183 0.8192488262910798 0.4355889131000793 0.999
0 0.1430457746478873 0.8268779342723005 0.24069408196538383 0.999
0 0.43705985915492956 0.9066901408450704 0.5187336884422733 0.999
0 0.258362676056338 0.8215962441314554 0.34275600234328507 0.999
0 0.06029929577464789 0.7699530516431925 0.13641712178883159 0.999
0 0.6597711267605634 0.8333333333333334 0.7131779176378695 0.999
0 0.7566021126760564 0.4536384976525822 0.8266916363940686 0.6992642966563072
0 0.999 0.880868544600939 0.999 0.999
0 0.04709507042253521 0.6825117370892019 0.04707434195844079 0.6821112020322246
