0 0.8609154929577465 1.0357981220657277 0.12588028169014084 0.20305164319248825
0 0.29797535211267606 1.0443075117370892 0.1522887323943662 0.19307511737089203
0 0.8193221830985915 0.7030516431924883 0.07526408450704225 0.2112676056338028
0 0.902068661971831 0.6921948356807511 0.07086267605633803 0.20950704225352113
0 0.5994718309859155 1.0381455399061033 0.14084507042253522 0.20422535211267606
0 0.7295334507042254 1.0375586854460095 0.12720070422535212 0.19953051643192488
0 0.45268485915492956 1.0404929577464788 0.1544894366197183 0.19953051643192488
0 0.5699823943661971 0.7931338028169014 0.08714788732394366 0.11208920187793427
0 0.6800176056338029 0.7928403755868545 0.0818661971830986 0.07511737089201878
0 1.0757042253521127 0.846830985915493 0.040492957746478875 0.1983568075117371
0 0.14392605633802816 0.7869718309859155 0.0 0.0
0 0.17165492957746478 0.3312793427230047 0.13556338028169015 0.20950704225352113
