0 0.5 0.4618544600938967 0.561399647887324 0.7344707426877383
0 0.9683098591549296 0.09330985915492958 0.999 0.2957198885803081
0 0.8028169014084507 0.8268779342723005 0.8715656615750843 0.999
0 0.003961267605633803 0.04518779342723005 0.1426038902871454 0.35384672077850515
0 0.999 0.5604460093896714 0.999 0.7344128837973066
0 0.3287852112676056 0.43427230046948356 0.41050669664997025 0.7362474927814147
0 0.2438380281690141 0.4612676056338028 0.31371309945943265 0.7209734345037361
0 0.4269366197183099 0.43838028169014087 0.49981208775540564 0.7292028284731865
0 0.448943661971831 0.02992957746478873 0.5913516973318786 0.30866788170336573
0 0.16637323943661972 0.4213615023474178 0.237162687834755 0.7209968535784346
0 0.764524647887324 0.6109154929577465 0.87290293809512 0.734383265555776
0 0.5889084507042254 0.023474178403755867 0.6859203748016267 0.30397683440234524
0 0.6197183098591549 0.6314553990610329 0.7409244197579845 0.7279158125592365
0 0.09110915492957747 0.6261737089201878 0.16413243435082325 0.7226372220018075
0 0.14172535211267606 0.04460093896713615 0.2860291701795279 0.350912792876193
0 0.2860915492957746 0.04753521126760563 0.41052548787442966 0.24527726806850494
0 0.43705985915492956 0.806924882629108 0.5187336884422733 0.999
0 0.8758802816901409 0.5862676056338029 0.9410757569182702 0.7408531293394168
0 0.999 0.056924882629107984 0.999 0.3391684713130111
0 0.22931338028169015 0.7822769953051644 0.3374870979840309 0.999
0 0.3415492957746479 0.7934272300469484 0.42942713499305696 0.999
0 0.14568661971830985 0.789906103286385 0.23585137032582823 0.999
0 0.522887323943662 0.8245305164319249 0.5921994333961516 0.999
0 0.05369718309859155 0.7816901408450704 0.14522284454969253 0.999
0 0.6355633802816901 0.8908450704225352 0.6775371640051577 0.999
0 0.7183098591549296 0.886150234741784 0.7606873636183297 0.999
0 0.6778169014084507 0.8914319248826291 0.7162509608708589 0.999
0 0.8820422535211268 0.8667840375586855 0.9573582560503869 0.999
0 0.7640845070422535 0.8321596244131455 0.8029207374528863 0.999
0 0.596830985915493 0.806924882629108 0.6467443525590161 0.999
0 0.9630281690140845 0.8186619718309859 0.999 0.999
0 0.999 0.8233568075117371 0.999 0.999
0 0.6910211267605634 0.04753521126760563 0.8240796561942075 0.3608875967070026
0 0.8494718309859155 0.05575117370892019 0.9397669578208689 0.3978546061187154
0 0.0008802816901408451 0.4242957746478873 0.09991158438305892 0.7192345682073663
