0 0.22139084507042253 0.7194835680751174 0.4118743878322753 0.9673007725539465
0 0.03345070422535211 0.40082159624413144 0.128066262894267 0.6288727572791994
0 0.6808978873239436 0.0005868544600938967 0.7840312949439595 0.25176021898212436
0 0.3199823943661972 0.3532863849765258 0.4025880359179726 0.5972105126848729
0 0.38688380281690143 0.37734741784037557 0.47782267438256293 0.6488395848486852
0 0.8129401408450704 0.0005868544600938967 0.8808041636704027 0.25528134574268774
0 0.4837147887323944 0.02171361502347418 0.5728504776458044 0.24001073144658247
0 0.24735915492957747 0.0005868544600938967 0.3440812679775838 0.23943627532015252
0 0.7640845070422535 0.32335680751173707 0.9459665121007736 0.6705848845026339
0 0.49471830985915494 0.34683098591549294 0.5794477472227733 0.635359840970707
0 0.3855633802816901 0.01056338028169014 0.44701339639952387 0.24353840177213518
0 0.1505281690140845 0.0005868544600938967 0.24069078865800433 0.2435442565408098
0 0.9850352112676056 0.6384976525821596 0.999 0.7255642619409729
0 0.5765845070422535 0.056338028169014086 0.6771229821711962 0.15137538848112148
0 0.9049295774647887 0.0005868544600938967 0.9687918443761159 0.2570419091229694
0 0.999 0.3597417840375587 0.999 0.5637560200797902
0 0.999 0.6813380281690141 0.999 0.757816116180652
0 0.5977112676056338 0.721244131455399 0.7563390355336242 0.9925344811435121
0 0.4119718309859155 0.7206572769953051 0.5966496602856576 0.9708212105181953
0 0.7557218309859155 0.7306338028169014 0.9098786435603056 0.9825524449513985
0 0.05985915492957746 0.7095070422535211 0.20199830142828804 0.9356164864775507
0 0.999 0.8315727699530516 0.999 0.9807326450880557
0 0.9911971830985915 0.8280516431924883 0.999 0.9578473875333376
0 0.5805457746478874 0.1613849765258216 0.6771212386555248 0.25342641726729703
0 0.10387323943661972 0.008802816901408451 0.14652118255306487 0.18485398895721747
0 0.0044014084507042256 0.01056338028169014 0.058536795154731196 0.2247590590491305
