0 0.417693661971831 0.0017605633802816902 0.47340770525441384 0.2335670419228989
0 0.7099471830985915 0.9454225352112676 0.8465185091623686 0.999
0 0.2860915492957746 0.4448356807511737 0.3827966146349931 0.8230957537084794
0 0.6641725352112676 0.5803990610328639 0.7461865437785161 0.8318190146355441
0 0.15536971830985916 0.44190140845070425 0.2860231647366594 0.8635904334457448
0 0.02112676056338028 0.4424882629107981 0.15139915195397738 0.8665243613480571
0 0.8023767605633803 0.5886150234741784 0.8856503623413013 0.8347484653618109
0 0.3767605633802817 0.43838028169014087 0.4971933272168221 0.8383577580506514
0 0.53125 0.0005868544600938967 0.6234457526408451 0.23532829409949524
0 0.0022007042253521128 0.0005868544600938967 0.11531593278863321 0.2417836931605281
0 0.801056338028169 0.004107981220657277 0.8904924928089665 0.24354219015186582
0 0.16593309859154928 0.0035211267605633804 0.2798565435305495 0.24178197116974146
0 0.28213028169014087 0.0005868544600938967 0.4092068088548899 0.23826256639996474
0 0.11223591549295775 0.002347417840375587 0.15928158630480066 0.23826153320549273
0 0.6434859154929577 0.0005868544600938967 0.7171463530301528 0.23532829409949524
0 0.5462147887323944 0.4336854460093897 0.6617314195472128 0.8219285883532809
0 0.999 0.44014084507042256 0.999 0.823098508893738
0 0.8886443661971831 0.44190140845070425 0.9974081670923428 0.8348345649011439
0 0.8934859154929577 0.0029342723004694834 0.999 0.2400217521876171
0 0.999 0.0011737089201877935 0.999 0.2417833487623708
