0 0.42891725352112675 0.7414906103286385 0.10695422535211267 0.2846244131455399
0 0.5508362676056338 0.24295774647887325 0.12191901408450705 0.36032863849765256
0 0.4282570422535211 0.2318075117370892 0.12059859154929578 0.352112676056338
0 0.8741197183098591 0.2652582159624413 0.08450704225352113 0.3051643192488263
0 0.8301056338028169 0.704518779342723 0.11707746478873239 0.3257042253521127
0 0.538512323943662 0.7367957746478874 0.09639084507042253 0.27875586854460094
0 0.3045774647887324 0.24178403755868544 0.09683098591549295 0.35563380281690143
0 0.7753080985915493 0.255575117370892 0.1131161971830986 0.3444835680751174
0 0.6659330985915493 0.24413145539906103 0.10035211267605634 0.36032863849765256
0 0.11949823943661972 0.2755281690140845 0.09903169014084508 0.30809859154929575
0 0.08428697183098592 0.7417840375586855 0.10255281690140845 0.30164319248826293
0 0.3191021126760563 0.7062793427230047 0.10035211267605634 0.36913145539906106
0 0.6443661971830986 0.7414906103286385 0.11267605633802817 0.2517605633802817
0 0.7367957746478874 0.727406103286385 0.06690140845070422 0.267018779342723
0 0.21764964788732394 0.761150234741784 0.16505281690140844 0.47417840375586856
0 1.0466549295774648 0.6977699530516432 0.09595070422535211 0.3215962441314554
0 0.977112676056338 0.26291079812206575 0.10915492957746478 0.3333333333333333
0 0.9432218309859155 0.7007042253521126 0.10475352112676056 0.3227699530516432
0 1.0691021126760563 0.2705399061032864 0.06602112676056338 0.3215962441314554
