0 0.8578345070422535 0.8838028169014085 0.9710132770655624 0.999
0 0.991637323943662 0.8873239436619719 0.999 0.999
0 0.10123239436619719 0.24354460093896713 0.26976178151656416 0.6559603611496837
0 0.0030809859154929575 0.3392018779342723 0.09859019322803016 0.6089558674425268
0 0.002640845070422535 0.8603286384976526 0.10871362638861337 0.999
0 0.41329225352112675 0.79518779342723 0.5288673889729221 0.8850967207785052
0 0.31117957746478875 0.9055164319248826 0.4219581075803412 0.999
0 0.19058098591549297 0.9495305164319249 0.3009724555519738 0.999
0 0.4269366197183099 0.9964788732394366 0.5363437778962508 0.999
0 0.18309859154929578 0.79518779342723 0.3000954671692124 0.937326767726862
0 0.5444542253521126 0.8720657276995305 0.6480878282458837 0.9918591163569839
0 0.4278169014084507 0.8955399061032864 0.5363433904483237 0.9795213967687187
0 0.5387323943661971 0.9964788732394366 0.646769924122198 0.999
0 0.2108274647887324 0.0005868544600938967 0.34013607946092045 0.11443627532015252
0 0.3389084507042254 0.11267605633802817 0.3387592832523309 0.1126099318918204
0 0.0008802816901408451 0.0005868544600938967 0.06734116184784765 0.12793392790231214
0 0.14920774647887325 0.01232394366197183 0.2081209472946836 0.11266882397672419
0 0.4234154929577465 0.028755868544600938 0.5024544826175362 0.1126591808283189
0 0.5048415492957746 0.0035211267605633804 0.6529468126983733 0.11912938901011703
0 0.6558098591549296 0.0005868544600938967 0.7334261400267804 0.1191311110009037
0 0.7315140845070423 0.11913145539906103 0.7311921152797064 0.11906154257312261
0 0.5501760563380281 0.7482394366197183 0.658208549270978 0.8299599533822654
0 0.5589788732394366 0.75 0.5587328438057925 0.7495598591549296
0 0.4242957746478873 0.7247652582159625 0.532383672634398 0.794762461702925
0 0.5677816901408451 0.5416666666666666 0.5675317862279309 0.5413487871674492
0 0.8873239436619719 0.5803990610328639 0.8869333961515572 0.5800584512552625
0 0.8860035211267606 0.5821596244131455 0.8856135547882366 0.5818179814410721
0 0.9889964788732394 0.8703051643192489 0.9885611811272565 0.8697944218519253
0 0.9172535211267606 0.7764084507042254 0.9885927581333068 0.8686758166369107
0 0.9955985915492958 0.7816901408450704 0.999 0.8745412616544337
0 0.41329225352112675 0.7987089201877934 0.4131103467194009 0.7982401942956644
