0 0.38930457746478875 0.295481220657277 0.13600352112676056 0.3421361502347418
0 0.5107834507042254 1.0363849765258215 0.12191901408450705 0.1983568075117371
0 0.6445862676056338 0.7130281690140845 0.13600352112676056 0.27816901408450706
0 0.5886883802816901 0.3160211267605634 0.17473591549295775 0.3374413145539906
0 1.0202464788732395 0.29460093896713613 0.07834507042253522 0.2335680751173709
0 0.9095510563380281 0.2793427230046948 0.10607394366197183 0.21713615023474178
0 0.7367957746478874 0.29107981220657275 0.11971830985915492 0.2734741784037559
0 0.2363556338028169 0.2802230046948357 0.15757042253521128 0.34917840375586856
0 0.8694982394366197 0.6948356807511737 0.08846830985915492 0.2476525821596244
0 0.7737676056338029 0.721537558685446 0.11619718309859155 0.2576291079812207
0 0.9678697183098591 0.687793427230047 0.0880281690140845 0.23826291079812206
0 1.0748239436619718 0.6810446009389671 0.12323943661971831 0.2142018779342723
0 1.101012323943662 0.31660798122065725 0.07966549295774648 0.26936619718309857
0 1.1199383802816902 0.038438967136150234 0.04005281690140845 0.06866197183098592
0 1.0682218309859155 0.03198356807511737 0.0448943661971831 0.061619718309859156
0 0.7599031690140845 1.0363849765258215 0.13424295774647887 0.20187793427230047
0 0.2579225352112676 1.0472417840375587 0.11707746478873239 0.18603286384976525
0 0.8877640845070423 1.0252347417840375 0.12235915492957747 0.18661971830985916
0 0.6362235915492958 1.039612676056338 0.12015845070422536 0.20246478873239437
0 1.0275088028169015 1.0313967136150235 0.11663732394366197 0.2153755868544601
