0 0.999 0.3380281690140845 0.999 0.4780880116379025
0 0.8543133802816901 0.3386150234741784 0.8970711648854395 0.46693743249796116
0 0.7544014084507042 0.33274647887323944 0.8055658444505058 0.4628328952588772
0 0.6782570422535211 0.25 0.7475007671468954 0.46464201877934275
0 0.4903169014084507 0.23650234741784038 0.5838510929131124 0.4376546347726421
0 0.8125 0.3427230046948357 0.8557163292253521 0.46576131279067207
0 0.9529049295774648 0.33392018779342725 0.9916580524077564 0.46224535200246863
0 0.397887323943662 0.23591549295774647 0.4883812115651656 0.4493920683726774
0 0.5889084507042254 0.24178403755868544 0.6731562902945845 0.44762806101082236
0 0.21830985915492956 0.01056338028169014 0.2727912368577663 0.09447736890828538
0 0.30633802816901406 0.23826291079812206 0.39291094276929184 0.45115125416032975
0 0.20334507042253522 0.5616197183098591 0.2573928938950605 0.8054215846723534
0 0.5325704225352113 0.999 0.6216846080886729 0.999
0 0.22711267605633803 0.2282863849765258 0.30623806660384845 0.42885663944543634
0 0.33934859154929575 0.5246478873239436 0.4131428923452688 0.7796216855121338
0 0.1487676056338028 0.0005868544600938967 0.20327959172287244 0.09096209691639666
0 0.6117957746478874 0.5328638497652582 0.7083574842541163 0.7731614648768983
0 0.9044894366197183 0.3362676056338028 0.9489857000719103 0.4628308288699332
0 0.7222711267605634 0.5757042253521126 0.8267067468632217 0.7426198918865304
0 0.999 0.3374413145539906 0.999 0.4728066658952148
0 0.9300176056338029 0.07276995305164319 0.999 0.237633350966519
0 0.6399647887323944 0.999 0.7325528323993256 0.999
0 0.28257042253521125 0.9776995305164319 0.51704112217318 0.999
0 0.8446302816901409 0.9923708920187794 0.9824627507562984 0.999
0 0.1034330985915493 0.5105633802816901 0.20065870022069035 0.8670712656219005
0 0.2790492957746479 0.004107981220657277 0.3801588691479865 0.1026971197293306
0 0.3807218309859155 0.0005868544600938967 0.48178665412368576 0.09800435043752342
0 0.5642605633802817 0.0005868544600938967 0.6582023501041461 0.11091514855958914
0 0.6747359154929577 0.0005868544600938967 0.744861471868181 0.10622031287883797
0 0.0721830985915493 0.24002347417840375 0.1993520320868875 0.44762909420529434
