0 0.7647447183098591 0.6804577464788732 0.08142605633802817 0.11913145539906103
0 1.069762323943662 0.7086267605633803 0.04709507042253521 0.2130281690140845
0 1.117737676056338 0.3078051643192488 0.04621478873239437 0.20950704225352113
0 0.3347271126760563 1.0378521126760563 0.09375 0.198943661971831
0 0.6045334507042254 0.602112676056338 0.06205985915492958 0.25821596244131456
0 0.6131161971830986 0.22241784037558684 0.10827464788732394 0.33098591549295775
0 0.1952024647887324 0.20980046948356806 0.10167253521126761 0.31866197183098594
0 0.7233714788732394 0.2318075117370892 0.10167253521126761 0.3215962441314554
0 0.37037852112676056 0.6091549295774648 0.09022887323943662 0.32511737089201875
0 0.8191021126760564 0.2634976525821596 0.08626760563380281 0.2652582159624413
0 0.16153169014084506 0.6267605633802817 0.09066901408450705 0.29694835680751175
0 0.40625 0.22417840375586853 0.08890845070422536 0.3004694835680751
0 0.511443661971831 0.22505868544600938 0.0977112676056338 0.31514084507042256
0 0.527068661971831 0.636443661971831 0.07174295774647887 0.301056338028169
0 0.09551056338028169 0.21185446009389672 0.08714788732394366 0.3075117370892019
0 0.996919014084507 0.6907276995305164 0.08714788732394366 0.26291079812206575
0 0.6897007042253521 0.6443661971830986 0.07042253521126761 0.318075117370892
0 0.998899647887324 0.31161971830985913 0.042693661971830985 0.18192488262910797
0 0.07680457746478873 0.6264671361502347 0.05941901408450704 0.26115023474178406
0 0.2720070422535211 0.5865610328638498 0.08890845070422536 0.2529342723004695
0 0.8767605633802817 0.6622652582159625 0.08626760563380281 0.272887323943662
0 0.8987676056338029 0.28080985915492956 0.06514084507042253 0.22711267605633803
0 1.003080985915493 0.5176056338028169 0.05545774647887324 0.062206572769953054
0 0.9502640845070423 0.29870892018779344 0.03961267605633803 0.20774647887323944
0 1.0805457746478873 0.31220657276995306 0.03345070422535211 0.1983568075117371
0 1.0451144366197183 0.30809859154929575 0.03653169014084507 0.19248826291079812
0 0.1586707746478873 1.01731220657277 0.07878521126760564 0.24354460093896713
0 0.7244718309859155 1.0319835680751173 0.08450704225352113 0.2177230046948357
0 0.07482394366197183 0.9947183098591549 0.08626760563380281 0.28169014084507044
0 0.2425176056338028 1.0252347417840375 0.08890845070422536 0.2312206572769953
0 0.628080985915493 1.0243544600938967 0.10299295774647887 0.22946009389671362
0 0.40096830985915494 1.0484154929577465 0.04401408450704225 0.18368544600938966
0 0.7689260563380281 0.5586854460093896 0.06073943661971831 0.11032863849765258
0 1.0341109154929577 1.011150234741784 0.09375 0.2335680751173709
0 0.9355193661971831 0.9897300469483568 0.08934859154929578 0.24119718309859156
0 1.1091549295774648 1.0267018779342723 0.051056338028169015 0.24354460093896713
