0 0.9414612676056338 0.4345657276995305 0.10827464788732394 0.4289906103286385
0 1.0387323943661972 0.4354460093896714 0.07658450704225352 0.43779342723004694
0 0.3659771126760563 0.4163732394366197 0.1949823943661972 0.4125586854460094
0 0.14590669014084506 0.40023474178403756 0.08934859154929578 0.2863849765258216
0 0.10255281690140845 0.2535211267605634 0.0 0.0
0 0.053477112676056336 0.4128521126760563 0.10079225352112677 0.2681924882629108
0 0.04643485915492958 0.24413145539906103 0.08670774647887323 0.05516431924882629
0 0.585387323943662 0.39436619718309857 0.12852112676056338 0.3826291079812207
0 0.04973591549295775 0.18163145539906103 0.09066901408450705 0.06044600938967136
0 0.26848591549295775 0.21009389671361503 0.0 0.0
0 0.3615757042253521 0.9049295774647887 0.10783450704225352 0.20657276995305165
