0 0.8424295774647887 1.0352112676056338 0.12235915492957747 0.19014084507042253
0 0.6371038732394366 1.0390258215962442 0.11839788732394366 0.20246478873239437
0 1.0096830985915493 0.7362089201877934 0.1073943661971831 0.2318075117370892
0 0.7702464788732394 0.3230633802816901 0.07570422535211267 0.2963615023474178
0 0.6558098591549296 0.7247652582159625 0.08274647887323944 0.26173708920187794
0 0.5644806338028169 0.7365023474178404 0.09110915492957747 0.2511737089201878
0 0.561399647887324 0.3145539906103286 0.09815140845070422 0.289906103286385
0 0.6709947183098591 0.3257042253521127 0.1131161971830986 0.2887323943661972
0 0.21324823943661972 0.36326291079812206 0.11839788732394366 0.45422535211267606
0 0.323943661971831 0.37235915492957744 0.1056338028169014 0.4595070422535211
0 0.7235915492957746 0.7294600938967136 0.0528169014084507 0.25821596244131456
0 0.43221830985915494 0.3659037558685446 0.1056338028169014 0.4454225352112676
0 0.7900528169014085 0.7194835680751174 0.08362676056338028 0.26173708920187794
0 0.9403609154929577 0.3559272300469484 0.12808098591549297 0.29518779342723006
0 0.8904049295774648 0.7171361502347418 0.08714788732394366 0.2535211267605634
0 0.7242517605633803 0.9929577464788732 0.08670774647887323 0.11384976525821597
0 0.9564260563380281 1.0152582159624413 0.0977112676056338 0.1772300469483568
0 1.102112676056338 0.7171361502347418 0.06602112676056338 0.2300469483568075
0 1.056338028169014 0.3591549295774648 0.09419014084507042 0.2981220657276995
0 1.0807658450704225 1.017605633802817 0.12015845070422536 0.21244131455399062
