0 0.10277288732394366 0.8016431924882629 0.08230633802816902 0.2992957746478873
0 1.068661971830986 0.3884976525821596 0.1443661971830986 0.25234741784037557
0 0.07196302816901408 0.3999413145539906 0.10871478873239436 0.2811032863849765
0 0.18155809859154928 0.3937793427230047 0.1113556338028169 0.27230046948356806
0 0.398987676056338 0.3761737089201878 0.09991197183098592 0.2640845070422535
0 0.6102552816901409 0.3477112676056338 0.11399647887323944 0.3444835680751174
0 0.7141285211267606 0.3500586854460094 0.09727112676056338 0.3538732394366197
0 0.5501760563380281 0.8327464788732394 0.06778169014084508 0.2664319248826291
0 0.4003080985915493 0.8004694835680751 0.07878521126760564 0.2605633802816901
0 0.5013204225352113 0.340962441314554 0.10035211267605634 0.33098591549295775
0 0.2929137323943662 0.3884976525821596 0.10431338028169014 0.2734741784037559
0 0.17143485915492956 0.8025234741784038 0.08318661971830986 0.31396713615023475
0 0.9212147887323944 0.7467723004694836 0.07042253521126761 0.22711267605633803
0 0.4784330985915493 0.8054577464788732 0.07306338028169014 0.2576291079812207
0 0.3076584507042254 0.8324530516431925 0.09066901408450705 0.2775821596244131
0 0.03829225352112676 0.8327464788732394 0.07570422535211267 0.2535211267605634
0 0.24559859154929578 0.7907863849765259 0.06602112676056338 0.2764084507042254
0 0.9317781690140845 0.3761737089201878 0.0994718309859155 0.27816901408450706
0 0.9850352112676056 0.7599765258215962 0.051056338028169015 0.22652582159624413
0 0.8589348591549296 0.7188967136150235 0.06910211267605634 0.26291079812206575
0 0.8069982394366197 0.7294600938967136 0.04973591549295775 0.25234741784037557
0 0.7550616197183099 0.8022300469483568 0.055897887323943664 0.2511737089201878
0 0.7915933098591549 0.30839201877934275 0.05501760563380282 0.20833333333333334
0 1.0308098591549295 0.7693661971830986 0.05545774647887324 0.22887323943661972
0 1.080105633802817 0.7749413145539906 0.05369718309859155 0.21185446009389672
0 0.6932218309859155 0.8359741784037559 0.07834507042253522 0.2564553990610329
0 0.6212588028169014 0.8321596244131455 0.06910211267605634 0.26173708920187794
