0 0.9564260563380281 0.8427230046948356 0.999 0.999
0 0.49119718309859156 0.08392018779342723 0.5640443674370165 0.35734511726068463
0 0.4586267605633803 0.8656103286384976 0.5174037734328506 0.9689755807930526
0 0.3147007042253521 0.06455399061032864 0.4105128958168022 0.3591170457801583
0 0.2367957746478873 0.4231220657276995 0.3304415511555247 0.6857845527783288
0 0.43221830985915494 0.4295774647887324 0.5222569461664353 0.7127760695629174
0 0.2367957746478873 0.09507042253521127 0.31547676242313033 0.3620334093764465
0 0.1426056338028169 0.4295774647887324 0.2345323038583614 0.6758042385770019
0 0.3362676056338028 0.4125586854460094 0.42634847376512597 0.6875513153254426
0 0.055897887323943664 0.4278169014084507 0.1350986364932553 0.6675893093301594
0 0.4234154929577465 0.06455399061032864 0.4945319474062686 0.3573564823998766
0 0.5211267605633803 0.443075117370892 0.5816368280103154 0.6781437352597589
0 0.6698943661971831 0.5223004694835681 0.7083319126909343 0.7045056922127444
0 0.6113556338028169 0.2576291079812207 0.7334457061470938 0.3607643021666777
0 0.1500880281690141 0.04342723004694836 0.2296874612552073 0.3556083173532588
0 0.6373239436619719 0.5246478873239436 0.6770962482642332 0.7015700423196456
0 0.7134683098591549 0.511150234741784 0.7518866776805198 0.697469982256607
0 0.6245598591549296 0.8303990610328639 0.7109927113295973 0.999
0 0.4080105633802817 0.7981220657276995 0.4522852066182305 0.9373250457360752
0 0.5871478873239436 0.4454225352112676 0.6335443891341004 0.641170526681214
0 0.9476232394366197 0.4782863849765258 0.999 0.6810573436707884
0 0.8683978873239436 0.4812206572769953 0.9410790502256496 0.6974875465626309
0 0.7570422535211268 0.24647887323943662 0.8654238370363023 0.3654656814124182
0 0.999 0.4642018779342723 0.999 0.6857604449073156
0 0.8006161971830986 0.4647887323943662 0.85924268653293 0.7145159690537592
0 0.7548415492957746 0.4688967136150235 0.7928015662195 0.719208393947409
0 0.8697183098591549 0.22359154929577466 0.9423988915889704 0.36547911294055413
0 0.00044014084507042255 0.0528169014084507 0.11267586261406468 0.34562628116114524
0 0.06382042253521127 0.2863849765258216 0.16150360016613766 0.35722629989640503
0 0.17913732394366197 0.8051643192488263 0.25212185857220787 0.999
0 0.5180457746478874 0.8028169014084507 0.5957226911203135 0.999
0 0.7165492957746479 0.869131455399061 0.7738923638662963 0.999
0 0.047975352112676055 0.7805164319248826 0.13026057422882364 0.999
0 0.999 0.18661971830985916 0.999 0.36432710110427824
0 0.3371478873239437 0.8086854460093896 0.3972987905425511 0.999
0 0.8129401408450704 0.8538732394366197 0.8680400791633605 0.999
0 0.8697183098591549 0.9847417840375586 0.9498812859551675 0.999
0 0.999 0.778755868544601 0.999 0.999
0 0.4586267605633803 0.789906103286385 0.5112418016018647 0.8616256419581654
0 0.8758802816901409 0.8738262910798122 0.9547201231154533 0.9859895385615728
