0 0.4498239436619718 0.255575117370892 0.09242957746478873 0.42194835680751175
0 0.5680017605633803 0.26173708920187794 0.12808098591549297 0.426056338028169
0 0.3378080985915493 0.26261737089201875 0.12808098591549297 0.43133802816901406
0 0.21214788732394366 0.26936619718309857 0.12059859154929578 0.41431924882629106
0 0.6692341549295775 0.26672535211267606 0.0761443661971831 0.42664319248826293
0 0.053036971830985914 0.2887323943661972 0.09903169014084508 0.36502347417840375
0 0.12720070422535212 0.30369718309859156 0.04137323943661972 0.3386150234741784
0 0.9529049295774648 0.27699530516431925 0.12764084507042253 0.39906103286384975
0 1.0680017605633803 0.30809859154929575 0.1034330985915493 0.3474178403755869
0 0.8384683098591549 0.2708333333333333 0.0897887323943662 0.4113849765258216
0 0.20356514084507044 0.8905516431924883 0.11751760563380281 0.4289906103286385
0 0.5959507042253521 0.85768779342723 0.10475352112676056 0.3949530516431925
0 0.31778169014084506 0.8526995305164319 0.10299295774647887 0.3873239436619718
0 0.07702464788732394 0.8855633802816901 0.136443661971831 0.41901408450704225
0 0.4220950704225352 0.8656103286384976 0.12059859154929578 0.39906103286384975
0 0.8316461267605634 0.948943661971831 0.08670774647887323 0.19248826291079812
0 0.6910211267605634 0.9568661971830986 0.07746478873239436 0.21654929577464788
0 0.9383802816901409 0.8705985915492958 0.11443661971830986 0.3961267605633803
0 1.0569982394366197 0.8591549295774648 0.1131161971830986 0.3884976525821596
