0 0.28741197183098594 0.09507042253521127 0.37531363909690535 0.4529958506910005
0 0.789612676056338 0.5610328638497653 0.8605679521672287 0.8382857788357689
0 0.5132042253521126 0.9196009389671361 0.6969572164501091 0.999
0 0.7037852112676056 0.9266431924882629 0.8768909396077167 0.999
0 0.8798415492957746 0.9213615023474179 0.999 0.999
0 0.1113556338028169 0.10211267605633803 0.205496762485122 0.44301519209151624
0 0.6923415492957746 0.602112676056338 0.7844663989659789 0.853519886927197
0 0.3503521126760563 0.6103286384976526 0.4281028379785757 0.8535150653529944
0 0.621919014084507 0.15199530516431925 0.7171558455043642 0.4746760590932134
0 0.00044014084507042255 0.12206572769953052 0.06734135557181116 0.44300348255416694
0 0.03961267605633803 0.5492957746478874 0.09109171977286253 0.8482691926205118
0 0.24163732394366197 0.6085680751173709 0.34892533568488393 0.8535160985474664
0 0.7139084507042254 0.25528169014084506 0.7941400050833168 0.4734417360973352
0 0.503080985915493 0.18661971830985916 0.5939687143547907 0.45646325133902
0 0.08890845070422536 0.5633802816901409 0.13332354381571115 0.8136365139191959
0 0.4375 0.3174882629107981 0.49364546654929575 0.43408598106636687
0 0.6043133802816901 0.5721830985915493 0.684593171927693 0.8283027094491834
0 0.8169014084507042 0.23415492957746478 0.8843235469152946 0.4746278433511869
0 0.0017605633802816902 0.6602112676056338 0.0448935913013291 0.8435092656880248
0 0.32350352112676056 0.9231220657276995 0.4782907114783774 0.999
0 0.1637323943661972 0.9143192488262911 0.3212307515869867 0.999
0 0.999 0.9225352112676056 0.999 0.999
0 0.43838028169014087 0.20481220657276994 0.5011274734675659 0.31032581443276247
0 0.999 0.5504694835680751 0.999 0.8418131047631643
0 0.3829225352112676 0.19483568075117372 0.43821174184189643 0.42300772553946525
0 0.14040492957746478 0.6255868544600939 0.24201566684437611 0.8535061110009037
0 0.9766725352112676 0.21830985915492956 0.999 0.4816793956225617
