0 0.29973591549295775 0.3532863849765258 0.11795774647887323 0.3767605633802817
0 0.6432658450704225 0.3436032863849765 0.1131161971830986 0.3961267605633803
0 0.7832306338028169 0.3380281690140845 0.10783450704225352 0.41431924882629106
0 0.40096830985915494 0.35651408450704225 0.08362676056338028 0.38791079812206575
0 0.15977112676056338 0.3368544600938967 0.14964788732394366 0.4072769953051643
0 0.8646566901408451 0.920481220657277 0.10079225352112677 0.40669014084507044
0 0.5334507042253521 0.9389671361502347 0.09859154929577464 0.4025821596244131
0 0.4975792253521127 0.36032863849765256 0.09286971830985916 0.36971830985915494
0 1.0257482394366197 0.3471244131455399 0.1430457746478873 0.4102112676056338
0 0.8886443661971831 0.3421361502347418 0.08098591549295775 0.4096244131455399
0 0.6540492957746479 0.9424882629107981 0.12147887323943662 0.3967136150234742
0 0.7552816901408451 0.9163732394366197 0.0880281690140845 0.37734741784037557
0 0.4097711267605634 0.931631455399061 0.11971830985915492 0.4078638497652582
0 0.26672535211267606 0.9389671361502347 0.14172535211267606 0.40375586854460094
0 0.1329225352112676 0.9292840375586855 0.1153169014084507 0.409037558685446
0 1.0090228873239437 0.9219483568075117 0.11399647887323944 0.3732394366197183
0 1.1089348591549295 0.9210680751173709 0.06382042253521127 0.38204225352112675
