0 1.058318661971831 0.9735915492957746 0.16329225352112675 0.3368544600938967
0 0.758362676056338 0.4096244131455399 0.09154929577464789 0.19131455399061034
0 0.8778609154929577 0.426056338028169 0.1368838028169014 0.2312206572769953
0 0.655149647887324 0.4061032863849765 0.10695422535211267 0.2007042253521127
0 0.7865316901408451 0.6490610328638498 0.15845070422535212 0.14084507042253522
0 0.04907570422535211 0.5099765258215962 0.09727112676056338 0.11032863849765258
0 0.9564260563380281 0.6461267605633803 0.176056338028169 0.14084507042253522
0 0.5063820422535211 0.6452464788732394 0.1835387323943662 0.13908450704225353
0 0.5497359154929577 0.3984741784037559 0.0994718309859155 0.18309859154929578
0 1.0129841549295775 0.43720657276995306 0.12808098591549297 0.22300469483568075
0 0.6923415492957746 0.9782863849765259 0.2112676056338028 0.33568075117370894
0 0.4753521126760563 0.9650821596244131 0.2147887323943662 0.3198356807511737
0 0.8888644366197183 0.9721244131455399 0.1800176056338028 0.33039906103286387
0 0.0030809859154929575 0.4477699530516432 0.0 0.0
0 0.0565580985915493 0.6399647887323944 0.10959507042253522 0.13204225352112675
0 0.042693661971830985 0.37089201877934275 0.07658450704225352 0.11384976525821597
0 0.042913732394366196 0.2634976525821596 0.05413732394366197 0.09741784037558686
0 0.35475352112676056 0.061619718309859156 0.13732394366197184 0.12206572769953052
