0 0.9639084507042254 0.013497652582159625 0.999 0.11501555302078513
0 0.3714788732394366 0.3104460093896714 0.4958752293691727 0.6459445739381516
0 0.4960387323943662 0.30985915492957744 0.5979330815438405 0.6119073596508628
0 0.6047535211267606 0.3286384976525822 0.6608253725699267 0.6324362450131147
0 0.7249119718309859 0.335093896713615 0.8064591056462012 0.6441695458352619
0 0.8657570422535211 0.2822769953051643 0.9573654238370364 0.6459611050497035
0 0.2988556338028169 0.2963615023474178 0.36650578537244594 0.6289340601512046
0 0.20598591549295775 0.323943661971831 0.27411708366395554 0.6295047278979039
0 0.032570422535211266 0.27523474178403756 0.11002087569430669 0.6389229843064648
0 0.12455985915492958 0.32922535211267606 0.2032902465408649 0.6306753372346757
0 0.8683978873239436 0.7975352112676056 0.9256741206481848 0.999
0 0.9361795774647887 0.32511737089201875 0.999 0.6236354945006503
0 0.9502640845070423 0.8198356807511737 0.999 0.999
0 0.999 0.3362676056338028 0.999 0.6559059462408252
0 0.7931338028169014 0.2822769953051643 0.8856544305445347 0.6371582881482951
0 0.999 0.007042253521126761 0.999 0.12264844938173643
0 0.27860915492957744 0.8321596244131455 0.3563914572381472 0.999
0 0.3617957746478873 0.835093896713615 0.4531858293245388 0.999
0 0.18309859154929578 0.8321596244131455 0.2736870164649871 0.999
0 0.6936619718309859 0.8585680751173709 0.7422122966673279 0.999
0 0.09903169014084508 0.8438967136150235 0.17777331351666334 0.999
0 0.5290492957746479 0.7687793427230047 0.6102424959085498 0.999
0 0.7830105633802817 0.8333333333333334 0.879056773519639 0.999
0 0.46742957746478875 0.7676056338028169 0.5350055327563975 0.999
0 0.7407570422535211 0.8309859154929577 0.7914873428511208 0.999
0 0.999 0.7230046948356808 0.999 0.9860780488880072
