0 0.8221830985915493 0.8544600938967136 0.9067684053263241 0.999
0 0.13908450704225353 0.36032863849765256 0.21560779731204127 0.5878167085454826
0 0.03125 0.36208920187793425 0.10782075264084508 0.5813602762899778
0 0.13336267605633803 0.6584507042253521 0.21428989318835548 0.9268436322158302
0 0.0035211267605633804 0.6637323943661971 0.08406535161674271 0.9297748049328837
0 0.621919014084507 0.2634976525821596 0.7123142962085895 0.4288359755559964
0 0.5079225352112676 0.26467136150234744 0.578121512968657 0.415924488637616
0 0.49295774647887325 0.48884976525821594 0.5882513390200357 0.6710746186823602
0 0.7253521126760564 0.26936619718309857 0.8174624330489982 0.42824567711432915
0 0.503080985915493 0.09800469483568075 0.5882468833688753 0.25874530240913396
0 0.34419014084507044 0.25528169014084506 0.4316266768746281 0.4188642713086028
0 0.31778169014084506 0.7423708920187794 0.5561981594673675 0.874564336330975
0 0.3873239436619718 0.48708920187793425 0.4866252975600079 0.6734230697172078
0 0.11707746478873239 0.03931924882629108 0.2134167792848641 0.28812246522956203
0 0.8538732394366197 0.6056338028169014 0.947247414947431 0.693893407392713
0 0.8701584507042254 0.1936619718309859 0.899705035893176 0.3027032500165311
0 0.6232394366197183 0.09624413145539906 0.7233172361634596 0.25639891776323037
0 0.3591549295774648 0.0886150234741784 0.4399827663162071 0.2587508127796513
0 0.43794014084507044 0.2505868544600939 0.5072896390225153 0.4141721908131103
0 0.8573943661971831 0.5117370892018779 0.9463655834655822 0.5965306707222994
0 0.5695422535211268 0.7482394366197183 0.7924429831630628 0.8704529111287442
0 0.8956866197183099 0.1936619718309859 0.9727571801849833 0.3021163955564372
0 0.44630281690140844 0.10211267605633803 0.501123986436223 0.24876636580043643
0 0.7372359154929577 0.11032863849765258 0.8359431179949415 0.2739962860102713
0 0.9084507042253521 0.29694835680751175 0.9899170551477882 0.45757221340562937
0 0.8142605633802817 0.3022300469483568 0.8896063993999207 0.4493531513808989
0 0.9498239436619719 0.6068075117370892 0.999 0.6985875542771496
0 0.2909330985915493 0.8656103286384976 0.5042733569108312 0.9965577404174657
0 0.5123239436619719 0.8779342723004695 0.7180843644614163 0.9965505080561616
0 0.00044014084507042255 0.02464788732394366 0.07878501754364214 0.28343623950274416
0 0.9511443661971831 0.5164319248826291 0.999 0.6147204037999515
0 0.7279929577464789 0.8826291079812206 0.7919331016911327 0.97952897352818
