0 0.2319542253521127 0.4289906103286385 0.34452818916137673 0.7444665548061452
0 0.5915492957746479 0.44366197183098594 0.6890001983733386 0.7755612312371883
0 0.4647887323943662 0.44366197183098594 0.5768200753818687 0.777908649077564
0 0.355193661971831 0.426056338028169 0.46463239715582233 0.7479894035574951
0 0.10827464788732394 0.4184272300469484 0.2332269917923031 0.7427121905926954
0 0.6963028169014085 0.4465962441314554 0.7959083174221385 0.7614750022041483
0 0.804137323943662 0.4448356807511737 0.9028150804031939 0.7479783828164606
0 0.3305457746478873 0.0005868544600938967 0.46816437245834164 0.2670184349445657
0 0.792693661971831 0.0005868544600938967 0.9133834975079349 0.282276650907007
0 0.7169894366197183 0.0005868544600938967 0.7901773814099384 0.2617367448037206
0 0.47315140845070425 0.0005868544600938967 0.5803375213871256 0.2670184349445657
0 0.5836267605633803 0.0005868544600938967 0.7110107276582027 0.2670184349445657
0 0.18309859154929578 0.0005868544600938967 0.32738419956357867 0.265257871564284
0 0.055897887323943664 0.0011737089201877935 0.17471131254959332 0.2617364004055633
0 0.999 0.4706572769953052 0.999 0.7796533701426084
0 0.9159330985915493 0.4653755868544601 0.999 0.7790696152659305
0 0.9524647887323944 0.0005868544600938967 0.999 0.2769949607661619
0 0.999 0.006455399061032864 0.999 0.2922497327470299
0 0.7662852112676056 0.9512910798122066 0.8861063885513787 0.999
0 0.6126760563380281 0.8873239436619719 0.6845894911723864 0.999
0 0.43838028169014087 0.9008215962441315 0.5196133889605237 0.999
0 0.6963028169014085 0.8902582159624414 0.758936486436223 0.999
0 0.3512323943661972 0.8879107981220657 0.4307432956010712 0.999
0 0.5290492957746479 0.8949530516431925 0.6115629184437611 0.999
0 0.875 0.9084507042253521 0.9622029049295775 0.999
0 0.9678697183098591 0.9366197183098591 0.999 0.999
