0 0.5651408450704225 0.4063967136150235 0.07394366197183098 0.18720657276995306
0 0.5138644366197183 0.07423708920187794 0.12544014084507044 0.14730046948356806
0 0.7684859154929577 0.09096244131455399 0.11443661971830986 0.17370892018779344
0 0.6771566901408451 0.3987676056338028 0.08318661971830986 0.09213615023474178
0 0.640625 0.08274647887323944 0.12367957746478873 0.1607981220657277
0 1.0536971830985915 0.41519953051643194 0.06338028169014084 0.23650234741784038
0 0.37874119718309857 0.6751760563380281 0.07350352112676056 0.06514084507042253
0 0.5015404929577465 0.4128521126760563 0.05149647887323944 0.17077464788732394
0 0.5519366197183099 0.653169014084507 0.061619718309859156 0.11971830985915492
0 0.4414612676056338 0.41960093896713613 0.051056338028169015 0.1596244131455399
0 0.4702904929577465 0.6742957746478874 0.07174295774647887 0.06690140845070422
0 0.3609154929577465 0.44072769953051644 0.04401408450704225 0.10915492957746478
0 0.26650528169014087 0.43896713615023475 0.04445422535211268 0.1056338028169014
0 0.6302816901408451 0.6622652582159625 0.06073943661971831 0.09330985915492958
0 0.7150088028169014 0.6657863849765259 0.06205985915492958 0.08744131455399061
0 0.8054577464788732 0.43896713615023475 0.0528169014084507 0.17253521126760563
0 0.28389084507042256 0.64231220657277 0.09507042253521127 0.125
0 0.8580545774647887 0.42488262910798125 0.04973591549295775 0.16666666666666666
0 0.31205985915492956 0.4354460093896714 0.04137323943661972 0.12441314553990611
0 0.7185299295774648 0.8735328638497653 0.11839788732394366 0.16842723004694835
0 0.07570422535211267 0.4442488262910798 0.1443661971830986 0.29225352112676056
0 0.9691901408450704 0.443075117370892 0.07042253521126761 0.17136150234741784
0 0.8972271126760564 0.09624413145539906 0.10871478873239436 0.1807511737089202
0 0.5875880281690141 0.8714788732394366 0.10387323943661972 0.1643192488262911
0 0.9009683098591549 0.8829225352112676 0.04841549295774648 0.16607981220657278
0 0.8536531690140845 0.8958333333333334 0.0409330985915493 0.1449530516431925
0 0.4900968309859155 0.8588615023474179 0.04973591549295775 0.13791079812206572
0 0.4317781690140845 0.869131455399061 0.04929577464788732 0.17370892018779344
0 0.28036971830985913 0.8623826291079812 0.04401408450704225 0.17077464788732394
0 0.11465669014084508 0.8169014084507042 0.13952464788732394 0.2687793427230047
0 0.3554137323943662 0.8568075117370892 0.05413732394366197 0.13145539906103287
0 1.021786971830986 0.10093896713615023 0.10783450704225352 0.2007042253521127
0 0.3785211267605634 0.07247652582159625 0.11707746478873239 0.13791079812206572
0 0.2634242957746479 0.07423708920187794 0.10607394366197183 0.1437793427230047
