0 0.14744718309859156 0.75 0.24465341233138266 0.9966255868544601
0 0.05545774647887324 0.20892018779342722 0.1403805203580639 0.47229523463157663
0 0.14172535211267606 0.20774647887323944 0.21912776172882364 0.47757761356873635
0 0.22007042253521128 0.21244131455399062 0.2965580675957152 0.4805091306839472
0 0.772887323943662 0.38321596244131456 0.8456105249454473 0.5437891925103043
0 0.2948943661971831 0.3562206572769953 0.6697645711416386 0.5391101991447904
0 0.8446302816901409 0.02523474178403756 0.930085990192918 0.15843589510458683
0 0.7495598591549296 0.03286384976525822 0.807328538794386 0.14904174656703917
0 0.5365316901408451 0.0005868544600938967 0.7585666673899027 0.14143158048447177
0 0.30149647887323944 0.18427230046948356 0.6790046230286649 0.36961016883775266
0 0.00044014084507042255 0.1983568075117371 0.060299102050684394 0.46525918027728186
0 0.3045774647887324 0.0005868544600938967 0.5399187599186669 0.12441280114174877
0 0.9036091549295775 0.4078638497652582 0.9890389044212458 0.5578592348299499
0 0.3085387323943662 0.846830985915493 0.42283955161426307 0.9983293245387821
0 0.002640845070422535 0.7018779342723005 0.1483263024449514 0.999
