0 1.0231073943661972 0.7106807511737089 0.15625 0.5211267605633803
0 0.7482394366197183 0.3289319248826291 0.14964788732394366 0.335093896713615
0 0.2632042253521127 0.3257042253521127 0.1637323943661972 0.3380281690140845
0 0.609375 0.8280516431924883 0.1307218309859155 0.2793427230046948
0 0.7528609154929577 0.8348004694835681 0.15096830985915494 0.2963615023474178
0 0.47139084507042256 0.8321596244131455 0.14524647887323944 0.30164319248826293
0 0.31382042253521125 0.8550469483568075 0.14612676056338028 0.33568075117370894
0 0.4964788732394366 0.2992957746478873 0.13028169014084506 0.2805164319248826
0 0.8794014084507042 0.3163145539906103 0.09595070422535211 0.289906103286385
0 0.621919014084507 0.3130868544600939 0.0977112676056338 0.2904929577464789
0 0.07548415492957747 0.37059859154929575 0.14216549295774647 0.4102112676056338
0 0.160431338028169 0.874706572769953 0.14568661971830985 0.2869718309859155
