0 0.9317781690140845 0.79518779342723 0.0897887323943662 0.3204225352112676
0 0.32504401408450706 0.7743544600938967 0.08054577464788733 0.3198356807511737
0 0.6580105633802817 0.2147887323943662 0.0897887323943662 0.39906103286384975
0 0.7425176056338029 0.8042840375586855 0.08538732394366197 0.33039906103286387
0 0.579225352112676 0.7150821596244131 0.06778169014084508 0.301056338028169
0 0.5470950704225352 0.21625586854460094 0.09419014084507042 0.38673708920187794
0 0.5158450704225352 0.6734154929577465 0.06514084507042253 0.26115023474178406
0 0.7396566901408451 0.2136150234741784 0.07174295774647887 0.392018779342723
0 0.2051056338028169 0.3415492957746479 0.06690140845070422 0.27699530516431925
0 0.9933978873239436 0.7379694835680751 0.04929577464788732 0.31866197183098594
0 0.136443661971831 0.3324530516431925 0.06073943661971831 0.2846244131455399
0 0.04181338028169014 0.3606220657276995 0.08098591549295775 0.24237089201877934
0 0.4225352112676056 0.6481807511737089 0.05457746478873239 0.27992957746478875
0 0.48811619718309857 0.1851525821596244 0.04929577464788732 0.2811032863849765
0 1.0651408450704225 0.7544014084507042 0.09154929577464789 0.32335680751173707
0 1.018705985915493 0.25586854460093894 0.1192781690140845 0.3403755868544601
0 0.8232834507042254 0.21684272300469484 0.09110915492957747 0.3914319248826291
0 0.9128521126760564 0.22476525821596244 0.08098591549295775 0.36971830985915494
0 1.1109154929577465 0.24178403755868544 0.05985915492957746 0.31572769953051644
0 0.8301056338028169 0.7966549295774648 0.09419014084507042 0.31514084507042256
0 0.652068661971831 0.8221830985915493 0.08318661971830986 0.33098591549295775
0 0.07878521126760564 0.9184272300469484 0.07042253521126761 0.19953051643192488
