0 0.15492957746478872 0.13556338028169015 0.23848814719301725 0.3356011951993652
0 0.999 0.4788732394366197 0.999 0.6458457316669973
0 0.20906690140845072 0.7153755868544601 0.2934819247793096 0.9491106950781371
0 0.7323943661971831 0.49471830985915494 0.790170601071216 0.6458364329167494
0 0.7935739436619719 0.49589201877934275 0.8640873354121206 0.6405540539795895
0 0.6690140845070423 0.4982394366197183 0.729899201547312 0.6387921130066785
0 0.5862676056338029 0.46068075117370894 0.6705166075679428 0.6135794127047103
0 0.4819542253521127 0.47124413145539906 0.5803336469078556 0.6405685187021974
0 0.7227112676056338 0.7171361502347418 0.784012891167427 0.893358488174745
0 0.06073943661971831 0.13849765258215962 0.15402256186768498 0.33736003658886027
0 0.0488556338028169 0.4131455399061033 0.17559469382315016 0.6153678723357359
0 0.0008802816901408451 0.4395539906103286 0.050175668890101166 0.5801411068130221
0 0.999 0.1255868544600939 0.999 0.3626023551323591
0 0.7860915492957746 0.7165492957746479 0.844284290691331 0.8951193959531839
0 0.8534330985915493 0.7177230046948356 0.9296419748685776 0.9004003972977144
0 0.8670774647887324 0.48884976525821594 0.9547239975947234 0.6440793135180409
0 0.4449823943661972 0.10974178403755869 0.4936421732419163 0.35087456468072914
0 0.9379401408450704 0.7112676056338029 0.999 0.8869065330952853
0 0.8838028169014085 0.12089201877934272 0.9635194529855187 0.35908398355705434
0 0.999 0.7077464788732394 0.999 0.8869085994842293
0 0.9784330985915493 0.13732394366197184 0.999 0.3179945282020763
0 0.11487676056338028 0.999 0.16016070565116047 0.999
0 0.0818661971830986 0.999 0.12012241804701448 0.999
0 0.676056338028169 0.9847417840375586 0.7197728625272762 0.999
0 0.4907570422535211 0.7059859154929577 0.5614037160905574 0.8734119800965418
0 0.00044014084507042255 0.7992957746478874 0.10871459500843088 0.9220661409773193
0 0.5660211267605634 0.7259389671361502 0.6643635470392779 0.9080246837047322
0 0.00044014084507042255 0.999 0.06734135557181116 0.999
0 0.5972711267605634 0.9859154929577465 0.6731526095392779 0.999
0 0.999 0.9724178403755869 0.999 0.999
0 0.7777288732394366 0.9753521126760564 0.8504499432776235 0.999
0 0.00044014084507042255 0.1414319248826291 0.057218116135191434 0.3391188779783552
0 0.5 0.10446009389671361 0.6216989436619719 0.34559597412330006
0 0.6245598591549296 0.10269953051643192 0.7158342606253719 0.3508786974586171
0 0.7411971830985915 0.11619718309859155 0.8768744730708192 0.359086738742313
0 0.6258802816901409 0.10622065727699531 0.6256048062140448 0.1061583212105182
0 0.17781690140845072 0.39436619718309857 0.27368934115254906 0.6458953250016531
0 0.27596830985915494 0.39436619718309857 0.2758468449340408 0.3941347616213714
0 0.999 0.482981220657277 0.999 0.6253034147766097
0 0.999 0.6343896713615024 0.999 0.6340173769534263
0 0.999 0.7400234741784038 0.999 0.8974530378672663
