0 0.5743838028169014 0.4460093896713615 0.641032401495239 0.6288462386210848
0 0.6065140845070423 0.7981220657276995 0.6744689638712557 0.999
0 0.5039612676056338 0.4061032863849765 0.5653591719772862 0.6065691882122154
0 0.37059859154929575 0.818075117370892 0.45186153231005755 0.999
0 0.8534330985915493 0.5152582159624414 0.9512088762770283 0.6622563038638718
0 0.644806338028169 0.4847417840375587 0.7497161943934735 0.6605136491877713
0 0.445862676056338 0.004694835680751174 0.5046453069207498 0.2183071039696709
0 0.7297535211267606 0.08098591549295775 0.7734464113023211 0.21767547774912388
0 0.2425176056338028 0.0017605633802816902 0.29742846936371753 0.20129004661773459
0 0.4392605633802817 0.41784037558685444 0.48704257897738545 0.6488158213758294
0 0.37940140845070425 0.0011737089201877935 0.44217455923923826 0.20657208115673698
0 0.5558978873239436 0.801056338028169 0.6080299745214244 0.999
0 0.7526408450704225 0.5134976525821596 0.8517814080787542 0.6604967736780621
0 0.00044014084507042255 0.642018779342723 0.1289610738816703 0.8083086744252683
0 0.30633802816901406 0.45598591549295775 0.4329637596707003 0.6423380364345699
0 0.999 0.9242957746478874 0.999 0.999
0 0.09242957746478873 0.0005868544600938967 0.23939593768597497 0.3339198433952699
0 0.0013204225352112676 0.159037558685446 0.12279871460275738 0.4711507995547621
0 0.15536971830985916 0.8210093896713615 0.3604069675535608 0.9824994076351694
0 0.3085387323943662 0.0017605633802816902 0.3713430727410236 0.20657173675857965
0 0.5096830985915493 0.002347417840375587 0.6441418648333664 0.22828500738389648
0 0.999 0.5757042253521126 0.999 0.6604602674733848
0 0.4581866197183099 0.8509389671361502 0.5055201643399126 0.999
0 0.5118838028169014 0.8374413145539906 0.5565528680445347 0.999
0 0.00044014084507042255 0.8186619718309859 0.13512304571265624 0.999
0 0.7830105633802817 0.8262910798122066 0.9072257876041461 0.999
0 0.6808978873239436 0.8708920187793427 0.7862319991693116 0.999
0 0.9625880281690141 0.8873239436619719 0.999 0.999
0 0.8697183098591549 0.0035211267605633804 0.9723284690537591 0.22828431858758183
0 0.784330985915493 0.00528169014084507 0.8667322486857767 0.2318044121536732
