0 0.006161971830985915 0.7376760563380281 0.16108883716028566 0.9872431478542618
0 0.5911091549295775 0.6602112676056338 0.6872398287170204 0.8998472938570389
0 0.7772887323943662 0.6830985915492958 0.8799395736213054 0.8974864444885274
0 0.08538732394366197 0.33568075117370894 0.17029692459333465 0.5197560558971985
0 0.6848591549295775 0.6637323943661971 0.7712654669212458 0.888108138266217
0 0.2904929577464789 0.6273474178403756 0.3695904520432454 0.8529182233463378
0 0.639524647887324 0.19483568075117372 0.747077674010613 0.5192518569948643
0 0.20158450704225353 0.33098591549295775 0.2851225420303511 0.5021531772796403
0 0.738556338028169 0.1954225352112676 0.8319812692174171 0.5069275689347352
0 0.46830985915492956 0.5880281690140845 0.5336847227732593 0.6845140679759307
0 0.37367957746478875 0.19953051643192488 0.6116313030028764 0.3496481628424696
0 0.3829225352112676 0.5921361502347418 0.4531765305742908 0.6804036759681722
0 0.3767605633802817 0.36032863849765256 0.6173517779210475 0.4962674127708347
0 0.815580985915493 0.29694835680751175 0.908091733720988 0.49630460777182656
0 0.9036091549295775 0.27523474178403756 0.9780353832944851 0.483993406841676
0 0.3710387323943662 0.7124413145539906 0.46418528224806593 0.9367884734069518
0 0.4727112676056338 0.7664319248826291 0.5565701094772862 0.999
0 0.7522007042253521 0.9055164319248826 0.8368168130703234 0.9818629598404196
0 0.585387323943662 0.8902582159624414 0.6590733330440389 0.9930221489342944
0 0.6663732394366197 0.8826291079812206 0.7373827582572903 0.9930266261103396
0 0.8886443661971831 0.7095070422535211 0.999 0.9808042799047808
0 0.2517605633802817 0.002347417840375587 0.3370370772168221 0.09330848156230025
0 0.5409330985915493 0.0005868544600938967 0.6463288146573101 0.08098557109480041
0 0.8838028169014085 0.0005868544600938967 0.9947694529855187 0.12558651006193655
0 0.0048415492957746475 0.00528169014084507 0.060297164811049395 0.08567765159029293
0 0.2944542253521127 0.8779342723004695 0.37443025782334854 0.99478994467588
