0 0.15977112676056338 0.31338028169014087 0.2763381289054751 0.5009898003041725
0 0.4110915492957746 0.09565727699530517 0.5750831463251339 0.2423147551191342
0 0.258362676056338 0.09213615023474178 0.3942524812165245 0.2581618919306134
0 0.3028169014084507 0.3286384976525822 0.357701224955366 0.49569915581123675
0 0.01232394366197183 0.12852112676056338 0.08054035037690933 0.24522974112279308
0 0.44454225352112675 0.3268779342723005 0.5182902542898234 0.47985511858317353
0 0.09903169014084508 0.11267605633802817 0.23631204591102958 0.256976129074919
0 0.3644366197183099 0.3286384976525822 0.4236952303610395 0.48865690229011
0 0.9022887323943662 0.1965962441314554 0.999 0.23403955619475852
0 0.9005281690140845 0.09917840375586855 0.9943219506298353 0.18538780610108224
0 0.7953345070422535 0.3738262910798122 0.9098612084035905 0.4364003366836386
0 0.999 0.13732394366197184 0.999 0.2334874859485552
0 0.28741197183098594 0.8485915492957746 0.38323617430817297 0.8903470706870329
0 0.28565140845070425 0.7928403755868545 0.3810362449786749 0.8393234504838105
0 0.15713028169014084 0.7981220657276995 0.2697371785731998 0.8956583790694086
0 0.020246478873239437 0.5874413145539906 0.14831855348641143 0.7062280273975622
0 0.4590669014084507 0.5927230046948356 0.6269986501314223 0.6868587306310476
0 0.16505281690140844 0.6062206572769953 0.29438157886580046 0.6991747531354009
0 0.03961267605633803 0.8339201877934272 0.15579242399821464 0.9355434740681964
0 0.7746478873239436 0.5598591549295775 0.9248351021622693 0.636995387819877
0 0.0448943661971831 0.32805164319248825 0.150948550014878 0.5127182795521171
0 0.417693661971831 0.8186619718309859 0.4857316489163857 0.8856697993123057
0 0.5338908450704225 0.8045774647887324 0.6309269846632612 0.8803963747272366
0 0.9766725352112676 0.767018779342723 0.999 0.8199724068196345
0 0.9960387323943662 0.823943661971831 0.999 0.8663005025457913
0 0.8732394366197183 0.7805164319248826 0.9736473417972624 0.9009504011549736
0 0.5378521126760564 0.32335680751173707 0.6168407341053362 0.49218112863408936
0 0.999 0.3215962441314554 0.999 0.4458206594811435
0 0.764524647887324 0.8098591549295775 0.8596987127430074 0.9097359981485155
0 0.690580985915493 0.784037558685446 0.7549777372421147 0.8921455178646213
0 0.829225352112676 0.0886150234741784 0.896201925461218 0.21473672827260906
0 0.764524647887324 0.1954225352112676 0.8368113887993454 0.2334533905309793
0 0.9379401408450704 0.3890845070422535 0.999 0.4369782367916418
0 0.9599471830985915 0.5269953051643192 0.999 0.6510991811589412
0 0.999 0.5217136150234741 0.999 0.6129567408362538
0 0.0017605633802816902 0.8615023474178404 0.030368943414005155 0.9478512310167736
0 0.0017605633802816902 0.3955399061032864 0.03961190116048403 0.5126786737640239
0 0.7059859154929577 0.5375586854460094 0.758932224509026 0.6264450946681656
