0 0.24537852112676056 0.29401408450704225 0.09815140845070422 0.2347417840375587
0 1.0900088028169015 0.07775821596244131 0.08934859154929578 0.1402582159624413
0 0.7277728873239436 0.704225352112676 0.11487676056338028 0.14906103286384975
0 0.35475352112676056 0.2992957746478873 0.10475352112676056 0.24413145539906103
0 0.3378080985915493 0.6927816901408451 0.12720070422535212 0.10856807511737089
0 0.2092869718309859 0.7036384976525821 0.10079225352112677 0.11971830985915492
0 0.8386883802816901 0.3453638497652582 0.10255281690140845 0.14612676056338028
0 0.32944542253521125 0.0698356807511737 0.12191901408450705 0.04812206572769953
0 0.13776408450704225 0.32071596244131456 0.0880281690140845 0.22946009389671362
0 0.7255721830985915 0.35768779342723006 0.1113556338028169 0.16255868544600938
0 0.035431338028169015 0.31220657276995306 0.06998239436619719 0.2640845070422535
0 0.7268926056338029 0.22975352112676056 0.1113556338028169 0.051056338028169015
0 0.605193661971831 0.6963028169014085 0.09330985915492958 0.14847417840375587
0 0.46764964788732394 0.7068661971830986 0.07086267605633803 0.061619718309859156
0 0.7403169014084507 0.07834507042253522 0.12852112676056338 0.14847417840375587
0 0.23217429577464788 0.5715962441314554 0.08494718309859155 0.06690140845070422
0 0.4628080985915493 0.5803990610328639 0.10607394366197183 0.11737089201877934
0 0.9861355633802817 0.07834507042253522 0.11575704225352113 0.1449530516431925
0 0.335387323943662 0.8720657276995305 0.14348591549295775 0.05516431924882629
0 0.6320422535211268 0.07599765258215962 0.06778169014084508 0.1402582159624413
0 0.3503521126760563 0.5557511737089202 0.09595070422535211 0.05985915492957746
0 0.42495598591549294 0.04841549295774648 0.06029929577464789 0.08509389671361503
0 0.18904049295774647 0.07658450704225352 0.11751760563380281 0.1414319248826291
0 1.0455545774647887 0.6581572769953051 0.07262323943661972 0.2142018779342723
0 0.9245158450704225 0.653169014084507 0.10255281690140845 0.18427230046948356
0 0.9850352112676056 0.3676643192488263 0.15933098591549297 0.1602112676056338
0 1.1144366197183098 0.636443661971831 0.04753521126760563 0.1954225352112676
0 1.1078345070422535 0.392018779342723 0.06778169014084508 0.10328638497652583
0 0.8672975352112676 0.07922535211267606 0.11751760563380281 0.15023474178403756
0 0.9557658450704225 0.8867370892018779 0.09639084507042253 0.0880281690140845
0 0.8129401408450704 0.9436619718309859 0.12588028169014084 0.20892018779342722
0 0.48547535211267606 0.9618544600938967 0.07394366197183098 0.062206572769953054
0 0.34242957746478875 1.0008802816901408 0.18397887323943662 0.11913145539906103
0 0.6305017605633803 0.9524647887323944 0.12544014084507044 0.21244131455399062
0 0.05237676056338028 0.9574530516431925 0.10387323943661972 0.11913145539906103
0 0.477112676056338 0.8796948356807511 0.0801056338028169 0.057511737089201875
0 0.19410211267605634 0.8679577464788732 0.1153169014084507 0.07394366197183098
0 0.4892165492957746 1.0234741784037558 0.0664612676056338 0.056338028169014086
0 1.1087147887323943 0.9237089201877934 0.05457746478873239 0.16314553990610328
0 1.051056338028169 0.9022887323943662 0.05017605633802817 0.12617370892018778
0 0.06602112676056338 0.05663145539906103 0.12323943661971831 0.10856807511737089
0 0.6032130281690141 0.3541666666666667 0.11751760563380281 0.1449530516431925
0 0.9852552816901409 0.2432511737089202 0.09991197183098592 0.06044600938967136
0 0.12962147887323944 0.551056338028169 0.09198943661971831 0.04460093896713615
0 0.14326584507042253 0.6167840375586855 0.06734154929577464 0.07629107981220658
