0 0.5897887323943662 0.70481220657277 0.7189305507339814 0.999
0 0.0044014084507042256 0.01232394366197183 0.10695228811247767 0.13672985684057395
0 0.11839788732394366 0.01232394366197183 0.2323422544510018 0.14201154698141902
0 0.23371478873239437 0.004107981220657277 0.23361192130777622 0.005866133813837642
0 0.2438380281690141 0.005868544600938967 0.32691732481154534 0.13497308184002293
0 0.33098591549295775 0.004107981220657277 0.41358671394564567 0.13145298827393154
0 0.5651408450704225 0.005868544600938967 0.7189413992759374 0.11443317573673654
0 0.8433098591549296 0.002347417840375587 0.986864740378893 0.11443524212568053
0 0.9973591549295775 0.009389671361502348 0.999 0.10386772906610241
0 0.025088028169014086 0.2717136150234742 0.1597600844946439 0.3766011070334369
0 0.17693661971830985 0.28169014084507044 0.3036193060652648 0.3730741255041989
0 0.1756161971830986 0.2177230046948357 0.2710494647019441 0.2798018057484185
0 0.31382042253521125 0.2664319248826291 0.42767877622247574 0.36780138971544446
0 0.477112676056338 0.2300469483568075 0.5609695806883555 0.3613673433401662
0 0.6971830985915493 0.29577464788732394 0.8082318736361833 0.5972442637042915
0 0.8279049295774648 0.2992957746478873 0.9776285629711366 0.5960684883951597
0 0.983274647887324 0.2681924882629108 0.999 0.5890444879763715
0 0.28433098591549294 0.534037558685446 0.4197692205167625 0.6129495084749499
0 0.02640845070422535 0.4994131455399061 0.16240034839317594 0.6475942411117724
0 0.4410211267605634 0.49589201877934275 0.5662671561942075 0.5941925516321718
0 0.1210387323943662 0.8444835680751174 0.25698897943116444 0.9249738946196743
0 0.2671654929577465 0.8427230046948356 0.42769931096260666 0.9214538010535829
0 0.4639084507042254 0.7458920187793427 0.5715387726889506 0.8235059319138619
0 0.44454225352112675 0.8497652582159625 0.5689064514729221 0.9232102316559766
0 0.7257922535211268 0.7136150234741784 0.841669985803908 0.9526328550331724
0 0.8472711267605634 0.7083333333333334 0.9296446870040667 0.9491148278560251
0 0.9313380281690141 0.6907276995305164 0.999 0.9544068499415901
0 0.9973591549295775 0.999 0.999 0.999
0 0.8846830985915493 0.999 0.9947690655375917 0.999
0 0.7733274647887324 0.999 0.8803814579820473 0.999
0 0.6764964788732394 0.999 0.7686283026061297 0.999
0 0.5924295774647887 0.999 0.6722744588127355 0.999
0 0.429137323943662 0.999 0.5623111191355882 0.999
0 0.2918133802816901 0.999 0.40832226523755205 0.999
0 0.1443661971830986 0.999 0.2829470219202539 0.999
0 0.03433098591549296 0.9894366197183099 0.1263053120660583 0.999
0 0.005721830985915493 0.8321596244131455 0.11971579144762944 0.9185257279199454
0 0.1817781690140845 0.534037558685446 0.27368759763687756 0.662832137582931
0 0.999 0.6666666666666666 0.999 0.9491392801251956
0 0.4198943661971831 0.01056338028169014 0.5469102577613568 0.053984411161806516
0 0.41901408450704225 0.05927230046948357 0.5442698001388613 0.08858023926028787
0 0.4238556338028169 0.09213615023474178 0.5482289367808967 0.12964076517005002
0 0.999 0.004107981220657277 0.999 0.10915251879036346
0 0.030369718309859156 0.19718309859154928 0.153595787976096 0.2575133902003571
0 0.2891725352112676 0.6267605633802817 0.4316508923700655 0.6592565959135093
0 0.4590669014084507 0.6115023474178404 0.5622979459060702 0.6592655502655999
0 0.13512323943661972 0.7752347417840375 0.2464193999826423 0.8199675852454319
0 0.2777288732394366 0.7910798122065728 0.4329763517283277 0.8404981925984704
0 0.008362676056338027 0.7476525821596244 0.12235547417427098 0.8129415184376998
0 0.023767605633802816 0.999 0.10474306003273161 0.999
0 0.15096830985915494 0.9859154929577465 0.24641242591995635 0.999
0 0.3023767605633803 0.9982394366197183 0.38895141867932953 0.999
