0 0.8336267605633803 0.9694835680751174 0.09859154929577464 0.2546948356807512
0 0.4722711267605634 0.16109154929577466 0.08538732394366197 0.2623239436619718
0 0.5695422535211268 0.16549295774647887 0.09242957746478873 0.25938967136150237
0 0.272887323943662 0.142018779342723 0.10211267605633803 0.2828638497652582
0 0.3743397887323944 0.1552230046948357 0.09991197183098592 0.2505868544600939
0 0.8681778169014085 0.15434272300469484 0.09022887323943662 0.2887323943661972
0 0.6588908450704225 0.15492957746478872 0.0801056338028169 0.24413145539906103
0 0.3611355633802817 0.5616197183098591 0.06382042253521127 0.2992957746478873
0 0.29401408450704225 0.5924295774647887 0.05457746478873239 0.24471830985915494
0 0.6307218309859155 0.5733568075117371 0.06514084507042253 0.24530516431924881
0 0.7064260563380281 0.573650234741784 0.07746478873239436 0.2482394366197183
0 0.0721830985915493 0.15463615023474178 0.1056338028169014 0.2881455399061033
0 0.2418573943661972 0.5918427230046949 0.055897887323943664 0.2494131455399061
0 0.7693661971830986 0.1511150234741784 0.10123239436619719 0.29870892018779344
0 0.5572183098591549 0.5941901408450704 0.07394366197183098 0.2681924882629108
0 0.4297975352112676 0.568368544600939 0.06470070422535211 0.29401408450704225
0 0.12588028169014084 0.5578051643192489 0.09419014084507042 0.2564553990610329
0 0.03675176056338028 0.573650234741784 0.07262323943661972 0.2775821596244131
0 0.08494718309859155 0.9509976525821596 0.09330985915492958 0.2517605633802817
0 0.4922975352112676 0.5633802816901409 0.05765845070422535 0.25938967136150237
0 0.3444102112676056 0.9788732394366197 0.07174295774647887 0.215962441314554
0 0.18772007042253522 0.9668427230046949 0.08142605633802817 0.2529342723004695
0 0.847931338028169 0.5994718309859155 0.0840669014084507 0.25410798122065725
0 0.9590669014084507 0.1522887323943662 0.0880281690140845 0.3034037558685446
0 0.7830105633802817 0.5982981220657277 0.07306338028169014 0.2529342723004695
0 0.9086707746478874 0.6032863849765259 0.08318661971830986 0.25234741784037557
0 1.0470950704225352 0.5202464788732394 0.06778169014084508 0.25410798122065725
0 1.0983714788732395 0.545774647887324 0.06029929577464789 0.22065727699530516
0 0.967649647887324 0.5801056338028169 0.06558098591549295 0.2353286384976526
0 0.4082306338028169 0.954518779342723 0.06998239436619719 0.22476525821596244
0 0.47997359154929575 0.948943661971831 0.06470070422535211 0.23943661971830985
0 0.558318661971831 0.9762323943661971 0.0664612676056338 0.2517605633802817
0 0.7123679577464789 0.931631455399061 0.06029929577464789 0.2634976525821596
0 0.6139964788732394 0.8902582159624414 0.051056338028169015 0.20892018779342722
0 0.6668133802816901 0.8955399061032864 0.045774647887323945 0.21830985915492956
0 0.2918133802816901 1.012030516431925 0.061619718309859156 0.2306338028169014
0 0.918794014084507 0.965962441314554 0.08054577464788733 0.2546948356807512
0 1.0620598591549295 0.9322183098591549 0.09330985915492958 0.24589201877934272
0 0.988556338028169 0.9419014084507042 0.07922535211267606 0.24295774647887325
