0 0.32548415492957744 0.3585680751173709 0.144806338028169 0.029342723004694836
0 0.41571302816901406 0.9835680751173709 0.08230633802816902 0.11619718309859155
0 0.8036971830985915 0.5636737089201878 0.061619718309859156 0.16490610328638497
0 0.22711267605633803 0.9782863849765259 0.0977112676056338 0.11267605633802817
0 0.39106514084507044 0.5237676056338029 0.11223591549295775 0.15082159624413147
0 0.25440140845070425 0.5578051643192489 0.11883802816901408 0.09565727699530517
0 0.6841989436619719 0.5806924882629108 0.0664612676056338 0.1602112676056338
0 0.5026408450704225 0.5205399061032864 0.08274647887323944 0.05985915492957746
0 0.4667693661971831 0.19131455399061034 0.07966549295774648 0.02699530516431925
0 0.359375 0.08832159624413145 0.11047535211267606 0.1238262910798122
0 0.5719630281690141 0.3682511737089202 0.06029929577464789 0.09800469483568075
0 0.17033450704225353 0.3230633802816901 0.09859154929577464 0.11208920187793427
0 0.9784330985915493 0.36913145539906106 0.13996478873239437 0.107981220657277
0 0.6901408450704225 0.11120892018779342 0.10211267605633803 0.2177230046948357
0 0.8056778169014085 0.7570422535211268 0.11575704225352113 0.06572769953051644
0 0.36795774647887325 0.840669014084507 0.10651408450704225 0.04284037558685446
0 0.5765845070422535 0.11942488262910798 0.0880281690140845 0.2142018779342723
0 0.6736355633802817 0.7696596244131455 0.08846830985915492 0.04401408450704225
0 0.48811619718309857 0.3796948356807512 0.07922535211267606 0.13028169014084506
0 0.4705105633802817 0.22769953051643194 0.08890845070422536 0.03169014084507042
0 0.5882482394366197 0.5762910798122066 0.09022887323943662 0.16549295774647887
0 0.8290052816901409 0.11971830985915492 0.09639084507042253 0.22417840375586853
0 0.32196302816901406 0.318075117370892 0.1368838028169014 0.03873239436619718
0 0.07042253521126761 0.11091549295774648 0.1267605633802817 0.13380281690140844
0 0.4665492957746479 0.10240610328638497 0.0818661971830986 0.15786384976525822
0 0.5303697183098591 0.8418427230046949 0.0994718309859155 0.041666666666666664
0 0.15338908450704225 0.5663145539906104 0.06910211267605634 0.08568075117370892
0 0.9775528169014085 0.7511737089201878 0.125 0.07394366197183098
0 1.069762323943662 0.15933098591549297 0.10607394366197183 0.12852112676056338
0 0.944762323943662 0.11473004694835681 0.11399647887323944 0.22711267605633803
0 1.0950704225352113 0.3617957746478873 0.09154929577464789 0.12852112676056338
0 0.5233274647887324 1.0067488262910798 0.10915492957746478 0.10269953051643192
0 0.7559419014084507 1.0237676056338028 0.10959507042253522 0.0897887323943662
0 0.11201584507042253 0.9700704225352113 0.11223591549295775 0.10328638497652583
0 0.639524647887324 1.0105633802816902 0.10827464788732394 0.07863849765258216
0 0.08824823943661972 0.33215962441314556 0.07174295774647887 0.12441314553990611
0 0.528169014084507 0.778755868544601 0.10915492957746478 0.06338028169014084
0 0.6654929577464789 0.8371478873239436 0.0994718309859155 0.04401408450704225
0 0.3774207746478873 0.7769953051643192 0.1034330985915493 0.04225352112676056
0 0.8532130281690141 0.9909037558685446 0.06558098591549295 0.0710093896713615
0 0.971830985915493 0.9721244131455399 0.09330985915492958 0.0733568075117371
0 0.027288732394366196 0.9686032863849765 0.0528169014084507 0.09917840375586855
0 0.3329665492957746 0.9835680751173709 0.0743838028169014 0.10915492957746478
0 0.9242957746478874 0.5545774647887324 0.07922535211267606 0.10915492957746478
0 1.0180457746478873 0.5663145539906104 0.07306338028169014 0.13615023474178403
0 0.20202464788732394 0.13204225352112675 0.10035211267605634 0.07511737089201878
0 0.22887323943661972 0.7549882629107981 0.07394366197183098 0.1238262910798122
