0 0.2869718309859155 0.7893192488262911 0.34098284690537595 0.999
0 0.46170774647887325 0.784037558685446 0.5077193187735568 0.999
0 0.672975352112676 0.03345070422535211 0.7563059087358659 0.33742168385902266
0 0.37235915492957744 0.046948356807511735 0.45494174332969645 0.33447949040093455
0 0.4837147887323944 0.0710093896713615 0.5697694917303114 0.3303573888558266
0 0.5695422535211268 0.03697183098591549 0.652918335275739 0.3268562371883886
0 0.12544014084507044 0.06807511737089202 0.20637084500843086 0.33035911084661335
0 0.7799295774647887 0.02640845070422535 0.8610123549394961 0.33214412649606556
0 0.22183098591549297 0.42488262910798125 0.2921558842491569 0.6916520641847957
0 0.2706866197183099 0.0539906103286385 0.33966959215681414 0.3221514139610748
0 0.2051056338028169 0.05927230046948357 0.27851887956258675 0.3332985491194428
0 0.6839788732394366 0.42488262910798125 0.7404559952142432 0.667591031320946
0 0.10167253521126761 0.4460093896713615 0.16236722159541758 0.7315457691375168
0 0.6065140845070423 0.4113849765258216 0.6678668511951993 0.6535144454363111
0 0.7605633802816901 0.3955399061032864 0.8262497520333267 0.68227961273116
0 0.02640845070422535 0.4630281690140845 0.09109753149176751 0.7250803825299214
0 0.3617957746478873 0.4113849765258216 0.4241365335498909 0.6746412059996915
0 0.0030809859154929575 0.06807511737089202 0.035650052382959735 0.3344670920672706
0 0.8393485915492958 0.39730046948356806 0.9142432444579448 0.7039921945601623
0 0.8754401408450704 0.028169014084507043 0.9476780633182901 0.32803511208093633
0 0.7539612676056338 0.8028169014084507 0.8222913902871454 0.999
0 0.15360915492957747 0.7963615023474179 0.22440422132265422 0.999
0 0.3503521126760563 0.7992957746478874 0.41621903516167424 0.999
0 0.6091549295774648 0.8392018779342723 0.664344562090855 0.9754464777711653
0 0.6764964788732394 0.8028169014084507 0.7448606969723269 0.9913129008794551
0 0.0743838028169014 0.7998826291079812 0.1460940212135489 0.967840444466486
0 0.551056338028169 0.7822769953051644 0.6102328097103749 0.999
0 0.00044014084507042255 0.8321596244131455 0.04973572176899425 0.994229953272058
0 0.40669014084507044 0.8057511737089202 0.46020832300138864 0.999
0 0.8331866197183099 0.8098591549295775 0.8948797594103353 0.999
0 0.23767605633802816 0.7981220657276995 0.2855467975104146 0.999
0 0.5158450704225352 0.7893192488262911 0.5495088710077366 0.9649123713328484
