0 0.26870598591549294 0.37940140845070425 0.1192781690140845 0.15316901408450703
0 0.704225352112676 0.6326291079812206 0.14612676056338028 0.1619718309859155
0 0.6943221830985915 0.3283450704225352 0.1192781690140845 0.13438967136150234
0 0.26870598591549294 0.08568075117370892 0.12632042253521128 0.1396713615023474
0 0.46346830985915494 0.647887323943662 0.08714788732394366 0.22769953051643194
0 0.160431338028169 0.6264671361502347 0.09639084507042253 0.20363849765258216
0 0.5715228873239436 0.5991784037558685 0.09551056338028169 0.19014084507042253
0 0.04973591549295775 0.6396713615023474 0.09595070422535211 0.22887323943661972
0 0.8356073943661971 0.34419014084507044 0.16065140845070422 0.17194835680751175
0 0.2944542253521127 0.6390845070422535 0.09859154929577464 0.2136150234741784
0 0.1382042253521127 0.3996478873239437 0.11355633802816902 0.1267605633802817
0 0.5233274647887324 0.36678403755868544 0.11443661971830986 0.17136150234741784
0 0.39194542253521125 0.3767605633802817 0.12191901408450705 0.15492957746478872
0 0.866637323943662 0.641725352112676 0.13996478873239437 0.19190140845070422
0 0.5334507042253521 0.08744131455399061 0.1153169014084507 0.1467136150234742
0 0.6388644366197183 0.08245305164319248 0.09463028169014084 0.10974178403755869
0 0.3998679577464789 0.09360328638497653 0.13336267605633803 0.1449530516431925
0 0.751100352112676 0.0801056338028169 0.11839788732394366 0.13204225352112675
0 0.38028169014084506 0.6241197183098591 0.045774647887323945 0.13556338028169015
0 0.08142605633802817 0.08685446009389672 0.15669014084507044 0.15845070422535212
0 0.034991197183098594 0.3993544600938967 0.0682218309859155 0.09683098591549295
0 0.3444102112676056 0.960093896713615 0.09198943661971831 0.176056338028169
0 0.4496038732394366 0.9589201877934272 0.09551056338028169 0.18896713615023475
0 0.1956426056338028 0.9298708920187794 0.08670774647887323 0.18838028169014084
0 0.8560739436619719 0.8990610328638498 0.08714788732394366 0.09741784037558686
0 0.7444982394366197 0.8832159624413145 0.07966549295774648 0.07394366197183098
0 0.5651408450704225 0.8931924882629108 0.0801056338028169 0.0715962441314554
0 0.6569102112676056 0.8849765258215962 0.07350352112676056 0.06338028169014084
0 1.0380721830985915 0.9131455399061033 0.050616197183098594 0.19014084507042253
0 1.110475352112676 0.9633215962441315 0.06073943661971831 0.2130281690140845
0 0.2680457746478873 0.9160798122065728 0.0528169014084507 0.1396713615023474
