0 0.3846830985915493 0.5645539906103286 0.4787039246925214 0.854715637329454
0 0.2658450704225352 0.5727699530516432 0.36167876537393373 0.8635136326566598
0 0.18661971830985916 0.5704225352112676 0.26488264977187065 0.8617544468690075
0 0.40008802816901406 0.19072769953051644 0.5011443274523905 0.43298666214816284
0 0.08758802816901408 0.5698356807511737 0.18173961794534815 0.8635153546474466
0 0.28829225352112675 0.20246478873239437 0.3942393079870065 0.43767460986576734
0 0.21919014084507044 0.20657276995305165 0.28995634236758583 0.43943276245894775
0 0.7447183098591549 0.5434272300469484 0.819214472574886 0.7778501013908174
0 0.6544894366197183 0.5663145539906104 0.7114196789451498 0.7590573271396769
0 0.16109154929577466 0.2106807511737089 0.2195593787195001 0.43297495261081353
0 0.1131161971830986 0.22359154929577466 0.1566403537864511 0.43590164815182175
0 0.07130281690140845 0.20481220657276994 0.11132425052073001 0.43591266889285635
0 0.6496478873239436 0.28931924882629106 0.7272668803312835 0.4346893666380128
0 0.6571302816901409 0.15551643192488263 0.7334255588548899 0.2851200020939408
0 0.02992957746478873 0.5487089201877934 0.0910959817000595 0.8400535745773545
0 0.5048415492957746 0.18427230046948356 0.5539151225575283 0.4329904505278935
0 0.0013204225352112676 0.20187793427230047 0.06470012305346162 0.43591439088364303
0 0.00044014084507042255 0.5715962441314554 0.04225332740279707 0.8347584529083736
0 0.9639084507042254 0.5669014084507042 0.999 0.8400428982344772
0 0.999 0.5751173708920188 0.999 0.8300615508386784
0 0.8217429577464789 0.5369718309859155 0.8882826835573299 0.7749196174700786
0 0.7376760563380281 0.3039906103286385 0.8051330651160484 0.43468075668407946
0 0.999 0.15434272300469484 0.999 0.43300801483391743
0 0.8063380281690141 0.3086854460093897 0.8640817174171792 0.4358517104190086
0 0.999 0.1602112676056338 0.999 0.4376994065330953
0 0.8921654929577465 0.20305164319248825 0.9938854905400715 0.43473999316714057
0 0.2733274647887324 0.937793427230047 0.3550733593904979 0.999
0 0.17649647887323944 0.9636150234741784 0.25476386598641143 0.999
0 0.6584507042253521 0.9448356807511737 0.7400270903590558 0.999
0 0.3727992957746479 0.9213615023474179 0.44569859185925415 0.999
0 0.00044014084507042255 0.9683098591549296 0.1580103696563182 0.999
0 0.8626760563380281 0.9002347417840375 0.9309583292005554 0.999
0 0.7790492957746479 0.903169014084507 0.8592521790071415 0.999
0 0.999 0.9154929577464789 0.999 0.999
0 0.999 0.9125586854460094 0.999 0.999
