0 0.8334066901408451 0.5830399061032864 0.08494718309859155 0.08157276995305164
0 0.6470070422535211 0.4979460093896714 0.0994718309859155 0.10504694835680752
0 0.5127640845070423 0.5243544600938967 0.09683098591549295 0.06631455399061033
0 0.6344630281690141 0.06807511737089202 0.12367957746478873 0.11619718309859155
0 0.19256161971830985 0.9386737089201878 0.12191901408450705 0.10856807511737089
0 0.8433098591549296 0.11032863849765258 0.09507042253521127 0.21948356807511737
0 0.4804137323943662 0.08274647887323944 0.11399647887323944 0.07863849765258216
0 0.23415492957746478 0.6690140845070423 0.20334507042253522 0.07981220657276995
0 0.17143485915492956 0.4665492957746479 0.10079225352112677 0.07746478873239436
0 0.34286971830985913 0.2852112676056338 0.10035211267605634 0.12441314553990611
0 0.7603433098591549 0.3471244131455399 0.07878521126760564 0.07922535211267606
0 0.44938380281690143 0.2819835680751174 0.11619718309859155 0.11795774647887323
0 0.40625 0.5311032863849765 0.09419014084507042 0.08215962441314555
0 0.7524207746478874 0.7508802816901409 0.11399647887323944 0.12852112676056338
0 0.7455985915492958 0.5425469483568075 0.07306338028169014 0.04870892018779343
0 0.5160651408450704 0.4762323943661972 0.09903169014084508 0.06631455399061033
0 0.7449383802816901 0.4988262910798122 0.08318661971830986 0.0528169014084507
0 0.6084947183098591 0.2796361502347418 0.12455985915492958 0.04518779342723005
0 1.022887323943662 0.5293427230046949 0.05545774647887324 0.15610328638497653
0 0.9515845070422535 0.10504694835680752 0.09242957746478873 0.19953051643192488
0 0.10079225352112677 0.3039906103286385 0.12147887323943662 0.12089201877934272
0 0.9209947183098591 0.3703051643192488 0.09903169014084508 0.062206572769953054
0 0.7348151408450704 0.9609741784037559 0.09375 0.08744131455399061
0 1.0162852112676057 0.7083333333333334 0.09066901408450705 0.04460093896713615
0 0.8265845070422535 0.3418427230046948 0.051056338028169015 0.09565727699530517
0 0.9227552816901409 0.5501760563380281 0.06734154929577464 0.13438967136150234
0 0.8318661971830986 0.5152582159624414 0.06338028169014084 0.062206572769953054
0 0.22601232394366197 0.2984154929577465 0.1131161971830986 0.11795774647887323
0 0.590669014084507 0.3248239436619718 0.13556338028169015 0.04870892018779343
0 0.8457306338028169 0.9360328638497653 0.08758802816901408 0.051643192488262914
0 0.4399207746478873 0.7059859154929577 0.06470070422535211 0.13497652582159625
0 0.5930897887323944 0.8101525821596244 0.09022887323943662 0.03931924882629108
0 0.9467429577464789 0.9407276995305164 0.0977112676056338 0.04460093896713615
0 0.43221830985915494 0.9468896713615024 0.11267605633802817 0.12617370892018778
0 0.31360035211267606 0.9507042253521126 0.10871478873239436 0.12441314553990611
0 0.9529049295774648 0.8867370892018779 0.08274647887323944 0.04225352112676056
0 0.9496038732394366 0.9870892018779343 0.06294014084507042 0.03990610328638498
0 0.10761443661971831 0.11502347417840375 0.12808098591549297 0.03873239436619718
0 0.34330985915492956 0.07071596244131455 0.14700704225352113 0.1273474178403756
0 0.24273767605633803 0.08333333333333333 0.0743838028169014 0.0892018779342723
0 0.7475792253521126 0.07922535211267606 0.07526408450704225 0.13380281690140844
0 0.7601232394366197 0.16725352112676056 0.07042253521126761 0.018779342723004695
0 0.7559419014084507 0.20422535211267606 0.08934859154929578 0.03169014084507042
0 1.092649647887324 0.11355633802816902 0.09639084507042253 0.22593896713615025
0 0.037632042253521125 0.9427816901408451 0.07174295774647887 0.20129107981220656
0 0.6016725352112676 0.7429577464788732 0.1382042253521127 0.1643192488262911
0 1.03125 0.9375 0.06690140845070422 0.08039906103286384
0 1.1170774647887325 0.9281103286384976 0.04753521126760563 0.09800469483568075
0 0.8809419014084507 0.7505868544600939 0.12544014084507044 0.12206572769953052
0 0.5407130281690141 0.9477699530516432 0.0840669014084507 0.12441314553990611
0 0.6357834507042254 0.9504107981220657 0.08582746478873239 0.1426056338028169
