0 0.6786971830985915 0.1596244131455399 0.7598245170849037 0.40953073684674557
0 0.11355633802816902 0.5645539906103286 0.20813663893572704 0.8670395809914259
0 0.29797535211267606 0.5592723004694836 0.3726681446513589 0.8570661547532455
0 0.5501760563380281 0.5534037558685446 0.6595289718061893 0.8735015236174479
0 0.6571302816901409 0.5492957746478874 0.7312248546295378 0.8652879719632348
0 0.7684859154929577 0.15434272300469484 0.861897673452688 0.4042521462893165
0 0.01056338028169014 0.15434272300469484 0.10871013935727038 0.41422867211091274
0 0.011443661971830986 0.5651408450704225 0.11135059697976592 0.881710598095616
0 0.11839788732394366 0.09330985915492958 0.228380986845368 0.41250392613899356
0 0.37588028169014087 0.5487089201877934 0.47342610903094623 0.8553117905397959
0 0.5514964788732394 0.1613849765258216 0.6243171230286649 0.4112902670325553
0 0.4709507042253521 0.5440140845070423 0.5473279266266614 0.8517934189644911
0 0.2108274647887324 0.562206572769953 0.300083262559512 0.8635198318234918
0 0.22359154929577466 0.1813380281690141 0.297436799494148 0.41127855749520603
0 0.3591549295774648 0.15258215962441316 0.4430637522317001 0.40601374286407016
0 0.30545774647887325 0.18309859154929578 0.3550592175411625 0.411277524300734
0 0.5057218309859155 0.17018779342723006 0.5499534675039675 0.4077639742996319
0 0.4441021126760563 0.1602112676056338 0.5033256592813926 0.40600926568802487
0 0.6232394366197183 0.15375586854460094 0.6784228699662765 0.40249192730719213
0 0.8503521126760564 0.5434272300469484 0.9608933309363222 0.8635308525645264
0 0.7319542253521126 0.54518779342723 0.8429876962036302 0.8635298193700545
0 0.9617077464788732 0.5393192488262911 0.999 0.8465144840089047
0 0.9102112676056338 0.14964788732394366 0.9960782520829201 0.4124708639158897
0 0.9977992957746479 0.15492957746478872 0.999 0.40777292865172254
0 0.6175176056338029 0.9706572769953051 0.7070345433073795 0.999
0 0.7086267605633803 0.9512910798122066 0.7844592311793295 0.999
0 0.3415492957746479 0.971244131455399 0.41798347302122596 0.999
0 0.04005281690140845 0.9565727699530516 0.13290490633058916 0.999
0 0.13732394366197184 0.9460093896713615 0.2318937834755009 0.999
0 0.26848591549295775 0.971830985915493 0.3414311241569133 0.999
0 0.8265845070422535 0.9237089201877934 0.904565763861337 0.999
0 0.4300176056338028 0.9812206572769953 0.5953212950679428 0.999
0 0.8886443661971831 0.9407276995305164 0.9635173220219202 0.999
0 0.2169894366197183 0.9442488262910798 0.26574956450853005 0.999
