0 0.28257042253521125 0.9014084507042254 0.34494605175064474 0.999
0 0.6320422535211268 0.24178403755868544 0.7202323757686967 0.506313507020212
0 0.5400528169014085 0.2353286384976526 0.6278432866122793 0.5051435864797549
0 0.47183098591549294 0.5551643192488263 0.5512888067843682 0.7966225561506756
0 0.1813380281690141 0.579225352112676 0.2534413124876017 0.7895661823050982
0 0.32526408450704225 0.22300469483568075 0.3766174013712557 0.452920771892702
0 0.27860915492957744 0.5927230046948356 0.33526469667476694 0.810098167250766
0 0.596830985915493 0.5862676056338029 0.6749133666435232 0.8318155706539708
0 0.00044014084507042255 0.21948356807511737 0.05985896120561397 0.48813410588727985
0 0.37940140845070425 0.5563380281690141 0.4593400521969847 0.8101195199365205
0 0.4110915492957746 0.22652582159624413 0.472090188578655 0.4593741045647909
0 0.4837147887323944 0.22887323943661972 0.5358786466598889 0.4564384546716921
0 0.19850352112676056 0.2147887323943662 0.28600417978823645 0.48285517093169344
0 0.4242957746478873 0.007042253521126761 0.46768296840904583 0.09271887191694769
0 0.6580105633802817 0.0005868544600938967 0.733425171406963 0.10445974949855628
0 0.8111795774647887 0.0029342723004694834 0.8896077554676651 0.10739264420639644
0 0.8921654929577465 0.0005868544600938967 0.979800983497818 0.10739402179902577
0 0.30721830985915494 0.0011737089201877935 0.3753049215185479 0.09096175251823932
0 0.570862676056338 0.0005868544600938967 0.655558599174271 0.1009386227379929
0 0.7363556338028169 0.0005868544600938967 0.8077744913583614 0.0991780593577112
0 0.4788732394366197 0.0005868544600938967 0.5675709184685579 0.09448322367696003
0 0.7231514084507042 0.24647887323943662 0.7862134016688157 0.4980947893936388
0 0.8534330985915493 0.2535211267605634 0.9181983128967466 0.4763770415922767
0 0.999 0.6285211267605634 0.999 0.853504389010117
0 0.9238556338028169 0.25821596244131456 0.9789067536823052 0.48282968546805083
0 0.999 0.6349765258215962 0.999 0.8229841687055037
0 0.795774647887324 0.2505868544600939 0.8456004512993454 0.4710970734422183
0 0.999 0.25821596244131456 0.999 0.5198015164539663
0 0.9564260563380281 0.5692488262910798 0.991216361770978 0.7913326004540545
0 0.9815140845070423 0.0005868544600938967 0.999 0.11795740208071591
0 0.7856514084507042 0.5757042253521126 0.8632105407533227 0.8347560421212722
0 0.9141725352112676 0.5710093896713615 0.9511821423700654 0.7878104404990192
0 0.999 0.0005868544600938967 0.999 0.1191311110009037
0 0.8653169014084507 0.573943661971831 0.9133515330539577 0.7948509720293593
0 0.8243838028169014 0.9025821596244131 0.8785984226219996 0.999
0 0.8811619718309859 0.9096244131455399 0.9208269533574688 0.999
0 0.20378521126760563 0.8908450704225352 0.277199038199266 0.999
0 0.4555457746478873 0.9172535211267606 0.5160847069653839 0.999
0 0.6949823943661971 0.9512910798122066 0.7725814338052965 0.999
0 0.6822183098591549 0.5980046948356808 0.7611433898284071 0.8347429549912936
0 0.38116197183098594 0.8943661971830986 0.44833575617437016 0.999
0 0.5387323943661971 0.999 0.6067171072207895 0.999
0 0.014524647887323943 0.9154929577464789 0.07877881837681015 0.999
0 0.5558978873239436 0.9190140845070423 0.6190334956481849 0.999
0 0.610475352112676 0.9284037558685446 0.6881115865527673 0.999
0 0.999 0.920774647887324 0.999 0.999
0 0.9938380281690141 0.9184272300469484 0.999 0.999
0 0.9286971830985915 0.9172535211267606 0.9921088480708193 0.999
0 0.7676056338028169 0.9266431924882629 0.8244860890696291 0.999
0 0.999 0.9113849765258216 0.999 0.999
0 0.030809859154929578 0.999 0.08977517171692125 0.999
0 0.0030809859154929575 0.5586854460093896 0.053695827030847056 0.7308927902312151
0 0.0044014084507042256 0.008802816901408451 0.053695245858956554 0.0927178387224757
0 0.23107394366197184 0.0017605633802816902 0.30359547801775444 0.0892008447398003
