0 0.3888644366197183 0.647593896713615 0.09551056338028169 0.20363849765258216
0 0.34419014084507044 0.15082159624413147 0.10827464788732394 0.05046948356807512
0 0.8642165492957746 0.15199530516431925 0.10079225352112677 0.2828638497652582
0 0.48723591549295775 0.08098591549295775 0.11971830985915492 0.08450704225352113
0 0.7524207746478874 0.16226525821596244 0.10695422535211267 0.2822769953051643
0 0.7858714788732394 0.6329225352112676 0.11487676056338028 0.1613849765258216
0 0.7779489436619719 0.4618544600938967 0.1131161971830986 0.1772300469483568
0 0.3459507042253521 0.061619718309859156 0.08362676056338028 0.09154929577464789
0 0.6384242957746479 0.619131455399061 0.10783450704225352 0.1431924882629108
0 0.535431338028169 0.8477112676056338 0.09463028169014084 0.0534037558685446
0 0.6430457746478874 0.16960093896713616 0.09507042253521127 0.2687793427230047
0 0.1837588028169014 0.11707746478873239 0.14392605633802816 0.13673708920187794
0 0.25044014084507044 0.4157863849765258 0.1267605633802817 0.0534037558685446
0 0.25528169014084506 0.30369718309859156 0.09507042253521127 0.04870892018779343
0 0.7024647887323944 0.8213028169014085 0.176056338028169 0.09800469483568075
0 0.3800616197183099 0.32541079812206575 0.10783450704225352 0.04988262910798122
0 1.0829665492957747 0.14964788732394366 0.09815140845070422 0.2676056338028169
0 0.9691901408450704 0.18867370892018778 0.11355633802816902 0.2142018779342723
0 1.0088028169014085 0.471537558685446 0.10387323943661972 0.06866197183098592
0 1.0081426056338028 0.6053403755868545 0.09903169014084508 0.13673708920187794
0 1.0673415492957747 0.7866784037558685 0.11619718309859155 0.08157276995305164
0 1.1007922535211268 0.5950704225352113 0.06954225352112677 0.1056338028169014
0 0.737455985915493 0.9310446009389671 0.19674295774647887 0.11443661971830986
0 0.32350352112676056 1.0126173708920188 0.11619718309859155 0.04401408450704225
0 0.1775968309859155 1.0099765258215962 0.11399647887323944 0.0528169014084507
0 0.05435739436619718 0.8785211267605634 0.0840669014084507 0.08685446009389672
0 0.30941901408450706 0.8705985915492958 0.10827464788732394 0.056924882629107984
0 1.076144366197183 0.9128521126760564 0.12940140845070422 0.12265258215962441
0 0.05765845070422535 0.12118544600938967 0.09859154929577464 0.13791079812206572
0 0.512544014084507 0.14289906103286384 0.1307218309859155 0.0357981220657277
0 0.10761443661971831 0.42576291079812206 0.12544014084507044 0.0534037558685446
0 0.3857834507042254 0.403462441314554 0.12279929577464789 0.04636150234741784
0 0.5275088028169014 0.37353286384976525 0.10871478873239436 0.08274647887323944
0 0.07834507042253522 0.6666666666666666 0.1505281690140845 0.12089201877934272
0 0.26474471830985913 0.5892018779342723 0.1500880281690141 0.1068075117370892
0 0.22205105633802816 0.6936619718309859 0.10607394366197183 0.07746478873239436
0 0.5028609154929577 0.6546361502347418 0.11663732394366197 0.16607981220657278
0 0.8705985915492958 0.5046948356807511 0.06954225352112677 0.17253521126760563
0 0.3107394366197183 0.9498239436619719 0.12588028169014084 0.06514084507042253
0 0.42077464788732394 0.8723591549295775 0.09154929577464789 0.09330985915492958
0 0.18595950704225353 0.909037558685446 0.1113556338028169 0.1431924882629108
0 0.05501760563380282 0.9850352112676056 0.09859154929577464 0.10856807511737089
0 0.5380721830985915 0.9383802816901409 0.11663732394366197 0.09507042253521127
0 1.1016725352112675 0.4354460093896714 0.07394366197183098 0.15140845070422534
0 0.9786531690140845 0.8257042253521126 0.055897887323943664 0.11737089201877934
0 0.016285211267605633 0.3846830985915493 0.030809859154929578 0.10856807511737089
0 0.25110035211267606 0.3664906103286385 0.14656690140845072 0.041666666666666664
0 0.5061619718309859 0.5404929577464789 0.10475352112676056 0.05516431924882629
0 0.6498679577464789 0.5132042253521126 0.10519366197183098 0.04518779342723005
0 0.8653169014084507 0.8092723004694836 0.12940140845070422 0.0880281690140845
