0 0.2244718309859155 0.1813380281690141 0.39910894725748863 0.32794522416187266
0 0.9392605633802817 0.7359154929577465 0.9978260296816108 0.9837230542881704
0 0.7139084507042254 0.009389671361502348 0.7769745121255703 0.28403204831492873
0 0.6214788732394366 0.3967136150234742 0.7057123772564967 0.6247671868456436
0 0.06866197183098592 0.4354460093896714 0.17030428610394763 0.6241576021071658
0 0.5919894366197183 0.012910798122065728 0.6581901454944455 0.2681849115034495
0 0.7891725352112676 0.007629107981220657 0.8623287092714739 0.3057466965328749
0 0.6597711267605634 0.007629107981220657 0.7122976359477287 0.2805119547488373
0 0.5316901408450704 0.4072769953051643 0.5781110518746281 0.5578595792281072
0 0.7077464788732394 0.4014084507042254 0.7668539848244396 0.6288724128810421
0 0.5378521126760564 0.00528169014084507 0.58955200171097 0.27464478774052764
0 0.47183098591549294 0.4354460093896714 0.5248803560801428 0.5637115927174943
0 0.47315140845070425 0.0005868544600938967 0.5376438594152946 0.2975348668694483
0 0.17297535211267606 0.4818075117370892 0.3137442890175561 0.6335200660142388
0 0.5827464788732394 0.40199530516431925 0.6216625235568339 0.5654917867927439
0 0.2988556338028169 0.7740610328638498 0.36298465861188256 0.851658414886817
0 0.38776408450704225 0.7758215962441315 0.43600890665294584 0.8851080859176971
0 0.030369718309859156 0.2992957746478873 0.1320288865676453 0.36367412219797657
0 0.855193661971831 0.46068075117370894 0.9076341577192025 0.6411615723291234
0 0.31161971830985913 0.48708920187793425 0.4237184772366594 0.6610991260552359
0 0.8639964788732394 0.00528169014084507 0.9283169029582424 0.30926920088606763
0 0.9436619718309859 0.01056338028169014 0.999 0.31806891820406
0 0.999 0.01936619718309859 0.999 0.3268665691331085
0 0.999 0.4125586854460094 0.999 0.6083259632127664
0 0.7803697183098591 0.42488262910798125 0.8425262457225748 0.6335534726355
0 0.999 0.4119718309859155 0.999 0.6030446174700786
0 0.9119718309859155 0.44072769953051644 0.965707758877207 0.6130042677819657
0 0.5757042253521126 0.7411971830985915 0.6388311160979964 0.9578983584606229
0 0.6456866197183099 0.795774647887324 0.698219328072307 0.9924907425775309
0 0.7095070422535211 0.7875586854460094 0.7708144775342194 0.999
0 0.2125880281690141 0.7904929577464789 0.28071629048055946 0.8534093351186934
0 0.999 0.7376760563380281 0.999 0.9766797675725717
0 0.8085387323943662 0.7359154929577465 0.8702427206283476 0.9978075613304239
0 0.8785211267605634 0.818075117370892 0.9375534678139259 0.9889565286869889
0 0.999 0.784037558685446 0.999 0.9889765037801141
0 0.06690140845070422 0.159037558685446 0.14961844128149177 0.27983624556415176
0 0.15713028169014084 0.1607981220657277 0.22176182646052373 0.2851169025105248
0 0.4898767605633803 0.7564553990610329 0.5675660753694703 0.9408706247658093
0 0.08890845070422536 0.7805164319248826 0.2063869240974013 0.8581100255681191
