0 0.948943661971831 0.16725352112676056 0.9969414860642729 0.4576483253983998
0 0.00044014084507042255 0.2846244131455399 0.08714769359998017 0.5532367227622385
0 0.4141725352112676 0.13673708920187794 0.503778973355981 0.43771318245938856
0 0.5110035211267606 0.13673708920187794 0.5966060723938703 0.440647454759858
0 0.6923415492957746 0.1613849765258216 0.7747833003744297 0.4423935534175318
0 0.7759683098591549 0.159037558685446 0.867616211131224 0.4482634756111001
0 0.610475352112676 0.14730046948356806 0.6845904597922039 0.4435755278934956
0 0.3173415492957746 0.13673708920187794 0.41007159262795084 0.4359526190791069
0 0.8683978873239436 0.1572769953051643 0.9520825713524101 0.44533023650510256
0 0.8261443661971831 0.522887323943662 0.9204110280078357 0.7813832820868876
0 0.6382042253521126 0.5240610328638498 0.7250712129289824 0.7649506684079438
0 0.7275528169014085 0.5275821596244131 0.810419210908054 0.7678828743194692
0 0.33274647887323944 0.5123239436619719 0.42767044609204524 0.7796289178734378
0 0.09242957746478873 0.44366197183098594 0.31289945881273556 0.5654673345235733
0 0.9269366197183099 0.5240610328638498 0.999 0.7895985557318874
0 0.07306338028169014 0.8814553990610329 0.3107072784417774 0.994787878286936
0 0.7874119718309859 0.903755868544601 0.8777344137447927 0.9959485000771452
0 0.3226232394366197 0.8902582159624414 0.40786856371503666 0.9965432756948578
0 0.08362676056338028 0.7599765258215962 0.31510403751735766 0.8868779480482267
0 0.0022007042253521128 0.8603286384976526 0.04621382011257687 0.999
0 0.6060739436619719 0.9025821596244131 0.6925149322431065 0.9965360433335537
0 0.002640845070422535 0.6983568075117371 0.05149531652945844 0.8399657530472349
0 0.7011443661971831 0.9055164319248826 0.7853428061768498 0.9977080302629548
0 0.41505281690140844 0.8902582159624414 0.49761661407706803 0.9983038390751394
0 0.5008802816901409 0.9055164319248826 0.5908886970591153 0.9977080302629548
