0 0.9273767605633803 0.8392018779342723 0.9907890067074986 0.999
0 0.6043133802816901 0.4994131455399061 0.6828326085474112 0.7649651331305517
0 0.5264084507042254 0.5105633802816901 0.6010007005058521 0.761437462804999
0 0.6773767605633803 0.20598591549295775 0.7488215771300337 0.4194800552139126
0 0.2918133802816901 0.5146713615023474 0.3577060680544535 0.7596744886376159
0 0.7574823943661971 0.5011737089201878 0.8275715306362825 0.7326871046309155
0 0.20158450704225353 0.5269953051643192 0.25827395048105534 0.7373667867927439
0 0.36883802816901406 0.5252347417840375 0.4254538565016862 0.7661236885318169
0 0.4498239436619718 0.517018779342723 0.5108055352360642 0.7719970547069585
0 0.5625 0.2007042253521127 0.6177101672535211 0.44060991536070887
0 0.4212147887323944 0.2106807511737089 0.48969136673031144 0.4370829338314708
0 0.08626760563380281 0.2335680751173709 0.14036695968061894 0.45056715488549454
0 0.9339788732394366 0.198943661971831 0.990786100848046 0.4153762067711433
0 0.9238556338028169 0.5046948356807511 0.9943116832597699 0.7438352729837554
0 0.24163732394366197 0.198943661971831 0.2930274483609403 0.44061094855518085
0 0.1800176056338028 0.2112676056338028 0.23495597816653443 0.42475864577134165
0 0.4977992957746479 0.20774647887323944 0.560960475662071 0.44001892812272697
0 0.13204225352112675 0.5387323943661971 0.18039962928982345 0.7631814950737288
0 0.6179577464788732 0.20950704225352113 0.66962237775243 0.42299911558553194
0 0.08274647887323944 0.5422535211267606 0.125843861585003 0.7473343582622496
0 0.02244718309859155 0.5422535211267606 0.0756943454299742 0.7578977385439397
0 0.3397887323943662 0.2177230046948357 0.4069807267903194 0.4353182376733012
0 0.5325704225352113 0.022887323943661973 0.5935155940041659 0.11794431495073729
0 0.08626760563380281 0.011737089201877934 0.14520850897639356 0.1355564923185435
0 0.2904929577464789 0.2130281690140845 0.3396608745784567 0.4317998660979964
0 0.6012323943661971 0.005868544600938967 0.6801931195447332 0.11443317573673654
0 0.022887323943661973 0.22124413145539906 0.08185612353699663 0.4628983309087703
0 0.15272887323943662 0.015258215962441314 0.21296094679875024 0.12792531794837886
0 0.022007042253521125 0.01936619718309859 0.0695325673229518 0.14494168650400052
0 0.45994718309859156 0.01584507042253521 0.5288468542327911 0.11794844772862528
0 0.6866197183098591 0.01056338028169014 0.7549794807577861 0.1091487304106328
0 0.8411091549295775 0.007629107981220657 0.9129220470268795 0.11091101578170116
0 0.4027288732394366 0.01232394366197183 0.45052696792551084 0.12557962209878992
0 0.13776408450704225 0.22065727699530516 0.17687598411773456 0.4136029006590403
0 0.2323943661971831 0.007042253521126761 0.29787306585994844 0.13262497520333266
0 0.3890845070422535 0.8421361502347418 0.4536139592838722 0.999
0 0.664612676056338 0.8603286384976526 0.7369433923080738 0.999
0 0.999 0.48884976525821594 0.999 0.7391497360532522
0 0.7605633802816901 0.1936619718309859 0.8376934140051577 0.4247689777160616
0 0.8393485915492958 0.49413145539906106 0.9076411317818884 0.7373860730895545
0 0.999 0.1936619718309859 0.999 0.4118581795939959
0 0.8433098591549296 0.20422535211267606 0.912921078407062 0.42534963300932355
0 0.999 0.1965962441314554 0.999 0.41126960314311534
0 0.761443661971831 0.012910798122065728 0.8302106321910335 0.11266847957856685
0 0.9172535211267606 0.005868544600938967 0.9894730398234477 0.10093552315457692
0 0.988556338028169 0.01056338028169014 0.999 0.11090929379091449
0 0.999 0.004107981220657277 0.999 0.11619477231149021
0 0.24295774647887325 0.8427230046948356 0.30006912071017655 0.999
0 0.06426056338028169 0.8427230046948356 0.1289329839069629 0.999
0 0.7473591549295775 0.8515258215962441 0.8082097891043444 0.999
0 0.5176056338028169 0.8480046948356808 0.5882404904780798 0.999
0 0.136443661971831 0.846244131455399 0.1931617765572307 0.999
0 0.3296654929577465 0.8257042253521126 0.38893940779359254 0.999
0 0.5897887323943662 0.8497652582159625 0.6458671704522913 0.999
0 0.4595070422535211 0.8374413145539906 0.5103611324637969 0.999
0 0.198943661971831 0.8427230046948356 0.24066947902201943 0.999
0 0.8371478873239436 0.8791079812206573 0.896198438429875 0.999
0 0.3217429577464789 0.009389671361502348 0.38498162721930174 0.12968932531023386
