0 0.37588028169014087 0.2904929577464789 0.5297641371999603 0.36954783277127556
0 0.59375 0.3075117370892019 0.7215696522887324 0.36777728184443126
0 0.6883802816901409 0.7893192488262911 0.8148378607915097 0.8956635450417686
0 0.48723591549295775 0.5698356807511737 0.6542749841921246 0.6545951668540193
0 0.26188380281690143 0.22124413145539906 0.3709234666360841 0.37134903513412243
0 0.6830985915492958 0.5856807511737089 0.8082380728030153 0.6510647413432079
0 0.3956866197183099 0.20481220657276994 0.5178716168047014 0.2850910726487249
0 0.5950704225352113 0.24061032863849766 0.7145268175957151 0.30443626154422626
0 0.44014084507042256 0.755868544600939 0.515651346459036 0.8563639269104455
0 0.7566021126760564 0.301056338028169 0.850019101182801 0.35604398102228396
0 0.8287852112676056 0.732981220657277 0.9344943727063083 0.7830205509268444
0 0.8560739436619719 0.5616197183098591 0.999 0.6375812090854989
0 0.9018485915492958 0.2517605633802817 0.999 0.35959403722806327
0 0.999 0.5692488262910798 0.999 0.6334687506887963
0 0.9779929577464789 0.744131455399061 0.999 0.8317229275496484
0 0.883362676056338 0.505868544600939 0.999 0.5531068846569244
0 0.5418133802816901 0.8509389671361502 0.6577720891812141 0.916754143798629
0 0.40580985915492956 0.999 0.559680541435231 0.999
0 0.5418133802816901 0.738849765258216 0.655571384955862 0.8405288440344728
0 0.005721830985915493 0.999 0.12015593229269986 0.999
0 0.00044014084507042255 0.7576291079812206 0.1210385386704027 0.9132877763450814
0 0.36047535211267606 0.8609154929577465 0.46727091753868283 0.9155745801097666
0 0.7293133802816901 0.999 0.8416684360122 0.999
0 0.8441901408450704 0.812793427230047 0.9454911134943463 0.8897812245145365
0 0.7513204225352113 0.999 0.8522221300957151 0.999
0 0.8512323943661971 0.999 0.9622133660236065 0.999
0 0.16109154929577466 0.999 0.1610206463251339 0.999
0 0.7671654929577465 0.2282863849765258 0.8610179729344376 0.29740124038440346
0 0.999 0.2177230046948357 0.999 0.362548284621658
0 0.28169014084507044 0.5164319248826291 0.4109675659591351 0.5677720469924398
0 0.999 0.4800469483568075 0.999 0.5595774372368798
0 0.999 0.8585680751173709 0.999 0.8991440328197668
0 0.9947183098591549 0.999 0.999 0.999
0 0.5845070422535211 0.999 0.7162920303511208 0.999
0 0.2764084507042254 0.5856807511737089 0.4004065103650069 0.6575201404042408
0 0.41901408450704225 0.5616197183098591 0.4575620536599881 0.6663370776300999
0 0.4784330985915493 0.4800469483568075 0.634912661488296 0.53551640437303
0 0.6738556338028169 0.4800469483568075 0.8148442536823052 0.5560563104763164
0 0.59375 0.1643192488262911 0.7022034551056338 0.2281899534924728
0 0.3125 0.999 0.380584286971831 0.999
