0 0.45598591549295775 0.267018779342723 0.11267605633802817 0.19014084507042253
0 0.7755281690140845 0.9480633802816901 0.1875 0.1273474178403756
0 0.5928697183098591 0.22124413145539906 0.0994718309859155 0.27230046948356806
0 0.6507482394366197 0.6414319248826291 0.1034330985915493 0.13615023474178403
0 0.7081866197183099 0.2221244131455399 0.11267605633802817 0.24354460093896713
0 0.29401408450704225 0.6681338028169014 0.0977112676056338 0.13673708920187794
0 0.6540492957746479 0.5132042253521126 0.11179577464788733 0.09330985915492958
0 0.7797095070422535 0.6379107981220657 0.14744718309859156 0.11032863849765258
0 0.8263644366197183 0.22036384976525822 0.10607394366197183 0.24706572769953053
0 0.9267165492957746 0.6405516431924883 0.13600352112676056 0.08744131455399061
0 0.12169894366197183 0.1875 0.16681338028169015 0.11561032863849766
0 0.9227552816901409 0.5296361502347418 0.1289612676056338 0.09565727699530517
0 0.40514964788732394 0.9697769953051644 0.18794014084507044 0.11561032863849766
0 0.21764964788732394 0.7608568075117371 0.037411971830985914 0.07570422535211267
0 0.28080985915492956 0.24706572769953053 0.07130281690140845 0.289906103286385
0 0.15470950704225353 0.45011737089201875 0.08582746478873239 0.06338028169014084
0 0.047755281690140844 0.3958333333333333 0.09198943661971831 0.09330985915492958
0 0.410431338028169 0.5985915492957746 0.12279929577464789 0.3086854460093897
0 0.5244278169014085 0.5528169014084507 0.09198943661971831 0.1619718309859155
0 1.0116637323943662 0.9169600938967136 0.23283450704225353 0.1449530516431925
0 0.16637323943661972 0.6907276995305164 0.11091549295774648 0.062206572769953054
0 0.06029929577464789 0.6901408450704225 0.0801056338028169 0.0880281690140845
