0 0.49735915492957744 0.9231220657276995 0.6080557398085696 0.999
0 0.999 0.9107981220657277 0.999 0.9871415503978488
0 0.03873239436619718 0.40669014084507044 0.09197238891093036 0.5649021771473914
0 0.13996478873239437 0.42018779342723006 0.18655811408946638 0.5549177301681765
0 0.0994718309859155 0.11443661971830986 0.17777311979269986 0.25873565926072867
0 0.18838028169014084 0.4354460093896714 0.240233987552073 0.554321921355992
0 0.7064260563380281 0.25410798122065725 0.8289144251512597 0.3672217676166546
0 0.7627640845070423 0.5199530516431925 0.8689424453853402 0.5812676331856554
0 0.0013204225352112676 0.6437793427230047 0.11751702446191231 0.8165236036721109
0 0.1544894366197183 0.6942488262910798 0.20063622824092442 0.818254548810862
0 0.1113556338028169 0.6596244131455399 0.1566411286823051 0.8182748683021446
0 0.6430457746478874 0.517018779342723 0.7475162650639754 0.5883116086975688
0 0.7359154929577465 0.0357981220657277 0.8350634174766911 0.09739683208798959
0 0.8767605633802817 0.028169014084507043 0.9925718483435827 0.15960788203398799
0 0.19190140845070422 0.636150234741784 0.24067257860543542 0.8130069540875928
0 0.6157570422535211 0.9178403755868545 0.7321233463722475 0.999
0 0.3573943661971831 0.26936619718309857 0.47079340036699063 0.3824710292270052
0 0.5985915492957746 0.0035211267605633804 0.725968929775838 0.14612469417443627
0 0.3767605633802817 0.8039906103286385 0.47914755256893476 0.8592699585620137
0 0.8732394366197183 0.4442488262910798 0.9723269192620512 0.5818989150080451
0 0.18441901408450703 0.041666666666666664 0.2358343226170403 0.24528071205007823
0 0.35255281690140844 0.6519953051643192 0.49368285527425115 0.7678098619101148
0 0.00044014084507042255 0.39436619718309857 0.03961248233237453 0.572538517489916
0 0.7341549295774648 0.0897887323943662 0.8253810937809958 0.1390318141241817
0 0.999 0.4876760563380282 0.999 0.6487748379951068
0 0.999 0.7012910798122066 0.999 0.7613255334038661
0 0.9674295774647887 0.7235915492957746 0.999 0.7736363899358593
0 0.8745598591549296 0.2711267605633803 0.984210140907062 0.3208502777226741
0 0.2535211267605634 0.8908450704225352 0.30402573894068635 0.999
0 0.1817781690140845 0.8873239436619719 0.24595872439744096 0.999
0 0.06426056338028169 0.8908450704225352 0.12277101207597699 0.999
0 0.007922535211267605 0.8890845070422535 0.07614087916584011 0.999
0 0.7328345070422535 0.9131455399061033 0.8139380129810553 0.999
0 0.304137323943662 0.8890845070422535 0.34405627758629237 0.999
0 0.37544014084507044 0.9330985915492958 0.4936727816281492 0.999
0 0.9300176056338029 0.9284037558685446 0.999 0.999
0 0.8327464788732394 0.9107981220657277 0.9256898122892284 0.999
0 0.2522007042253521 0.6373239436619719 0.29610378490130923 0.8030297394696819
0 0.4647887323943662 0.04401408450704225 0.5763799345367983 0.13964553164054752
0 0.3578345070422535 0.09096244131455399 0.45934954467119615 0.1460733788489938
0 0.999 0.03873239436619718 0.999 0.1378880678436818
0 0.7816901408450704 0.6913145539906104 0.9059059462408252 0.8399698858251229
0 0.6496478873239436 0.6825117370892019 0.7096612465284666 0.804763784191849
0 0.4784330985915493 0.27230046948356806 0.5939795628967467 0.3760139081751857
0 0.6029929577464789 0.23826291079812206 0.7057205136629637 0.3725127565077476
0 0.8569542253521126 0.3274647887323944 0.9736545095839119 0.3689392812272697
0 0.03609154929577465 0.12441314553990611 0.11530101604344377 0.25520867773149064
