0 0.5017605633802817 0.02112676056338028 0.589567887075977 0.15256976129074917
0 0.6663732394366197 0.4818075117370892 0.7202172652995438 0.63821490169499
0 0.8080985915492958 0.46830985915492956 0.8596795340706209 0.6376359683925147
0 0.3617957746478873 0.7012910798122066 0.41797456171890496 0.9321001812911901
0 0.7442781690140845 0.7376760563380281 0.804249877566455 0.9250365750843087
0 0.5484154929577465 0.7012910798122066 0.595709324166832 0.9215368010095
0 0.1289612676056338 0.5041079812206573 0.1755594360617933 0.6528731760673588
0 0.34903169014084506 0.4477699530516432 0.41093792619271974 0.6441034213890542
0 0.17693661971830985 0.5064553990610329 0.23363691169906767 0.6446558360334149
0 0.679137323943662 0.7253521126760564 0.7360567177271374 0.9373677511075844
0 0.42297535211267606 0.45598591549295775 0.47824692986262646 0.6399906185941944
0 0.5994718309859155 0.4835680751173709 0.652905162046221 0.644082413101457
0 0.47975352112676056 0.45598591549295775 0.5323592634149971 0.6394037641341004
0 0.488556338028169 0.710093896713615 0.5332356706258679 0.9156630904362009
0 0.6025528169014085 0.70481220657277 0.6374988764010118 0.909210790958584
0 0.539612676056338 0.4647887323943662 0.5948329169559611 0.6552436685842756
0 0.41813380281690143 0.03169014084507042 0.5028969481501686 0.14845558090325994
0 0.33098591549295775 0.02992957746478873 0.4043437561991668 0.1572594309991404
0 0.00044014084507042255 0.4788732394366197 0.12764065134645905 0.6558222574885936
0 0.3023767605633803 0.44072769953051644 0.3475781792427098 0.6446944086270361
0 0.18705985915492956 0.7634976525821596 0.2516782306957945 0.9261951304855739
0 0.948943661971831 0.4630281690140845 0.999 0.6446813214970575
0 0.999 0.4647887323943662 0.999 0.64233287046221
0 0.8776408450704225 0.4612676056338028 0.9388742777970641 0.6440955002314356
0 0.7372359154929577 0.4788732394366197 0.7963304419386035 0.6452588772069034
0 0.999 0.4595070422535211 0.999 0.6370542799047808
0 0.999 0.7200704225352113 0.999 0.9009858741651788
0 0.5809859154929577 0.9964788732394366 0.636187946340012 0.999
0 0.6694542253521126 0.9911971830985915 0.7254975993726442 0.999
0 0.7438380281690141 0.9894366197183099 0.8095317614312637 0.999
0 0.8182218309859155 0.9929577464788732 0.8781609939124182 0.999
0 0.417693661971831 0.7083333333333334 0.47956967708539977 0.9391383020344288
0 0.37411971830985913 0.999 0.4289726585746875 0.999
0 0.4317781690140845 0.999 0.4782430553833565 0.999
0 0.3050176056338028 0.6960093896713615 0.3581403971806189 0.9409060977760144
0 0.31205985915492956 0.999 0.36429926942818885 0.999
0 0.8169014084507042 0.7136150234741784 0.8728798849434636 0.9121398972866935
0 0.8657570422535211 0.7083333333333334 0.9247950013018251 0.8957110719874805
0 0.4859154929577465 0.999 0.5442403540964095 0.999
0 0.027288732394366196 0.7687793427230047 0.13643165108609404 0.9273657398223456
0 0.0044014084507042256 0.999 0.09198749938008331 0.999
0 0.9911971830985915 0.9741784037558685 0.999 0.999
0 0.8882042253521126 0.9876760563380281 0.9569154030698274 0.999
0 0.9322183098591549 0.7183098591549296 0.9916671574340408 0.9015737618197448
0 0.999 0.9636150234741784 0.999 0.999
0 0.999 0.710093896713615 0.999 0.8998180200136656
0 0.00044014084507042255 0.035211267605633804 0.07702445416336046 0.21770234080539574
0 0.1056338028169014 0.009389671361502348 0.21826336540368974 0.11795223610835592
0 0.1056338028169014 0.12793427230046947 0.22574575976988692 0.22645074279794572
0 0.5897887323943662 0.007629107981220657 0.780990409888911 0.23180303456104387
0 0.7931338028169014 0.035211267605633804 0.9490347122346756 0.23354741122793096
0 0.9559859154929577 0.02464788732394366 0.999 0.24529069959664088
0 0.999 0.004107981220657277 0.999 0.2447158990720536
0 0.09639084507042253 0.999 0.2231089829026979 0.999
