0 0.8714788732394366 0.29577464788732394 0.9749685392283277 0.5403193810751835
0 0.2975352112676056 0.5211267605633803 0.4307669299246181 0.601806850492627
0 0.4511443661971831 0.3333333333333333 0.5288507287120611 0.4863067292644757
0 0.06778169014084508 0.556924882629108 0.1289314341152549 0.6939219924397716
0 0.7750880281690141 0.3192488262910798 0.8654158943537988 0.5432398774493598
0 0.00044014084507042255 0.11443661971830986 0.11619698937462805 0.2217638282748132
0 0.6360035211267606 0.3210093896713615 0.7387165477459829 0.5332623184332914
0 0.6456866197183099 0.7946009389671361 0.7083425675089268 0.9320454219841743
0 0.4308978873239437 0.09272300469483569 0.5077328794510018 0.24642445833057813
0 0.31514084507042256 0.33039906103286387 0.4281183358956556 0.46635539961206995
0 0.43882042253521125 0.49471830985915494 0.5187329135464194 0.5132073249355287
0 0.539612676056338 0.6103286384976526 0.6014350296320174 0.7208859573717737
0 0.7777288732394366 0.004694835680751174 0.9006259996156516 0.24706297251427184
0 0.43485915492957744 0.5199530516431925 0.5270973331184289 0.5601408726222752
0 0.3050176056338028 0.08333333333333333 0.4241615239411823 0.2065238654147105
0 0.13380281690140844 0.5539906103286385 0.2495009670700258 0.6839471886089621
0 0.4498239436619718 0.6062206572769953 0.5306118732642332 0.7361465841213164
0 0.6452464788732394 0.10622065727699531 0.7699624795427494 0.18303625548281865
0 0.5189260563380281 0.02992957746478873 0.6318138529681612 0.25526412583482117
0 0.269806338028169 0.5897887323943662 0.3920467401681214 0.6363909690537592
0 0.030369718309859156 0.34976525821596244 0.1513950837507439 0.4845365227357888
0 0.545774647887324 0.7940140845070423 0.6278407682007539 0.9537593814058056
0 0.2640845070422535 0.6373239436619719 0.3929295402697877 0.6838982840706208
0 0.8983274647887324 0.6549295774647887 0.999 0.7243809098723798
0 0.00044014084507042255 0.5751173708920188 0.06998220064223369 0.6874559170358615
0 0.999 0.10387323943661972 0.999 0.23996251570455598
0 0.9009683098591549 0.5991784037558685 0.999 0.6446014211245564
0 0.8811619718309859 0.7963615023474179 0.9485558265969054 0.8669035437192796
0 0.9951584507042254 0.4119718309859155 0.999 0.5314483733386233
0 0.999 0.5927230046948356 0.999 0.7162014536357425
0 0.90625 0.004694835680751174 0.999 0.24706297251427184
0 0.5365316901408451 0.32981220657276994 0.6256441321786351 0.5449942416628094
0 0.9964788732394366 0.7846244131455399 0.999 0.8581076147810178
0 0.12059859154929578 0.7775821596244131 0.21077438442273358 0.8933230151645396
0 0.19102112676056338 0.9694835680751174 0.25695817732096804 0.999
0 0.34419014084507044 0.7359154929577465 0.4483520289873041 0.8904131951332408
0 0.4669894366197183 0.999 0.5728578391564173 0.999
0 0.4665492957746479 0.7946009389671361 0.543808737105733 0.8868576285569442
0 0.31382042253521125 0.9847417840375586 0.4408830015745884 0.999
