0 0.762544014084507 0.642018779342723 0.10695422535211267 0.29107981220657275
0 0.5184859154929577 0.6464201877934272 0.11883802816901408 0.2764084507042254
0 0.5224471830985915 0.23796948356807512 0.13732394366197184 0.232981220657277
0 0.40757042253521125 0.6487676056338029 0.08890845070422536 0.2775821596244131
0 0.9665492957746479 0.22300469483568075 0.07922535211267606 0.2312206572769953
0 0.6410651408450704 0.6502347417840375 0.12632042253521128 0.29460093896713613
0 0.6461267605633803 0.2353286384976526 0.10211267605633803 0.22417840375586853
0 0.7838908450704225 0.2282863849765258 0.13204225352112675 0.24530516431924881
0 0.8805017605633803 0.22946009389671362 0.06294014084507042 0.20774647887323944
0 0.15272887323943662 0.534037558685446 0.07394366197183098 0.0892018779342723
0 0.27508802816901406 0.2432511737089202 0.1267605633802817 0.232981220657277
0 0.13336267605633803 0.3659037558685446 0.1153169014084507 0.040492957746478875
0 0.1349031690140845 0.29313380281690143 0.12984154929577466 0.03931924882629108
0 0.040272887323943664 0.7737676056338029 0.07966549295774648 0.04518779342723005
0 0.1797975352112676 0.7168427230046949 0.08670774647887323 0.031103286384976527
0 1.0033010563380282 0.647593896713615 0.09110915492957747 0.2658450704225352
0 1.0508362676056338 0.2367957746478873 0.058538732394366196 0.20011737089201878
0 0.514524647887324 1.010856807511737 0.09595070422535211 0.22946009389671362
0 0.6225792253521126 0.9900234741784038 0.10959507042253522 0.2664319248826291
0 0.7431778169014085 0.9870892018779343 0.12015845070422536 0.2746478873239437
0 0.41659330985915494 0.9909037558685446 0.09991197183098592 0.25528169014084506
0 0.17407570422535212 1.0551643192488263 0.10871478873239436 0.05868544600938967
0 0.8474911971830986 0.9900234741784038 0.07262323943661972 0.2546948356807512
0 0.2680457746478873 0.8714788732394366 0.10123239436619719 0.04929577464788732
0 0.04181338028169014 1.0534037558685445 0.0818661971830986 0.07276995305164319
0 0.987455985915493 1.004988262910798 0.1210387323943662 0.2177230046948357
0 0.03301056338028169 0.29225352112676056 0.0625 0.1795774647887324
0 0.1327024647887324 0.32922535211267606 0.12455985915492958 0.03286384976525822
0 0.8893045774647887 0.6502347417840375 0.13336267605633803 0.2676056338028169
0 0.30545774647887325 1.0258215962441315 0.1153169014084507 0.22417840375586853
0 0.198943661971831 0.9618544600938967 0.0880281690140845 0.08333333333333333
0 0.05567781690140845 0.5372652582159625 0.10519366197183098 0.11443661971830986
0 0.07130281690140845 0.170481220657277 0.1073943661971831 0.02640845070422535
0 0.06272007042253522 0.19718309859154928 0.11663732394366197 0.03755868544600939
0 0.05237676056338028 0.8271713615023474 0.10387323943661972 0.031103286384976527
0 0.17913732394366197 0.7640845070422535 0.08538732394366197 0.03990610328638498
0 0.1643926056338028 0.8248239436619719 0.09463028169014084 0.04988262910798122
0 0.06073943661971831 0.9859154929577465 0.1153169014084507 0.051643192488262914
0 0.08692781690140845 0.9392605633802817 0.09198943661971831 0.031103286384976527
0 0.15735035211267606 0.2549882629107981 0.12191901408450705 0.03931924882629108
