0 0.3591549295774648 0.7253521126760564 0.4285391043443761 0.9573208027507769
0 0.999 0.36384976525821594 0.999 0.6206784919217968
0 0.4159330985915493 0.3914319248826291 0.5187429871925213 0.6224228685886839
0 0.8441901408450704 0.3550469483568075 0.9283256205365998 0.6189230945138751
0 0.6866197183098591 0.3362676056338028 0.7571801849831382 0.6218683875553792
0 0.09154929577464789 0.052230046948356805 0.41941393076770483 0.15783319832925566
0 0.4242957746478873 0.051643192488262914 0.7462921233386233 0.15959410610769467
0 0.6034330985915493 0.34683098591549294 0.6819527143051974 0.6224490428486412
0 0.920774647887324 0.36032863849765256 0.9863905041162467 0.6206805583107409
0 0.2548415492957746 0.48884976525821594 0.3198702281913311 0.6223656984945668
0 0.20334507042253522 0.3532863849765258 0.27984007699365204 0.48805558310740815
0 0.5211267605633803 0.3474178403755869 0.6027635885736957 0.627143534131235
0 0.7495598591549296 0.08744131455399061 0.999 0.17776558608300821
0 0.32350352112676056 0.4096244131455399 0.37133648612626463 0.5167783894289052
0 0.17693661971830985 0.4859154929577465 0.2481615595863916 0.6235411294055413
0 0.37235915492957744 0.517018779342723 0.4131283630480064 0.6135463504816063
0 0.3221830985915493 0.5164319248826291 0.36781594053759176 0.6223495117811721
0 0.4273767605633803 0.0005868544600938967 0.7489316123413013 0.08568040677555158
0 0.16329225352112675 0.3884976525821596 0.19887179038137273 0.4569316328329917
0 0.7596830985915493 0.3386150234741784 0.839014223988296 0.6189327376622804
0 0.9859154929577465 0.37089201877934275 0.999 0.6206743591439088
0 0.999 0.37265258215962443 0.999 0.6206733259494368
0 0.59375 0.755868544600939 0.6832773987676056 0.999
0 0.5004401408450704 0.7664319248826291 0.5816459330365998 0.999
0 0.6830985915492958 0.7511737089201878 0.7549810305494942 0.999
0 0.27684859154929575 0.7230046948356808 0.31854011945794486 0.9626038704842513
0 0.1368838028169014 0.7370892018779343 0.22573200536847848 0.999
0 0.43133802816901406 0.7200704225352113 0.49848972798055946 0.9538027755736296
0 0.886443661971831 0.7300469483568075 0.9344689948670898 0.9555574841852366
0 0.8164612676056338 0.721830985915493 0.8781617688082721 0.9555623057594393
0 0.753080985915493 0.7323943661971831 0.8024854397069034 0.9520349798320439
0 0.999 0.7488262910798122 0.999 0.9989736934911503
0 0.999 0.7353286384976526 0.999 0.9860708165267034
0 0.14392605633802816 0.5099765258215962 0.17423242691182303 0.6252875724613722
