0 0.4900968309859155 0.21948356807511737 0.08494718309859155 0.24882629107981222
0 0.7574823943661971 0.9190140845070423 0.08626760563380281 0.17136150234741784
0 0.3107394366197183 0.5108568075117371 0.061619718309859156 0.11208920187793427
0 0.7704665492957746 0.5545774647887324 0.053257042253521125 0.2535211267605634
0 0.832306338028169 0.545774647887324 0.056338028169014086 0.2476525821596244
0 0.09463028169014084 0.2347417840375587 0.09419014084507042 0.24882629107981222
0 0.8087588028169014 0.2347417840375587 0.04709507042253521 0.2112676056338028
0 0.7117077464788732 0.5575117370892019 0.04401408450704225 0.2535211267605634
0 0.19432218309859156 0.2221244131455399 0.08054577464788733 0.24002347417840375
0 0.7546214788732394 0.2409037558685446 0.03917253521126761 0.21654929577464788
0 0.710387323943662 0.22652582159624413 0.04401408450704225 0.20305164319248825
0 0.9799735915492958 0.5525234741784038 0.05501760563380282 0.25410798122065725
0 0.9245158450704225 0.5463615023474179 0.0488556338028169 0.26291079812206575
0 0.48745598591549294 0.5730633802816901 0.06029929577464789 0.2529342723004695
0 0.6265404929577465 0.19982394366197184 0.0488556338028169 0.2318075117370892
0 0.3003961267605634 0.2300469483568075 0.07702464788732394 0.25821596244131456
0 0.3831426056338028 0.2282863849765258 0.08054577464788733 0.2511737089201878
0 0.5528169014084507 0.5390258215962441 0.04401408450704225 0.24706572769953053
0 0.5983714788732394 0.5604460093896714 0.055897887323943664 0.24413145539906103
0 0.6540492957746479 0.5604460093896714 0.04665492957746479 0.25821596244131456
0 0.6703345070422535 0.19454225352112675 0.029049295774647887 0.2353286384976526
0 0.21941021126760563 0.5783450704225352 0.07086267605633803 0.18251173708920188
0 0.035431338028169015 0.24295774647887325 0.06910211267605634 0.19248826291079812
0 0.5754841549295775 0.20187793427230047 0.06029929577464789 0.2335680751173709
0 0.0409330985915493 0.5698356807511737 0.0801056338028169 0.20187793427230047
0 0.42319542253521125 0.5947769953051644 0.07790492957746478 0.198943661971831
0 0.3503521126760563 0.6176643192488263 0.05985915492957746 0.12030516431924883
0 0.13204225352112675 0.5727699530516432 0.07658450704225352 0.19953051643192488
0 0.29159330985915494 0.636443661971831 0.06998239436619719 0.12617370892018778
0 1.0680017605633803 0.5299295774647887 0.05501760563380282 0.24530516431924881
0 1.0066021126760563 0.21185446009389672 0.08538732394366197 0.2746478873239437
0 0.8595950704225352 0.23943661971830985 0.040492957746478875 0.215962441314554
0 0.879181338028169 0.528462441314554 0.03917253521126761 0.24119718309859156
0 0.9047095070422535 0.21654929577464788 0.042693661971830985 0.26173708920187794
0 1.1190580985915493 0.20129107981220656 0.04357394366197183 0.25234741784037557
0 1.025088028169014 0.517018779342723 0.02640845070422535 0.2347417840375587
0 0.5999119718309859 0.8899647887323944 0.07130281690140845 0.1954225352112676
0 0.2913732394366197 0.9325117370892019 0.07746478873239436 0.19483568075117372
0 0.8998679577464789 0.8723591549295775 0.06558098591549295 0.24471830985915494
0 0.15492957746478872 0.9339788732394366 0.07130281690140845 0.18485915492957747
0 0.5217869718309859 0.9022887323943662 0.07702464788732394 0.1942488262910798
0 0.4441021126760563 0.9116784037558685 0.07922535211267606 0.1965962441314554
0 0.21875 0.9278169014084507 0.061619718309859156 0.1936619718309859
0 0.36399647887323944 0.9304577464788732 0.07042253521126761 0.18485915492957747
0 0.9553257042253521 0.8588615023474179 0.06029929577464789 0.23767605633802816
0 0.09617077464788733 0.9234154929577465 0.053257042253521125 0.18955399061032863
0 0.0488556338028169 0.8835093896713615 0.04929577464788732 0.1954225352112676
0 0.6454665492957746 0.8697183098591549 0.03829225352112676 0.19953051643192488
0 0.8400088028169014 0.8547535211267606 0.0488556338028169 0.23650234741784038
0 1.0873679577464788 0.846244131455399 0.04709507042253521 0.21009389671361503
0 1.0321302816901408 0.8535798122065728 0.051056338028169015 0.21185446009389672
