0 0.6679137323943662 0.9991197183098591 0.10167253521126761 0.20246478873239437
0 0.5132042253521126 0.43045774647887325 0.0994718309859155 0.061619718309859156
0 0.7891725352112676 0.41050469483568075 0.0880281690140845 0.0897887323943662
0 0.9361795774647887 0.7142018779342723 0.12323943661971831 0.22535211267605634
0 1.0154049295774648 1.0252347417840375 0.09242957746478873 0.13497652582159625
0 0.2992957746478873 0.4724178403755869 0.11707746478873239 0.12910798122065728
0 0.35563380281690143 0.7247652582159625 0.09595070422535211 0.14084507042253522
0 0.43860035211267606 0.09565727699530517 0.22843309859154928 0.12089201877934272
0 0.2992957746478873 0.3488849765258216 0.12235915492957747 0.11091549295774648
0 0.05677816901408451 0.7350352112676056 0.11179577464788733 0.12030516431924883
0 0.5640404929577465 0.7009976525821596 0.1034330985915493 0.24237089201877934
0 0.10651408450704225 0.46742957746478875 0.08274647887323944 0.15199530516431925
0 0.4586267605633803 0.7438380281690141 0.08538732394366197 0.18955399061032863
0 0.030809859154929578 0.4618544600938967 0.06073943661971831 0.15375586854460094
0 0.8730193661971831 0.37470657276995306 0.07966549295774648 0.15316901408450703
0 0.4269366197183099 0.4424882629107981 0.058098591549295774 0.05868544600938967
0 1.061399647887324 0.45774647887323944 0.0840669014084507 0.15492957746478872
0 1.0492957746478873 0.7268192488262911 0.09595070422535211 0.19307511737089203
0 0.9150528169014085 0.08392018779342723 0.0801056338028169 0.15845070422535212
0 0.9856954225352113 0.08626760563380281 0.06470070422535211 0.16314553990610328
0 1.064480633802817 0.08656103286384977 0.07526408450704225 0.16255868544600938
0 0.8611355633802817 0.49559859154929575 0.05765845070422535 0.06044600938967136
0 0.7783890845070423 0.49911971830985913 0.08142605633802817 0.06279342723004695
0 0.3512323943661972 0.9680164319248826 0.11091549295774648 0.13321596244131456
0 0.7984154929577465 1.0199530516431925 0.09683098591549295 0.2147887323943662
0 0.5572183098591549 1.0023474178403755 0.08450704225352113 0.20187793427230047
0 0.9014084507042254 0.9953051643192489 0.1153169014084507 0.2335680751173709
0 0.6866197183098591 0.727112676056338 0.12235915492957747 0.051643192488262914
0 0.815580985915493 0.7136150234741784 0.12235915492957747 0.20774647887323944
0 0.07570422535211267 0.9730046948356808 0.11179577464788733 0.13732394366197184
0 0.45444542253521125 0.9700704225352113 0.0761443661971831 0.16666666666666666
0 0.19718309859154928 0.9994131455399061 0.09859154929577464 0.07981220657276995
0 0.051056338028169015 0.08245305164319248 0.09330985915492958 0.1613849765258216
0 0.2169894366197183 0.08509389671361503 0.176056338028169 0.15258215962441316
0 0.7125880281690141 0.08245305164319248 0.2790492957746479 0.15786384976525822
0 0.1969630281690141 0.5017605633802817 0.08318661971830986 0.07394366197183098
0 0.3345070422535211 0.272887323943662 0.11707746478873239 0.05516431924882629
0 0.42143485915492956 0.5093896713615024 0.0840669014084507 0.05516431924882629
0 0.5149647887323944 0.5041079812206573 0.10035211267605634 0.05516431924882629
0 0.9570862676056338 0.46919014084507044 0.08142605633802817 0.13908450704225353
0 0.6507482394366197 0.4756455399061033 0.15096830985915494 0.11561032863849766
0 0.6659330985915493 0.340962441314554 0.0 0.0
