0 0.999 0.26467136150234744 0.999 0.3977320003747052
0 0.9273767605633803 0.4254694835680751 0.999 0.6388348183781877
0 0.999 0.2605633802816901 0.999 0.39421328440124315
0 0.14744718309859156 0.24237089201877934 0.21428369402152353 0.4171112846877824
0 0.1386443661971831 0.4835680751173709 0.18963968117684984 0.718026075073288
0 0.34903169014084506 0.18544600938967137 0.39553299661525493 0.40951558332782295
0 0.2244718309859155 0.22887323943661972 0.27498922894762945 0.41829291476558883
0 0.2244718309859155 0.48532863849765256 0.29787655289129145 0.7233067320196611
0 0.06998239436619719 0.2282863849765258 0.12761004296022613 0.41183786010271334
0 0.06470070422535211 0.48532863849765256 0.12629194511257688 0.7145039151182526
0 0.2904929577464789 0.17781690140845072 0.3370200295080341 0.4118674783442438
0 0.7447183098591549 0.11561032863849766 0.7950067260960128 0.36143450098084595
0 0.020246478873239437 0.2300469483568075 0.062491088697679026 0.41418424474861687
0 0.7548415492957746 0.4096244131455399 0.8196501577687958 0.6265201734664638
0 0.3956866197183099 0.2318075117370892 0.43556527877653245 0.40596724911283033
0 0.8525528169014085 0.6525821596244131 0.9133571510488989 0.9151099869955256
0 0.6505281690140845 0.1267605633802817 0.738270014010117 0.3819678635191431
0 0.31117957746478875 0.49589201877934275 0.3669405019465384 0.7197794060922657
0 0.6439260563380281 0.4113849765258216 0.7435546100104147 0.6558618632766867
0 0.0030809859154929575 0.5252347417840375 0.058977517171692126 0.7091988059027089
0 0.7953345070422535 0.10387323943661972 0.8367978281219004 0.3508780086623024
0 0.8380281690140845 0.41431924882629106 0.9160043890101169 0.6417756342436465
0 0.738556338028169 0.6578638497652582 0.8311009875272762 0.9068909249707949
0 0.9194542253521126 0.6613849765258216 0.9894720712036302 0.8857620980184707
0 0.20202464788732394 0.79518779342723 0.2811610807007538 0.999
0 0.14524647887323944 0.7910798122065728 0.20240085982443962 0.999
0 0.0008802816901408451 0.7893192488262911 0.060298908326720885 0.999
0 0.75 0.9242957746478874 0.8170114436619719 0.999
0 0.920774647887324 0.8996478873239436 0.9894714900317397 0.999
0 0.6377640845070423 0.6684272300469484 0.7343143643994247 0.9197955239260288
0 0.641725352112676 0.9307511737089202 0.7356330434189645 0.999
0 0.8296654929577465 0.9237089201877934 0.8922404641316207 0.999
0 0.4432218309859155 0.22652582159624413 0.48968168053213645 0.41653372897793645
0 0.06910211267605634 0.8028169014084507 0.14301535998561793 0.999
0 0.30633802816901406 0.8016431924882629 0.36430178783971434 0.999
0 0.5611795774647887 0.12793427230046947 0.624312861101468 0.395464827304988
0 0.8591549295774648 0.11971830985915492 0.9362415691331085 0.40251190240031737
0 0.9471830985915493 0.11443661971830986 0.9982626834953382 0.37141171559875685
0 0.5431338028169014 0.4025821596244131 0.6348841840656615 0.6441299400471687
0 0.5585387323943662 0.6666666666666666 0.624314023445249 0.9027777777777777
