0 0.43705985915492956 1.0718896713615023 0.07834507042253522 0.1273474178403756
0 0.30567781690140844 1.0803990610328638 0.04181338028169014 0.12089201877934272
0 0.4709507042253521 0.07012910798122066 0.09419014084507042 0.13321596244131456
0 0.9330985915492958 0.07541079812206573 0.09154929577464789 0.1449530516431925
0 0.4471830985915493 0.40669014084507044 0.09330985915492958 0.2699530516431925
0 0.2420774647887324 0.7573356807511737 0.07834507042253522 0.2130281690140845
0 0.17121478873239437 0.40669014084507044 0.0818661971830986 0.2734741784037559
0 0.3329665492957746 0.409037558685446 0.07702464788732394 0.27230046948356806
0 0.8138204225352113 0.7309272300469484 0.0818661971830986 0.2494131455399061
0 0.2539612676056338 0.403462441314554 0.06690140845070422 0.2705399061032864
0 0.33076584507042256 0.750293427230047 0.07702464788732394 0.2106807511737089
0 0.6938820422535211 0.7488262910798122 0.07878521126760564 0.22300469483568075
0 0.4234154929577465 0.7024647887323944 0.07042253521126761 0.18896713615023475
0 0.10431338028169014 0.40375586854460094 0.04665492957746479 0.26291079812206575
0 0.22975352112676056 0.0715962441314554 0.0625 0.142018779342723
0 0.11883802816901408 0.7681924882629108 0.15316901408450703 0.20774647887323944
0 0.2867517605633803 0.07012910798122066 0.04445422535211268 0.13908450704225353
0 0.1742957746478873 0.0715962441314554 0.04225352112676056 0.142018779342723
0 0.03961267605633803 0.4061032863849765 0.07570422535211267 0.2711267605633803
0 0.6976232394366197 0.40023474178403756 0.03961267605633803 0.22652582159624413
0 0.832306338028169 0.09859154929577464 0.05721830985915493 0.0880281690140845
0 0.36069542253521125 0.07394366197183098 0.07086267605633803 0.13849765258215962
0 0.6923415492957746 0.0715962441314554 0.07570422535211267 0.142018779342723
0 0.07460387323943662 0.0715962441314554 0.06382042253521127 0.142018779342723
0 0.9980193661971831 0.4119718309859155 0.06294014084507042 0.24295774647887325
0 1.080105633802817 0.4175469483568075 0.07482394366197183 0.24237089201877934
0 0.8901848591549296 0.7206572769953051 0.07966549295774648 0.24295774647887325
0 0.8571742957746479 0.4084507042253521 0.061179577464788734 0.22300469483568075
0 0.7799295774647887 0.4046361502347418 0.07394366197183098 0.22124413145539906
0 0.7691461267605634 0.07922535211267606 0.06558098591549295 0.1267605633802817
0 1.0275088028169015 0.07863849765258216 0.08142605633802817 0.15140845070422534
0 1.101012323943662 0.079518779342723 0.0682218309859155 0.15316901408450703
0 0.7422975352112676 0.7106807511737089 0.0488556338028169 0.21009389671361503
0 0.8681778169014085 1.0595657276995305 0.07262323943661972 0.16255868544600938
0 0.05743838028169014 1.0328638497652582 0.04973591549295775 0.215962441314554
0 0.7737676056338029 1.0616197183098592 0.06426056338028169 0.15845070422535212
0 0.13028169014084506 1.056631455399061 0.0448943661971831 0.1637323943661972
0 0.17341549295774647 1.0613262910798122 0.04841549295774648 0.1602112676056338
0 0.2638644366197183 1.0812793427230047 0.03917253521126761 0.10974178403755869
0 0.6943221830985915 1.0519366197183098 0.07878521126760564 0.17781690140845072
0 0.21919014084507044 1.0070422535211268 0.0528169014084507 0.05516431924882629
0 0.21897007042253522 1.085680751173709 0.0409330985915493 0.09154929577464789
0 0.01694542253521127 1.040199530516432 0.03301056338028169 0.20833333333333334
0 1.0222271126760563 1.0657276995305165 0.08230633802816902 0.15023474178403756
0 1.0288292253521127 0.7458920187793427 0.07174295774647887 0.22535211267605634
0 1.1078345070422535 0.7394366197183099 0.06602112676056338 0.24178403755868544
0 0.9524647887323944 1.062793427230047 0.06602112676056338 0.15492957746478872
0 1.1025528169014085 1.0610328638497653 0.07658450704225352 0.15845070422535212
