0 0.2125880281690141 0.8257042253521126 0.3269310792129538 0.999
0 0.12632042253521128 0.5217136150234741 0.1936063730534616 0.7766891352024511
0 0.34110915492957744 0.5375586854460094 0.4483533850550486 0.7725718552315458
0 0.2363556338028169 0.19014084507042253 0.3502480829076572 0.3801701051378695
0 0.029049295774647887 0.20481220657276994 0.13643087619024002 0.3918985843858141
0 0.7852112676056338 0.23708920187793428 0.9063445372941877 0.4059641495294144
0 0.7918133802816901 0.06631455399061033 0.9050212088995239 0.2317685947453107
0 0.00044014084507042255 0.5328638497652582 0.12147867951547313 0.7708140470365227
0 0.6817781690140845 0.24413145539906103 0.7602633018622298 0.3989177632303996
0 0.3573943661971831 0.1784037558685446 0.41357509050783575 0.3678530494390443
0 0.43133802816901406 0.16666666666666666 0.48704606600872846 0.36433881064162754
0 0.15845070422535212 0.19190140845070422 0.23804645655623882 0.3760610907227402
0 0.5730633802816901 0.16901408450704225 0.6608393206952986 0.38898532037294187
0 0.8226232394366197 0.7629107981220657 0.9701484932925014 0.8839419537569707
0 0.9040492957746479 0.24530516431924881 0.999 0.3971565110538033
0 0.971830985915493 0.5105633802816901 0.999 0.6558036599880976
0 0.999 0.2505868544600939 0.999 0.40067453823095067
0 0.7618838028169014 0.5299295774647887 0.7949991708614361 0.6681162385108774
0 0.999 0.5023474178403756 0.999 0.6487662280411735
0 0.9018485915492958 0.5064553990610329 0.9643917919931561 0.655219216315105
0 0.7909330985915493 0.95481220657277 0.8896166667699862 0.999
0 0.3538732394366197 0.829225352112676 0.434703400862924 0.999
0 0.6786971830985915 0.9618544600938967 0.7835921227187066 0.999
0 0.6131161971830986 0.9835680751173709 0.6683040861808174 0.999
0 0.11971830985915492 0.8480046948356808 0.2169367437016465 0.999
0 0.04973591549295775 0.8855633802816901 0.11573515144564572 0.999
0 0.7183098591549296 0.7288732394366197 0.818345814322555 0.8786802387092508
0 0.0022007042253521128 0.8773474178403756 0.045773679267506445 0.999
0 0.8926056338028169 0.9507042253521126 0.9894838883654037 0.999
0 0.9947183098591549 0.9460093896713615 0.999 0.999
0 0.999 0.943075117370892 0.999 0.999
0 0.9106514084507042 0.1954225352112676 0.999 0.23873508067182436
0 0.9106514084507042 0.15258215962441316 0.999 0.18535646586876503
0 0.6817781690140845 0.5234741784037559 0.7316541469326523 0.6734017170314531
0 0.738556338028169 0.5375586854460094 0.7602383114709382 0.6645906345742688
0 0.4397007042253521 0.840962441314554 0.4949649204646896 0.999
0 0.5004401408450704 0.28169014084507044 0.5495156513464591 0.6130975996826027
0 0.5497359154929577 0.2834507042253521 0.619036207783674 0.6201388200092575
0 0.4964788732394366 0.6255868544600939 0.5622814793691727 0.9738112753201525
0 0.5638204225352113 0.6255868544600939 0.6216708536872645 0.9720507119398708
0 0.5044014084507042 0.9776995305164319 0.5543554571265622 0.999
0 0.5625 0.9759389671361502 0.6080270686619719 0.999
0 0.6245598591549296 0.7429577464788732 0.7057110211887522 0.8786719731534749
0 0.9806338028169014 0.7617370892018779 0.999 0.8874637693138486
