0 0.4984595070422535 0.20657276995305165 0.08934859154929578 0.2605633802816901
0 0.39150528169014087 0.1954225352112676 0.1192781690140845 0.2828638497652582
0 0.6150968309859155 0.1869131455399061 0.13600352112676056 0.2963615023474178
0 0.7438380281690141 0.2021713615023474 0.11179577464788733 0.25997652582159625
0 0.4709507042253521 0.5311032863849765 0.11179577464788733 0.2605633802816901
0 0.5941901408450704 0.5369718309859155 0.1073943661971831 0.25234741784037557
0 0.8149207746478874 0.5208333333333334 0.10871478873239436 0.22946009389671362
0 0.12962147887323944 0.4650821596244131 0.11047535211267606 0.07922535211267606
0 0.7029049295774648 0.5140845070422535 0.10475352112676056 0.22300469483568075
0 0.3714788732394366 0.5381455399061033 0.07394366197183098 0.24647887323943662
0 0.29819542253521125 0.5372652582159625 0.0664612676056338 0.24119718309859156
0 0.2678257042253521 0.23708920187793428 0.12808098591549297 0.3004694835680751
0 0.05171654929577465 0.7541079812206573 0.09022887323943662 0.046948356807511735
0 0.909330985915493 0.8031103286384976 0.1267605633802817 0.0721830985915493
0 0.9797535211267606 0.20099765258215962 0.11267605633802817 0.25528169014084506
0 0.8457306338028169 0.1965962441314554 0.09022887323943662 0.2676056338028169
0 0.6463468309859155 0.9134389671361502 0.10167253521126761 0.12265258215962441
0 0.6542693661971831 0.7790492957746479 0.11663732394366197 0.08274647887323944
0 0.29797535211267606 0.9281103286384976 0.09595070422535211 0.1414319248826291
0 0.7779489436619719 0.9011150234741784 0.11663732394366197 0.0710093896713615
0 0.41483274647887325 0.8119131455399061 0.10871478873239436 0.1449530516431925
0 0.414612676056338 0.9457159624413145 0.10651408450704225 0.11208920187793427
0 0.9172535211267606 0.9043427230046949 0.12411971830985916 0.08098591549295775
0 0.7803697183098591 0.8048708920187794 0.1153169014084507 0.05457746478873239
0 1.1159771126760563 0.8788145539906104 0.04445422535211268 0.15551643192488263
0 1.0660211267605635 0.8814553990610329 0.0528169014084507 0.142018779342723
0 0.9049295774647887 0.48708920187793425 0.05017605633802817 0.1795774647887324
0 0.1580105633802817 0.2136150234741784 0.0818661971830986 0.07042253521126761
0 0.528169014084507 0.8280516431924883 0.09154929577464789 0.0880281690140845
0 0.17407570422535212 0.9721244131455399 0.10871478873239436 0.12265258215962441
0 0.06976232394366197 0.9524647887323944 0.08670774647887323 0.1607981220657277
0 0.16901408450704225 0.7365023474178404 0.07746478873239436 0.07746478873239436
0 0.06338028169014084 0.6693075117370892 0.10475352112676056 0.0710093896713615
