0 0.6192781690140845 0.8022300469483568 0.6696217965805396 0.999
0 0.7830105633802817 0.7852112676056338 0.8579300129562587 0.999
0 0.8723591549295775 0.6220657276995305 0.9269927996677246 0.863484703211444
0 0.8890845070422535 0.9131455399061033 0.9661579733683793 0.999
0 0.4194542253521127 0.46830985915492956 0.4852907331754612 0.7109927759042518
0 0.3415492957746479 0.07922535211267606 0.4043391068240429 0.36086899920650667
0 0.34639084507042256 0.4694835680751174 0.41446021529706406 0.7145132138685005
0 0.2671654929577465 0.0698356807511737 0.3387908602583813 0.3626350729573056
0 0.704225352112676 0.43485915492957744 0.7536513092640349 0.681082829134431
0 0.8160211267605634 0.44190140845070425 0.8693591456308273 0.7074871470607683
0 0.6914612676056338 0.09624413145539906 0.7422132652871454 0.3573378848993807
0 0.46258802816901406 0.08509389671361503 0.5174020299171792 0.36086555522493335
0 0.4876760563380282 0.4595070422535211 0.5398381707498513 0.7104110874165178
0 0.5418133802816901 0.4536384976525822 0.5877896948150169 0.7074802590976218
0 0.6153169014084507 0.448943661971831 0.6731446668567744 0.7127647044237255
0 0.4097711267605634 0.08509389671361503 0.45580555848293997 0.36086555522493335
0 0.5215669014084507 0.08333333333333333 0.5701929723145209 0.3608665884194053
0 0.9278169014084507 0.6056338028169014 0.9687817707300139 0.8382596045758116
0 0.18661971830985916 0.07042253521126761 0.25343898780003965 0.36439529193943
0 0.2962147887323944 0.45892018779342725 0.34582032799791707 0.6487917135048161
0 0.5743838028169014 0.09976525821596244 0.6278281761431264 0.36085694527100004
0 0.13028169014084506 0.1431924882629108 0.1817208267208887 0.3625920231876391
0 0.15669014084507044 0.4935446009389671 0.24596976666336046 0.7109779667834865
0 0.8763204225352113 0.04870892018779343 0.919508661785856 0.21476014734730764
0 0.8842429577464789 0.2904929577464789 0.924786864895358 0.5350407905177544
0 0.6307218309859155 0.09330985915492958 0.6881026752504463 0.3608607336507307
0 0.00044014084507042255 0.15610328638497653 0.046214595008430864 0.27220885957371777
0 0.7860915492957746 0.09096244131455399 0.8592490794237254 0.35381985772223323
0 0.991637323943662 0.6115023474178404 0.999 0.8499932497961162
0 0.7601232394366197 0.4413145539906103 0.8090844527995438 0.6992715290176111
0 0.999 0.6150234741784038 0.999 0.8617282726090503
0 0.9533450704225352 0.2869718309859155 0.9810944784021027 0.5215452043245388
0 0.7433978873239436 0.09448356807511737 0.7840037861411426 0.3573389180938526
0 0.999 0.29694835680751175 0.999 0.5315158753774604
0 0.999 0.29988262910798125 0.999 0.5309272989265799
0 0.999 0.045774647887323945 0.999 0.2030247801362164
0 0.948943661971831 0.04518779342723005 0.9863781057825828 0.2200439038770967
0 0.999 0.06396713615023474 0.999 0.2182723197557804
0 0.9911971830985915 0.06690140845070422 0.999 0.2247259968260266
0 0.19190140845070422 0.7940140845070423 0.2710422969152946 0.999
0 0.2720070422535211 0.7904929577464789 0.3357077433792898 0.999
0 0.6980633802816901 0.8028169014084507 0.7549744439347352 0.999
0 0.3653169014084507 0.7717136150234741 0.43073709643423924 0.999
0 0.4300176056338028 0.7676056338028169 0.48572622464540766 0.9825307478674866
0 0.491637323943662 0.7734741784037559 0.5627237511778417 0.999
0 0.07702464788732394 0.7946009389671361 0.1416914504190637 0.999
0 0.014524647887323943 0.795774647887324 0.07129642401061297 0.999
0 0.999 0.9113849765258216 0.999 0.999
0 0.9300176056338029 0.29518779342723006 0.9511751683073794 0.5332774719522141
0 0.9903169014084507 0.3022300469483568 0.999 0.5197756865921664
