0 0.45224471830985913 0.6745892018779343 0.07790492957746478 0.1073943661971831
0 0.7108274647887324 0.5713028169014085 0.06602112676056338 0.24002347417840375
0 0.8158010563380281 0.5874413145539906 0.09286971830985916 0.2511737089201878
0 1.0662411971830985 0.5988849765258216 0.08494718309859155 0.2106807511737089
0 0.3628961267605634 0.60768779342723 0.08318661971830986 0.11091549295774648
0 0.3232834507042254 0.20481220657276994 0.0840669014084507 0.23826291079812206
0 0.4251760563380282 0.18427230046948356 0.07394366197183098 0.20892018779342722
0 0.7185299295774648 0.20950704225352113 0.08582746478873239 0.24530516431924881
0 0.22777288732394366 0.2136150234741784 0.08934859154929578 0.24061032863849766
0 0.04621478873239437 0.5316901408450704 0.043133802816901406 0.22887323943661972
0 0.12786091549295775 0.5625 0.03829225352112676 0.21654929577464788
0 0.21170774647887325 0.5941901408450704 0.043133802816901406 0.14730046948356806
0 0.1643926056338028 0.5759976525821596 0.042693661971830985 0.2106807511737089
0 0.2566021126760563 0.596244131455399 0.03873239436619718 0.17018779342723006
0 0.09154929577464789 0.22359154929577466 0.18045774647887325 0.22065727699530516
0 0.2951144366197183 0.6100352112676056 0.042693661971830985 0.17546948356807512
0 0.644806338028169 0.5812793427230047 0.05721830985915493 0.2564553990610329
0 0.9817341549295775 0.5393192488262911 0.06558098591549295 0.09507042253521127
0 0.5103433098591549 0.6296948356807511 0.04445422535211268 0.19953051643192488
0 0.3595950704225352 0.6963028169014085 0.0721830985915493 0.0733568075117371
0 0.43838028169014087 0.5548708920187794 0.07306338028169014 0.125
0 0.8446302816901409 0.1869131455399061 0.08538732394366197 0.2869718309859155
0 0.9295774647887324 0.18720657276995306 0.07922535211267606 0.2805164319248826
0 0.9038292253521126 0.5862676056338029 0.07262323943661972 0.1960093896713615
0 0.9955985915492958 0.6528755868544601 0.0897887323943662 0.1273474178403756
0 1.0913292253521127 0.2039319248826291 0.09110915492957747 0.2764084507042254
0 0.08692781690140845 0.5563380281690141 0.03653169014084507 0.1960093896713615
0 0.7183098591549296 0.9691901408450704 0.06338028169014084 0.2318075117370892
0 0.160431338028169 0.9439553990610329 0.07526408450704225 0.24237089201877934
0 0.4159330985915493 0.9609741784037559 0.05193661971830986 0.20481220657276994
0 0.36025528169014087 0.988849765258216 0.06029929577464789 0.20892018779342722
0 0.28653169014084506 0.9955985915492958 0.06426056338028169 0.20598591549295775
0 0.2207306338028169 0.960387323943662 0.08054577464788733 0.24237089201877934
0 0.6503080985915493 0.9328051643192489 0.07174295774647887 0.2306338028169014
0 0.08538732394366197 0.9219483568075117 0.07922535211267606 0.23591549295774647
0 0.46500880281690143 0.9328051643192489 0.04005281690140845 0.20129107981220656
0 1.0235475352112675 0.9788732394366197 0.06910211267605634 0.21948356807511737
0 0.788512323943662 0.9835680751173709 0.07174295774647887 0.21948356807511737
0 0.860475352112676 0.9753521126760564 0.07130281690140845 0.22300469483568075
0 0.9438820422535211 0.9794600938967136 0.07526408450704225 0.21830985915492956
0 1.0985915492957747 0.9586267605633803 0.06514084507042253 0.22593896713615025
0 0.5352112676056338 0.9577464788732394 0.08274647887323944 0.11737089201877934
0 0.025088028169014086 0.9275234741784038 0.04401408450704225 0.22124413145539906
0 0.20752640845070422 0.4909037558685446 0.05941901408450704 0.052230046948356805
0 0.37235915492957744 0.4278169014084507 0.07922535211267606 0.06690140845070422
0 0.3716989436619718 0.4909037558685446 0.05765845070422535 0.04518779342723005
