0 0.5827464788732394 0.9248826291079812 0.6771202700357072 0.999
0 0.4639084507042254 0.9465962441314554 0.5526127163509225 0.999
0 0.8371478873239436 0.1267605633802817 0.9340505511059313 0.38372842689942477
0 0.3045774647887324 0.4477699530516432 0.41007721062289226 0.5132348767881152
0 0.2984154929577465 0.5404929577464789 0.3942348523358461 0.6152931379355948
0 0.7341549295774648 0.1396713615023474 0.8333036289922634 0.3866551224404329
0 0.12323943661971831 0.2992957746478873 0.23630139109303708 0.34900276069562913
0 0.1487676056338028 0.48532863849765256 0.26842043679329497 0.6129780935220085
0 0.05897887323943662 0.7963615023474179 0.1839529142283277 0.8457767831558993
0 0.7720070422535211 0.4630281690140845 0.886984151829994 0.726840945910203
0 0.4225352112676056 0.47769953051643194 0.5433879686570126 0.5613393782097909
0 0.27244718309859156 0.29401408450704225 0.4118519158525094 0.3466584424386696
0 0.016285211267605633 0.5698356807511737 0.1263132547485618 0.6182101903281977
0 0.29005281690140844 0.24061032863849766 0.41184416689396947 0.28389635544093983
0 0.7037852112676056 0.7963615023474179 0.8055881227063083 0.9338049521699838
0 0.6764964788732394 0.4735915492957746 0.7659874575357072 0.726834746743371
0 0.3230633802816901 0.7946009389671361 0.44440006013191824 0.8528200698714982
0 0.5950704225352113 0.5082159624413145 0.672713437314025 0.7080350845290838
0 0.46346830985915494 0.2177230046948357 0.5596551635960128 0.2891914771099209
0 0.03697183098591549 0.47476525821596244 0.12498372718706606 0.5677964992616104
0 0.4555457746478873 0.3004694835680751 0.5504156928808769 0.34195981837818773
0 0.5911091549295775 0.14553990610328638 0.7268525047733584 0.4042573122616765
0 0.8921654929577465 0.4647887323943662 0.9868432370189447 0.7162765324340409
0 0.9379401408450704 0.11971830985915492 0.999 0.39370908549890893
0 0.9903169014084507 0.4612676056338028 0.999 0.6775462044567877
0 0.2068661971830986 0.795774647887324 0.3137293722723666 0.8581010712160285
0 0.702024647887324 0.9395539906103286 0.815712137038782 0.999
0 0.9106514084507042 0.7987089201877934 0.999 0.8815735276289978
0 0.9084507042253521 0.9143192488262911 0.9982797312041262 0.999
0 0.999 0.9184272300469484 0.999 0.999
0 0.999 0.7746478873239436 0.999 0.838747272366594
0 0.0008802816901408451 0.2664319248826291 0.09242919001686173 0.3578248638938482
0 0.999 0.13849765258215962 0.999 0.45649149198792127
0 0.4784330985915493 0.7582159624413145 0.5508457600798453 0.8369963521347176
0 0.3296654929577465 0.6995305164319249 0.44703799934288835 0.7730636558002161
0 0.8085387323943662 0.7875586854460094 0.8689222980931364 0.9320495547620623
0 0.005721830985915493 0.960093896713615 0.15712776327861536 0.999
0 0.19630281690140844 0.9190140845070423 0.33706148643622297 0.999
0 0.34639084507042256 0.92018779342723 0.42370317304354294 0.999
0 0.1817781690140845 0.999 0.27368759763687756 0.999
0 0.3397887323943662 0.999 0.43030819157905176 0.999
0 0.999 0.8515258215962441 0.999 0.9079509824990633
0 0.21038732394366197 0.6977699530516432 0.31768909008629237 0.7701304166942186
0 0.999 0.5064553990610329 0.999 0.6904304839207388
0 0.005721830985915493 0.767018779342723 0.04709255201100972 0.8405123129229208
