0 0.5545774647887324 0.6461267605633803 0.7149847810454275 0.8077194091780731
0 0.5814260563380281 0.42488262910798125 0.6595152174047808 0.5924736604289272
0 0.3089788732394366 0.6496478873239436 0.38234640014382065 0.814759596310256
0 0.4727112676056338 0.19014084507042253 0.5517285601815115 0.3214846591284798
0 0.24119718309859156 0.20950704225352113 0.2996297547609601 0.3232338573695695
0 0.3890845070422535 0.18544600938967137 0.4628569170303511 0.32148741431373845
0 0.3125 0.20598591549295775 0.3783835827464789 0.31971479699795013
0 0.3362676056338028 0.42018779342723006 0.4135843892580837 0.580739326412308
0 0.1624119718309859 0.22300469483568075 0.2296820369842293 0.32850762635279596
0 0.3890845070422535 0.6578638497652582 0.4562548043542948 0.821210173797086
0 0.5717429577464789 0.19307511737089203 0.6216673666559215 0.3091589934757213
0 0.6681338028169014 0.42018779342723006 0.7369418425163657 0.5836735987127775
0 0.18309859154929578 0.6408450704225352 0.24023631223963499 0.8106567810619586
0 0.6351232394366197 0.17370892018779344 0.7145091887150368 0.3197337388966034
0 0.4652288732394366 0.653169014084507 0.5442494591226938 0.8217997834424386
0 0.24163732394366197 0.431924882629108 0.322957025825729 0.5731033304679407
0 0.11443661971830986 0.6443661971830986 0.17424540641737749 0.8077204423725451
0 0.48327464788732394 0.4301643192488263 0.5570056009472327 0.5836677439441028
0 0.4163732394366197 0.431924882629108 0.4769294131868677 0.5795587295289735
0 0.24647887323943662 0.6854460093896714 0.2969865850029756 0.8164991514029404
0 0.9986795774647887 0.17136150234741784 0.999 0.32149567986951444
0 0.7451584507042254 0.4213615023474178 0.7950065323720492 0.5742832385549604
0 0.7293133802816901 0.18544600938967137 0.8002951965755802 0.31972685093345676
0 0.9053697183098591 0.4184272300469484 0.999 0.5889563220480944
0 0.21654929577464788 0.8755868544600939 0.2877568004860147 0.999
0 0.6945422535211268 0.8926056338028169 0.7523351486560206 0.999
0 0.4397007042253521 0.8826291079812206 0.5275353429999008 0.999
0 0.6069542253521126 0.886150234741784 0.683711727893771 0.999
0 0.36883802816901406 0.880868544600939 0.43821794100872846 0.999
0 0.2948943661971831 0.8826291079812206 0.3616659795923428 0.999
0 0.5338908450704225 0.8931924882629108 0.601437548043543 0.999
0 0.1386443661971831 0.8650234741784038 0.2142875685007935 0.999
0 0.07570422535211267 0.8767605633802817 0.1364103414501091 0.999
0 0.999 0.9061032863849765 0.999 0.999
0 0.999 0.6631455399061033 0.999 0.8376389990962992
0 0.03301056338028169 0.24706572769953053 0.08625307633654036 0.3284935060283453
0 0.10431338028169014 0.2335680751173709 0.14432028460374927 0.3302619905662457
0 0.8886443661971831 0.1766431924882629 0.9815630966698076 0.3197320169058167
0 0.013644366197183098 0.3937793427230047 0.12235314948670899 0.5044637445171813
0 0.999 0.4113849765258216 0.999 0.5960027083471092
0 0.00044014084507042255 0.5698356807511737 0.04577445416336044 0.7232571386850052
0 0.0017605633802816902 0.823943661971831 0.06293936594921642 0.9373098922171528
0 0.952024647887324 0.7147887323943662 0.999 0.8370218375983601
0 0.999 0.9049295774647887 0.999 0.999
0 0.9471830985915493 0.9014084507042254 0.999 0.999
0 0.017605633802816902 0.999 0.06689365949216425 0.999
