0 0.10959507042253522 0.636150234741784 0.279441199352807 0.8306125878904098
0 0.125 0.28169014084507044 0.3023217429577465 0.47049196587978576
0 0.31778169014084506 0.2764084507042254 0.4848953425659591 0.4740161922237651
0 0.1289612676056338 0.09213615023474178 0.302319999442075 0.2593356008508012
0 0.5184859154929577 0.2887323943661972 0.6775886945794486 0.4816380678436818
0 0.6778169014084507 0.2869718309859155 0.8496136369271969 0.47518370197712095
0 0.6892605633802817 0.1056338028169014 0.8469677550337235 0.28397556701712623
0 0.5118838028169014 0.09389671361502347 0.6850739948050981 0.283395600520179
0 0.30985915492957744 0.07453051643192488 0.4848988295973021 0.2558248060349578
0 0.4639084507042254 0.6091549295774648 0.6142324346607816 0.7995251438206705
0 0.6117957746478874 0.6226525821596244 0.7884631180569331 0.8077331851043664
0 0.2904929577464789 0.6150234741784038 0.4422136914798651 0.7889583195574071
0 0.852112676056338 0.15199530516431925 0.9375650912517357 0.3027277022857017
0 0.792693661971831 0.6009389671361502 0.915584201733287 0.7995299653948731
0 0.8683978873239436 0.3397887323943662 0.9617656699439594 0.4534390911194869
0 0.2975352112676056 0.8356807511737089 0.4589359440091252 0.999
0 0.4537852112676056 0.8309859154929577 0.6256805522837731 0.999
0 0.1368838028169014 0.8427230046948356 0.2891122870586193 0.999
0 0.6258802816901409 0.8204225352112676 0.7888970597351717 0.999
0 0.7891725352112676 0.8098591549295775 0.9257089909616146 0.9836796601203465
0 0.9352992957746479 0.8186619718309859 0.999 0.9907167476691132
0 0.0017605633802816902 0.009389671361502348 0.093749225104146 0.10210716568582072
0 0.0017605633802816902 0.10035211267605634 0.09506964763935727 0.2194246759902136
0 0.005721830985915493 0.22652582159624413 0.07306086187016465 0.49223795433004913
0 0.8019366197183099 0.06279342723004695 0.9248230912765325 0.14726361888073353
0 0.999 0.3075117370892019 0.999 0.4786927748021777
0 0.9819542253521126 0.31103286384976525 0.999 0.4734090182723887
0 0.999 0.29225352112676056 0.999 0.47165947563314153
0 0.9986795774647887 0.11619718309859155 0.999 0.2904247669113271
0 0.999 0.1056338028169014 0.999 0.2904309660781591
0 0.9779929577464789 0.13673708920187794 0.999 0.3056709289382618
0 0.9493838028169014 0.1643192488262911 0.9762546726219996 0.3091758689854306
0 0.999 0.02640845070422535 0.999 0.09740234245850692
0 0.00044014084507042255 0.6132629107981221 0.10431318655772664 0.8218232025171373
0 0.00044014084507042255 0.8497652582159625 0.13380262317744496 0.999
