0 0.7011443661971831 0.8879107981220657 0.7849026653317794 0.999
0 0.6377640845070423 0.10328638497652583 0.737835491159988 0.22118351737970862
0 0.41329225352112675 0.08157276995305164 0.5042195016489783 0.22002255119134212
0 0.00044014084507042255 0.2852112676056338 0.06426036965631819 0.47166360841102956
0 0.9286971830985915 0.92018779342723 0.999 0.999
0 0.22711267605633803 0.846244131455399 0.31768172857567945 0.999
0 0.7205105633802817 0.29577464788732394 0.7888554090830192 0.4833944984460755
0 0.46786971830985913 0.6255868544600939 0.5530511136803213 0.7836704302497299
0 0.8389084507042254 0.3890845070422535 0.9063209029706407 0.4939031194207498
0 0.18838028169014084 0.03345070422535211 0.26972342417179135 0.2077268481782715
0 0.9242957746478874 0.3703051643192488 0.985508672634398 0.5062380838237563
0 0.0994718309859155 0.056338028169014086 0.1782132606377703 0.21182139787079282
0 0.27992957746478875 0.046948356807511735 0.3810387633902003 0.21476118054177964
0 0.09859154929577464 0.5733568075117371 0.1742523804800635 0.7549452131411316
0 0.8138204225352113 0.6238262910798122 0.8768425086168419 0.8165353132094602
0 0.5286091549295775 0.07629107981220658 0.6309293093508233 0.21474396063391302
0 0.6892605633802817 0.6913145539906104 0.7501367691182306 0.7924346745575173
0 0.6465669014084507 0.301056338028169 0.7149442927370561 0.45052754909740134
0 0.18838028169014084 0.5698356807511737 0.2873290579746082 0.7455576081685733
0 0.3397887323943662 0.3198356807511737 0.4241462197480659 0.4751644156803103
0 0.6272007042253521 0.6807511737089202 0.6876640841970839 0.7783563666820957
0 0.05897887323943662 0.06279342723004695 0.09240361845367984 0.21944671747228287
0 0.30633802816901406 0.5892018779342723 0.36738277375520734 0.770194130353325
0 0.3851232394366197 0.6115023474178404 0.4619783788558818 0.7813312779651304
0 0.5299295774647887 0.3075117370892019 0.635330136629637 0.47165052128105095
0 0.28169014084507044 0.29225352112676056 0.3343830589168816 0.4816360014547378
0 0.8811619718309859 0.619131455399061 0.9375523054701449 0.8012798524322775
0 0.7403169014084507 0.11619718309859155 0.7963290858708589 0.2211759406202473
0 0.7526408450704225 0.6830985915492958 0.8042461968111486 0.7959606228922833
0 0.7904929577464789 0.301056338028169 0.8442823534516961 0.4886730890035046
0 0.9498239436619719 0.7012910798122066 0.9894587042501487 0.8217715427935375
0 0.08626760563380281 0.840962441314554 0.13508526953977387 0.999
0 0.4225352112676056 0.8532863849765259 0.5006943066851816 0.999
0 0.797975352112676 0.9014084507042254 0.8500008911302321 0.999
0 0.1368838028169014 0.8321596244131455 0.18435876593185876 0.999
0 0.5704225352112676 0.8532863849765259 0.6335517506447134 0.999
0 0.5105633802816901 0.8550469483568075 0.5569935900614957 0.999
0 0.636443661971831 0.8896713615023474 0.690300861064273 0.999
0 0.3283450704225352 0.8444835680751174 0.4096266086837929 0.999
0 0.19102112676056338 0.8491784037558685 0.2301095857716723 0.9865908577442748
0 0.0409330985915493 0.8169014084507042 0.07832705409392977 0.997760034384712
0 0.8688380281690141 0.9019953051643192 0.9252337860791509 0.999
0 0.07702464788732394 0.2887323943661972 0.1262865208415989 0.45405590821926867
0 0.13908450704225353 0.29401408450704225 0.20108314942471733 0.452292245255571
0 0.21170774647887325 0.2975352112676056 0.2749948469425709 0.48163290187132185
0 0.0008802816901408451 0.0903755868544601 0.049735528045030744 0.21473569507813706
0 0.8045774647887324 0.12147887323943662 0.8830085486510613 0.23173622131852145
0 0.9053697183098591 0.12147887323943662 0.999 0.23525734807908485
0 0.9947183098591549 0.44072769953051644 0.999 0.497393939143468
0 0.9920774647887324 0.3562206572769953 0.999 0.4211524526659172
0 0.914612676056338 0.28169014084507044 0.9855129345615948 0.33023374991734444
0 0.9053697183098591 0.3286384976525822 0.9749536224831382 0.3730465736516123
0 0.03829225352112676 0.5839201877934272 0.08757117418418965 0.7578732862747691
0 0.9920774647887324 0.6684272300469484 0.999 0.7613448197006767
0 0.6804577464788732 0.5633802816901409 0.7461793759918667 0.6716177345764729
0 0.7579225352112676 0.5598591549295775 0.7989621819827415 0.676901491106262
0 0.43705985915492956 0.5440140845070423 0.5156527025267804 0.6111830903259935
0 0.6399647887323944 0.596244131455399 0.6775352267655227 0.6733590116599439
0 0.0008802816901408451 0.8169014084507042 0.03565102100277723 0.997760034384712
