0 0.6313820422535211 0.4046361502347418 0.11839788732394366 0.1437793427230047
0 0.7420774647887324 0.403462441314554 0.10035211267605634 0.1426056338028169
0 0.49889964788732394 0.6311619718309859 0.10607394366197183 0.15786384976525822
0 0.6412852112676056 0.13321596244131456 0.0880281690140845 0.22417840375586853
0 0.545774647887324 0.1358568075117371 0.08538732394366197 0.21889671361502347
0 0.23965669014084506 0.1396713615023474 0.06029929577464789 0.2605633802816901
0 0.3127200704225352 0.13321596244131456 0.07262323943661972 0.24530516431924881
0 0.738556338028169 0.12998826291079812 0.09859154929577464 0.25880281690140844
0 0.4564260563380282 0.12910798122065728 0.06426056338028169 0.2535211267605634
0 0.3871038732394366 0.12822769953051644 0.058538732394366196 0.2482394366197183
0 0.11817781690140845 0.20011737089201878 0.1131161971830986 0.12323943661971831
0 0.09286971830985916 0.4234154929577465 0.10035211267605634 0.1238262910798122
0 0.11399647887323944 0.7661384976525821 0.09242957746478873 0.11208920187793427
0 0.08560739436619719 0.5607394366197183 0.09198943661971831 0.12265258215962441
0 0.1344630281690141 0.061619718309859156 0.09991197183098592 0.107981220657277
0 0.3683978873239437 0.6226525821596244 0.12147887323943662 0.1607981220657277
0 0.24779929577464788 0.6261737089201878 0.11619718309859155 0.1467136150234742
0 0.43705985915492956 0.397593896713615 0.261443661971831 0.13438967136150234
0 0.6327024647887324 0.6698943661971831 0.13512323943661972 0.09330985915492958
0 0.23481514084507044 0.40874413145539906 0.10871478873239436 0.11913145539906103
0 0.9806338028169014 0.49559859154929575 0.09859154929577464 0.306924882629108
0 1.0831866197183098 0.4876760563380282 0.08098591549295775 0.29460093896713613
0 1.0477552816901408 0.1352699530516432 0.06734154929577464 0.2564553990610329
0 1.0763644366197183 0.8145539906103286 0.06998239436619719 0.23591549295774647
0 0.9896566901408451 0.8186619718309859 0.06382042253521127 0.22300469483568075
0 0.9636883802816901 0.13996478873239437 0.08846830985915492 0.2494131455399061
0 0.7491197183098591 0.6684272300469484 0.09066901408450705 0.10328638497652583
0 0.1307218309859155 1.0897887323943662 0.11971830985915492 0.09624413145539906
0 0.5737235915492958 1.0721830985915493 0.04973591549295775 0.11032863849765258
0 0.6305017605633803 0.8755868544600939 0.1694542253521127 0.16901408450704225
0 0.1210387323943662 0.9022887323943662 0.09595070422535211 0.11913145539906103
0 0.503080985915493 1.0836267605633803 0.058098591549295774 0.09683098591549295
0 0.4152728873239437 0.863556338028169 0.1932218309859155 0.13438967136150234
0 0.9355193661971831 0.8626760563380281 0.05413732394366197 0.24178403755868544
0 0.7632042253521126 0.8767605633802817 0.09595070422535211 0.1960093896713615
0 0.2405369718309859 0.869131455399061 0.12544014084507044 0.12323943661971831
0 0.027068661971830985 0.0698356807511737 0.053257042253521125 0.13380281690140844
0 0.027068661971830985 0.2112676056338028 0.053257042253521125 0.11384976525821597
0 0.855193661971831 0.12822769953051644 0.09595070422535211 0.2282863849765258
0 1.1150968309859155 0.1426056338028169 0.05149647887323944 0.2664319248826291
0 0.018926056338028168 0.4251760563380282 0.03609154929577465 0.1273474178403756
0 0.01738556338028169 0.5651408450704225 0.03125 0.11384976525821597
0 0.6866197183098591 0.5663145539906104 0.22007042253521128 0.06572769953051644
0 0.03169014084507042 0.7593896713615024 0.0625 0.15610328638497653
0 0.032350352112676055 0.9063967136150235 0.061179577464788734 0.1449530516431925
0 0.03873239436619718 1.0757042253521127 0.06073943661971831 0.12089201877934272
0 0.22535211267605634 1.0886150234741785 0.043133802816901406 0.10446009389671361
0 0.30149647887323944 1.0774647887323943 0.06866197183098592 0.1068075117370892
0 0.4253961267605634 1.0877347417840375 0.05237676056338028 0.10622065727699531
0 0.6804577464788732 1.0757042253521127 0.13468309859154928 0.12441314553990611
0 0.9742517605633803 1.0930164319248827 0.05941901408450704 0.09330985915492958
0 1.0508362676056338 1.0953638497652582 0.05765845070422535 0.09096244131455399
