0 0.5303697183098591 0.7934272300469484 0.6568968443141242 0.9531728713438692
0 0.9713908450704225 0.7118544600938967 0.999 0.9684789586501796
0 0.8142605633802817 0.784037558685446 0.9543071036252728 0.9467229826533536
0 0.29577464788732394 0.6261737089201878 0.3739895358063876 0.8077311187154225
0 0.999 0.13673708920187794 0.999 0.3179948726002336
0 0.5545774647887324 0.3550469483568075 0.7149847810454275 0.5373503245608234
0 0.5519366197183099 0.1396713615023474 0.7057429856427296 0.32679596751085543
0 0.12764084507042253 0.6883802816901409 0.24730297498016265 0.8564035326985386
0 0.3904049295774648 0.36619718309859156 0.5376802795204324 0.5285409640944257
0 0.09110915492957747 0.3673708920187793 0.22487187097054154 0.5162163316361392
0 0.6672535211267606 0.6097417840375586 0.8170478637671097 0.7872008557605413
0 0.22711267605633803 0.3615023474178404 0.38238243280103157 0.525022592519121
0 0.07130281690140845 0.1607981220657277 0.22312002516861731 0.3508446020410413
0 0.5365316901408451 0.602112676056338 0.6489715969673675 0.7332147226079482
0 0.7165492957746479 0.3421361502347418 0.8716036314719301 0.5179917041371862
0 0.27508802816901406 0.15492957746478872 0.44001976759323547 0.3578902995437413
0 0.40933098591549294 0.5950704225352113 0.5090627944604246 0.6733597004562587
0 0.00044014084507042255 0.6889671361502347 0.11619698937462805 0.8370369911172827
0 0.7178697183098591 0.1238262910798122 0.8319903742437016 0.3039179423174414
0 0.45686619718309857 0.15316901408450703 0.5442531398780004 0.31270353931098327
0 0.0008802816901408451 0.34976525821596244 0.08802778156615751 0.5414614053648967
0 0.8860035211267606 0.3403755868544601 0.999 0.5273824086931606
0 0.840669014084507 0.13497652582159625 0.999 0.3144747790341423
0 0.8349471830985915 0.607981220657277 0.9661818014158898 0.7643145650113514
0 0.999 0.34976525821596244 0.999 0.5338322973836761
0 0.33846830985915494 0.999 0.48576651922981556 0.999
0 0.6597711267605634 0.7857981220657277 0.8082483401730808 0.9525904940598207
0 0.6848591549295775 0.999 0.8359661711465979 0.999
0 0.3798415492957746 0.7916666666666666 0.4989525345293592 0.9385025430359937
0 0.5184859154929577 0.999 0.6569020748611387 0.999
0 0.18705985915492956 0.999 0.32430147013241417 0.999
0 0.037411971830985914 0.999 0.1703180405053561 0.999
0 0.8617957746478874 0.999 0.999 0.999
0 0.0044014084507042256 0.15434272300469484 0.07306144304205514 0.34028501013908174
0 0.03433098591549296 0.6320422535211268 0.1263053120660583 0.6750985667526285
0 0.04357394366197183 0.590962441314554 0.1571111030177544 0.6316954445766934
0 0.16901408450704225 0.6238262910798122 0.27237279309660783 0.6592583179042958
0 0.3930457746478873 0.6789906103286385 0.5156720749231304 0.7231930806277415
0 0.519806338028169 0.7359154929577465 0.6489789584779805 0.7888873735369967
0 0.3785211267605634 0.7253521126760564 0.5042348058420949 0.7924146994643919
0 0.9898767605633803 0.6115023474178404 0.999 0.7009322169322665
0 0.18838028169014084 0.999 0.32166004389010117 0.999
0 0.06294014084507042 0.9947183098591549 0.17426807212110693 0.999
0 0.6685739436619719 0.999 0.8474170009050783 0.999
0 0.999 0.999 0.999 0.999
