0 0.3644366197183099 0.9911971830985915 0.41357199092441976 0.999
0 0.39172535211267606 0.4994131455399061 0.4778205434189645 0.6546364946328992
0 0.23987676056338028 0.5064553990610329 0.30623244860890697 0.6657825965967952
0 0.8213028169014085 0.517018779342723 0.9138110462953778 0.6593209983689302
0 0.22183098591549297 0.7400234741784038 0.2741101096012696 0.9068427092287686
0 0.8045774647887324 0.2975352112676056 0.90237474583416 0.4223606014018383
0 0.09903169014084508 0.7142018779342723 0.15048458112229715 0.8927733557054376
0 0.7953345070422535 0.03345070422535211 0.872889377417675 0.2059662847979898
0 0.33274647887323944 0.732981220657277 0.38321622073993256 0.9039125697061872
0 0.7319542253521126 0.7253521126760564 0.7782869919782781 0.9579076572108708
0 0.05897887323943662 0.4753521126760563 0.10428742127058124 0.6458477980559413
0 0.1382042253521127 0.27582159624413144 0.202844100252926 0.4000728746500915
0 0.7253521126760564 0.30927230046948356 0.7963356724856179 0.414724605457471
0 0.15316901408450703 0.4812206572769953 0.19887624603253323 0.639975809473429
0 0.05985915492957746 0.7118544600938967 0.09900534368180917 0.8974695689788181
0 0.7200704225352113 0.01232394366197183 0.7809330675957151 0.2012838474509026
0 0.00044014084507042255 0.4630281690140845 0.04973572176899425 0.6358785045956491
0 0.5616197183098591 0.7764084507042254 0.6115485828704622 0.9214927180453614
0 0.10959507042253522 0.46830985915492956 0.14783908667675064 0.652894184354956
0 0.3226232394366197 0.48884976525821594 0.39158335244743103 0.6335159332363508
0 0.5602992957746479 0.2904929577464789 0.6062674739015076 0.4047591003769094
0 0.7099471830985915 0.5064553990610329 0.7840185091623686 0.6516980895545417
0 0.20906690140845072 0.4735915492957746 0.24770727689198568 0.6476093946306949
0 0.3921654929577465 0.7359154929577465 0.43600696941331085 0.9033239932553065
0 0.22315140845070422 0.27992957746478875 0.26706727490825233 0.3877465202010183
0 0.6179577464788732 0.0005868544600938967 0.7096751946538385 0.20598557109480042
0 0.045774647887323945 0.24413145539906103 0.11441647242610595 0.38013842050739494
0 0.027288732394366196 0.715962441314554 0.06864996094524896 0.8904249046705901
0 0.06073943661971831 0.014084507042253521 0.11440988581134695 0.0962358658996231
0 0.5704225352112676 0.4800469483568075 0.6322313281095021 0.6476056062509643
0 0.4859154929577465 0.4818075117370892 0.5649269738147193 0.6716656059203421
0 0.49383802816901406 0.2981220657276995 0.5380748952340806 0.4006466419802067
0 0.261443661971831 0.002347417840375587 0.3282299983882166 0.10739298860455376
0 0.4410211267605634 0.005868544600938967 0.5174115223913907 0.11267261235645486
0 0.43133802816901406 0.2811032863849765 0.4844052209383059 0.38422470464414027
0 0.28213028169014087 0.2834507042253521 0.31457652716474904 0.39419985287310716
0 0.6496478873239436 0.3145539906103286 0.7162633592045229 0.41530836033414886
0 0.5444542253521126 0.0005868544600938967 0.6115561381050386 0.10387289503846238
0 0.35255281690140844 0.0005868544600938967 0.42370046090805397 0.11091514855958914
0 0.3204225352112676 0.29460093896713613 0.35593291261654436 0.39478016376821173
0 0.0013204225352112676 0.23826291079812206 0.045774066715433444 0.37838130110868656
0 0.37632042253521125 0.29225352112676056 0.4104857744619123 0.39712895920121666
0 0.11443661971830986 0.008802816901408451 0.15928061768498314 0.10914976360510481
0 0.8626760563380281 0.04870892018779343 0.9441625545526682 0.21476014734730764
0 0.9507042253521126 0.057511737089201875 0.999 0.21475498137494764
0 0.999 0.03990610328638498 0.999 0.22884982036192114
0 0.999 0.5181924882629108 0.999 0.6692968353942119
0 0.926056338028169 0.5046948356807511 0.999 0.661088794110516
0 0.9212147887323944 0.30164319248826293 0.985069887857072 0.4229450450748308
0 0.9383802816901409 0.7423708920187794 0.993865149523904 0.9620056508849656
0 0.4819542253521127 0.999 0.5239956187388415 0.999
0 0.8006161971830986 0.999 0.862323672448423 0.999
0 0.78125 0.7359154929577465 0.8425258582746479 0.9444038054618793
0 0.43309859154929575 0.7376760563380281 0.47736219252132517 0.9332525375256233
0 0.477112676056338 0.7494131455399061 0.5182759187165245 0.9273771049615377
0 0.2772887323943662 0.7476525821596244 0.3291033060156715 0.9238570113954462
0 0.516725352112676 0.7758215962441315 0.5587514413062884 0.9355775694857722
0 0.4397007042253521 0.999 0.48088041342243604 0.999
0 0.29225352112676056 0.999 0.34362136728823645 0.999
0 0.6289612676056338 0.7546948356807511 0.6793006332448919 0.9355899678194362
0 0.6839788732394366 0.7288732394366197 0.7290123332424122 0.9567318819017391
0 0.17165492957746478 0.9911971830985915 0.21295261666831977 0.999
0 0.5470950704225352 0.999 0.5904282151978774 0.999
0 0.7178697183098591 0.999 0.7826945995958143 0.999
0 0.08494718309859155 0.9847417840375586 0.12892387888067844 0.999
0 0.028169014084507043 0.9706572769953051 0.07173055941281492 0.999
0 0.21963028169014084 0.9859154929577465 0.26222727540418567 0.999
0 0.5981514084507042 0.999 0.650264898147689 0.999
0 0.8543133802816901 0.7376760563380281 0.9181979254488196 0.9702243685115388
0 0.999 0.999 0.999 0.999
0 0.999 0.7359154929577465 0.999 0.9702254017060108
0 0.9005281690140845 0.999 0.9648325140101169 0.999
0 0.9766725352112676 0.999 0.999 0.999
0 0.999 0.7458920187793427 0.999 0.9731538192378055
0 0.0017605633802816902 0.004107981220657277 0.036971056090061495 0.10739195541008177
0 0.16109154929577466 0.005868544600938967 0.21031642097302125 0.1038697954550464
0 0.03301056338028169 0.16784037558685447 0.1302671608435826 0.2334695772443739
0 0.13776408450704225 0.19014084507042253 0.2142879559487205 0.26455977649937185
0 0.4397007042253521 0.16784037558685447 0.5042078782111684 0.26633342700963214
0 0.9898767605633803 0.2992957746478873 0.999 0.43174923956886857
0 0.999 0.30927230046948356 0.999 0.44934901860301085
0 0.6412852112676056 0.5093896713615024 0.6982212653119421 0.6593254755449757
0 0.0030809859154929575 0.7118544600938967 0.021565545340706208 0.892187878837973
0 0.15845070422535212 0.7118544600938967 0.2155992734576473 0.8599108835328088
0 0.125 0.9724178403755869 0.16983934859154928 0.999
0 0.2658450704225352 0.9788732394366197 0.29301679354294785 0.999
0 0.41505281690140844 0.9947183098591549 0.43863774083763146 0.999
0 0.5264084507042254 0.999 0.5481837990974013 0.999
0 0.6584507042253521 0.999 0.6995341326125769 0.999
0 0.8705985915492958 0.999 0.8961837154086492 0.999
