0 0.3147007042253521 0.7288732394366197 0.40303050145060504 0.9455816471599551
0 0.5651408450704225 0.4354460093896714 0.610226610543543 0.6599557241728934
0 0.5484154929577465 0.11443661971830986 0.6190367889555644 0.37904082357997754
0 0.6192781690140845 0.4284037558685446 0.6801851768622298 0.6511570400493728
0 0.4498239436619718 0.4354460093896714 0.5002421549543741 0.6488054894311094
0 0.8692781690140845 0.42664319248826293 0.9234730289749057 0.6458763831029999
0 0.5057218309859155 0.431924882629108 0.5569957210250942 0.6611314994820252
0 0.6910211267605634 0.1056338028169014 0.7549775435181512 0.36965631819083516
0 0.3846830985915493 0.12147887323943662 0.4302884317347749 0.3831446720227468
0 0.4110915492957746 0.7306338028169014 0.47165004773358454 0.9273881257025722
0 0.6285211267605634 0.1073943661971831 0.6815015311942075 0.3684815760761754
0 0.7015845070422535 0.4301643192488263 0.74749049977683 0.6441137533337741
0 0.7517605633802817 0.42664319248826293 0.8055670067942868 0.6499843643236571
0 0.2737676056338028 0.4424882629107981 0.3445097853848443 0.6593647369349116
0 0.3961267605633803 0.43720657276995306 0.4443679019539774 0.6564335642178579
0 0.43882042253521125 0.10915492957746478 0.4976061529830391 0.36789368842160947
0 0.34463028169014087 0.4354460093896714 0.39685535639010117 0.6546740340320484
0 0.2051056338028169 0.21654929577464788 0.27455761195695294 0.3684175180189116
0 0.8072183098591549 0.43485915492957744 0.8592397806734775 0.6441109981485155
0 0.136443661971831 0.6302816901408451 0.22969346669807578 0.7425878628578986
0 0.8772007042253521 0.13673708920187794 0.9441561616618727 0.38254886321056225
0 0.10695422535211267 0.01995305164319249 0.1650057419782781 0.16606810266922348
0 0.20378521126760563 0.43720657276995306 0.26839622129785756 0.536715254358703
0 0.8085387323943662 0.09859154929577464 0.8755244107691926 0.37670270448984994
0 0.14656690140845072 0.2282863849765258 0.19403760259621108 0.36430264883510766
0 0.051056338028169015 0.4231220657276995 0.12893879562586788 0.5560897170975776
0 0.5044014084507042 0.1056338028169014 0.5530350345913508 0.381980261852807
0 0.17297535211267606 0.007629107981220657 0.24376189465135886 0.1543382458286495
0 0.14172535211267606 0.42488262910798125 0.2010819870809363 0.5396567590204765
0 0.011003521126760563 0.22946009389671362 0.07481910056288435 0.3736916314002954
0 0.7552816901408451 0.13849765258215962 0.801604189396945 0.3790267032555269
0 0.7966549295774648 0.7306338028169014 0.8403183737105733 0.9356040881438867
0 0.4784330985915493 0.7288732394366197 0.5574478727559017 0.9590792997421147
0 0.5651408450704225 0.7253521126760564 0.6335540753322754 0.9549733849104014
0 0.16637323943661972 0.7981220657276995 0.225719025862924 0.9737100222618968
0 0.6408450704225352 0.7253521126760564 0.7048235717119619 0.9479311313892745
0 0.11047535211267606 0.7928403755868545 0.16236334711614758 0.9772342486058763
0 0.7227112676056338 0.7306338028169014 0.7888544404632017 0.9391252149044501
0 0.00044014084507042255 0.784037558685446 0.03168994712110692 0.9285304943904428
0 0.2130281690140845 0.999 0.2736738432354691 0.999
0 0.06514084507042253 0.7910798122065728 0.10692555420551478 0.9473057043355595
0 0.09727112676056338 0.999 0.1610487362998413 0.999
0 0.6324823943661971 0.999 0.7277145764109304 0.999
0 0.00044014084507042255 0.999 0.07174276402251538 0.999
0 0.22007042253521128 0.8157276995305164 0.26926933520134894 0.9420095494721065
0 0.8587147887323944 0.7253521126760564 0.9441642980683396 0.9719921642531244
0 0.8345070422535211 0.999 0.9072031219004166 0.999
0 0.0008802816901408451 0.009389671361502348 0.049735528045030744 0.17487711873746392
0 0.05501760563380282 0.009389671361502348 0.10296874225104147 0.16607430183605548
0 0.2517605633802817 0.005868544600938967 0.28774130256893476 0.06455054662875531
0 0.29577464788732394 0.005868544600938967 0.34229939496131717 0.0680716733893187
0 0.35651408450704225 0.0005868544600938967 0.39420928077266415 0.05399026593048117
0 0.40184859154929575 0.004107981220657277 0.4549287638241421 0.06279101644294563
0 0.5250880281690141 0.004107981220657277 0.5750329718185876 0.050467072780973794
0 0.5818661971830986 0.0005868544600938967 0.6168213617089864 0.050469139169917784
0 0.6258802816901409 0.002347417840375587 0.6722597357915097 0.04518641583460072
0 0.7491197183098591 0.005868544600938967 0.7989660564620115 0.050466039586501796
0 0.0017605633802816902 0.2282863849765258 0.0096823236956953 0.22815241409332365
0 0.0030809859154929575 0.42664319248826293 0.04357258759422734 0.5543270873283519
0 0.0030809859154929575 0.6167840375586855 0.05765709463648086 0.732032403733827
0 0.06294014084507042 0.6514084507042254 0.12761314254364214 0.7355332110031079
0 0.035651408450704226 0.7963615023474179 0.06424487173923824 0.9373260789305472
0 0.28169014084507044 0.778755868544601 0.31237601666336046 0.9338152841147039
0 0.7451584507042254 0.999 0.8170135746255703 0.999
0 0.29313380281690143 0.999 0.35154351505157705 0.999
0 0.8591549295774648 0.005868544600938967 0.8961887522317 0.04342378606537503
0 0.999 0.9084507042253521 0.999 0.959560768366065
0 0.9947183098591549 0.9084507042253521 0.999 0.9560396416055016
0 0.9933978873239436 0.999 0.999 0.999
0 0.999 0.999 0.999 0.999
