0 0.10431338028169014 0.9565727699530516 0.24203155220938305 0.999
0 0.9621478873239436 0.3597417840375587 0.999 0.6277231562300248
0 0.06778169014084508 0.6977699530516432 0.1716250960870859 0.8264684448632326
0 0.5308098591549296 0.6754694835680751 0.5869142562239635 0.8335237855143379
0 0.2904929577464789 0.1936619718309859 0.4070024238742313 0.3561070058850757
0 0.6254401408450704 0.44366197183098594 0.7290380985295576 0.5895283673874231
0 0.04533450704225352 0.49765258215962443 0.15226877882612577 0.6387924574048359
0 0.5607394366197183 0.44072769953051644 0.6128693928536004 0.5983329062796182
0 0.2984154929577465 0.4213615023474178 0.37442851430767704 0.5860203277568384
0 0.9053697183098591 0.38204225352112675 0.9657106647366593 0.6417945761422998
0 0.037852112676056336 0.3609154929577465 0.1351065791757588 0.4921590871520201
0 0.2671654929577465 0.0005868544600938967 0.5276112827935926 0.09565693259714783
0 0.5611795774647887 0.2717136150234742 0.6683269456085102 0.3413898394278031
0 0.49119718309859156 0.4284037558685446 0.5596429589863122 0.5907110306597015
0 0.1637323943661972 0.19190140845070422 0.28557934313628247 0.34554465879785756
0 0.15933098591549297 0.0005868544600938967 0.2490495902350724 0.10739402179902577
0 0.386443661971831 0.42018779342723006 0.4888263892332871 0.5883684343935286
0 0.4551056338028169 0.6913145539906104 0.5262081401259671 0.838796176904935
0 0.00044014084507042255 0.1449530516431925 0.09859135557181116 0.28512620126077276
0 0.17165492957746478 0.43896713615023475 0.29833994061198177 0.5942259582534329
0 0.40713028169014087 0.18661971830985916 0.5337116504041857 0.35024259406202474
0 0.999 0.34800469483568075 0.999 0.6236220629725142
0 0.9471830985915493 0.01056338028169014 0.999 0.28051023275805065
0 0.999 0.009976525821596244 0.999 0.2816842860763958
0 0.8970070422535211 0.7482394366197183 0.9388657539426701 0.8992087796733452
0 0.7257922535211268 0.004107981220657277 0.8095397041137671 0.09741542958848552
0 0.704225352112676 0.4301643192488263 0.8082287740527673 0.6247475561506756
0 0.3362676056338028 0.999 0.39421819207498515 0.999
0 0.2777288732394366 0.999 0.3387862108832573 0.999
0 0.40316901408450706 0.999 0.4923401544832374 0.999
0 0.8617957746478874 0.999 0.9256770265076374 0.999
0 0.19234154929577466 0.7200704225352113 0.24507379333217616 0.8974647474046155
0 0.08538732394366197 0.8356807511737089 0.18350114994544733 0.9249790605920343
0 0.3125 0.7969483568075117 0.38366527288732394 0.8991801946262867
0 0.386443661971831 0.7341549295774648 0.4368897695149772 0.9091935710507174
0 0.4845950704225352 0.8515258215962441 0.6102620620288634 0.9460965224051666
0 0.590669014084507 0.999 0.6771167830043642 0.999
0 0.24911971830985916 0.7928403755868545 0.3141509156169411 0.9079854223147965
0 0.6848591549295775 0.999 0.77566687537195 0.999
0 0.988556338028169 0.7224178403755869 0.999 0.971993886243911
0 0.999 0.999 0.999 0.999
0 0.9427816901408451 0.999 0.999 0.999
0 0.999 0.7640845070422535 0.999 0.9490821100310785
0 0.0030809859154929575 0.004107981220657277 0.10035075660831184 0.12969242489364985
0 0.5497359154929577 0.005868544600938967 0.709705221868181 0.09858810531420133
0 0.664612676056338 0.18368544600938966 0.7950419838573696 0.3643288230950649
0 0.5444542253521126 0.18544600938967137 0.6617321944430669 0.26808365844519383
0 0.0030809859154929575 0.36795774647887325 0.033009207312537196 0.4991972078952589
0 0.0017605633802816902 0.5146713615023474 0.052375985667526284 0.6282190895765831
0 0.2557218309859155 0.6924882629107981 0.3255916717293196 0.773067788578104
0 0.5985915492957746 0.6737089201877934 0.7343316058321762 0.8423276356102184
0 0.0044014084507042256 0.9671361502347418 0.09638890783078753 0.999
0 0.0044014084507042256 0.6825117370892019 0.05897693599980162 0.8646229391214265
0 0.5237676056338029 0.999 0.5816356656665345 0.999
0 0.8186619718309859 0.999 0.8495516452588772 0.999
