0 0.8296654929577465 1.0202464788732395 0.2658450704225352 0.22124413145539906
0 0.6194982394366197 1.034037558685446 0.10607394366197183 0.2136150234741784
0 0.5358714788732394 0.6737089201877934 0.17737676056338028 0.22769953051643194
0 0.8450704225352113 0.6687206572769953 0.13556338028169015 0.2177230046948357
0 0.680237676056338 0.6710680751173709 0.11663732394366197 0.1954225352112676
0 0.38116197183098594 0.323943661971831 0.26936619718309857 0.20187793427230047
0 1.0651408450704225 0.982981220657277 0.11971830985915492 0.20892018779342722
0 0.8466109154929577 0.8744131455399061 0.10519366197183098 0.0528169014084507
0 0.3692781690140845 1.0446009389671362 0.13908450704225353 0.19248826291079812
0 0.5191461267605634 1.005868544600939 0.0840669014084507 0.2640845070422535
0 1.0829665492957747 0.7030516431924883 0.1034330985915493 0.18309859154929578
0 1.110475352112676 0.38673708920187794 0.06073943661971831 0.19953051643192488
0 0.8006161971830986 0.08832159624413145 0.2772887323943662 0.1414319248826291
0 0.3477112676056338 0.0818661971830986 0.261443661971831 0.1449530516431925
0 0.8659771126760564 0.3438967136150235 0.1694542253521127 0.18661971830985916
0 0.6401848591549296 0.34419014084507044 0.2689260563380282 0.20715962441314553
0 0.23591549295774647 1.0616197183098592 0.11355633802816902 0.15845070422535212
0 0.9768926056338029 0.8125 0.06205985915492958 0.24002347417840375
0 0.9883362676056338 0.5052816901408451 0.07262323943661972 0.2746478873239437
0 1.049955985915493 0.26291079812206575 0.055897887323943664 0.24882629107981222
0 0.06668133802816902 0.46919014084507044 0.12720070422535212 0.21889671361502347
