0 0.5404929577464789 0.43779342723004694 0.18397887323943662 0.20892018779342722
0 0.5994718309859155 0.7347417840375586 0.20862676056338028 0.15023474178403756
0 0.731294014084507 0.4460093896713615 0.18705985915492956 0.2136150234741784
0 0.5382922535211268 0.18309859154929578 0.19454225352112675 0.27699530516431925
0 0.7909330985915493 0.8309859154929577 0.15933098591549297 0.22769953051643194
0 0.7339348591549296 0.19483568075117372 0.1949823943661972 0.25704225352112675
0 0.4423415492957746 0.7367957746478874 0.10299295774647887 0.1742957746478873
0 0.07306338028169014 0.6851525821596244 0.1426056338028169 0.12147887323943662
0 0.910431338028169 0.19131455399061034 0.14920774647887325 0.23943661971830985
0 0.9086707746478874 0.4131455399061033 0.17473591549295775 0.18661971830985916
0 1.0796654929577465 0.19043427230046947 0.1153169014084507 0.2177230046948357
0 1.0809859154929577 0.4527582159624413 0.11795774647887323 0.2658450704225352
0 0.5955105633802817 0.9439553990610329 0.2007042253521127 0.23650234741784038
0 0.09507042253521127 0.8717723004694836 0.1681338028169014 0.19072769953051644
0 0.44036091549295775 0.9110915492957746 0.11751760563380281 0.16725352112676056
0 0.19608274647887325 1.1062206572769953 0.17033450704225353 0.06103286384976526
0 0.050836267605633804 1.1100352112676057 0.09551056338028169 0.061619718309859156
0 0.06932218309859155 0.40023474178403756 0.1368838028169014 0.2676056338028169
0 0.06976232394366197 0.16784037558685447 0.13336267605633803 0.15492957746478872
0 1.1153169014084507 0.9351525821596244 0.04665492957746479 0.15316901408450703
0 1.064700704225352 0.8506455399061033 0.04401408450704225 0.1637323943661972
0 1.0539172535211268 0.6960093896713615 0.047975352112676055 0.11384976525821597
0 1.1016725352112675 0.7092136150234741 0.02464788732394366 0.11913145539906103
0 1.1267605633802817 0.7693661971830986 0.028169014084507043 0.11502347417840375
