0 0.29797535211267606 0.545774647887324 0.37971039817248564 0.7144684421080473
0 0.8930457746478874 0.3421361502347418 0.9670365115428486 0.48923583559258527
0 0.1329225352112676 0.7681924882629108 0.21957177705316405 0.9508402626242588
0 0.8195422535211268 0.4495305164319249 0.8856428071067248 0.4973887731711081
0 0.1483274647887324 0.22652582159624413 0.20107908122148382 0.47169804822676276
0 0.22315140845070422 0.5387323943661971 0.29303558476740726 0.7127120115056537
0 0.4194542253521127 0.2717136150234742 0.480889324724757 0.4751926563292116
0 0.42649647887323944 0.5704225352112676 0.5182981969723269 0.7214962309065661
0 0.5277288732394366 0.5616197183098591 0.6230071615874826 0.7197408334986445
0 0.21170774647887325 0.25880281690140844 0.25562864975947236 0.4716791063281095
0 0.08450704225352113 0.22124413145539906 0.14432900218210673 0.4717011478101788
0 0.13336267605633803 0.5487089201877934 0.20108566783624282 0.7044901942956644
0 0.2891725352112676 0.34917840375586856 0.4070030050461218 0.47338663239216205
0 0.30809859154929575 0.2347417840375587 0.4149172101269589 0.3455195177323723
0 0.7112676056338029 0.6255868544600939 0.7782960970045626 0.7373089279023122
0 0.5607394366197183 0.3163145539906103 0.5983447449662765 0.4464106135246534
0 0.03301056338028169 0.2793427230046948 0.07348899182949811 0.46051681765081887
0 0.08626760563380281 0.5422535211267606 0.13024372024399922 0.6921700390134233
0 0.7909330985915493 0.6255868544600939 0.8548455400094228 0.7373089279023122
0 0.2557218309859155 0.2494131455399061 0.28773955905326326 0.47520574345919014
0 0.6377640845070423 0.6238262910798122 0.7070256320050585 0.7285071441953757
0 0.6421654929577465 0.8057511737089202 0.704382849695001 0.9114989723158986
0 0.9898767605633803 0.3386150234741784 0.999 0.4939327376622804
0 0.7720070422535211 0.8075117370892019 0.8310862645060504 0.9872021644735391
0 0.7262323943661971 0.8057511737089202 0.7743282427841698 0.9854426342877296
0 0.11795774647887323 0.999 0.17688470169609205 0.999
0 0.3560739436619718 0.784037558685446 0.4443855308346558 0.944375564812978
0 0.19454225352112675 0.999 0.29172775428982345 0.999
0 0.0488556338028169 0.999 0.0998904684710375 0.999
0 0.03961267605633803 0.7681924882629108 0.1042959451249752 0.9338214832815358
0 0.40625 0.999 0.48485640404929575 0.999
0 0.2790492957746479 0.7734741784037559 0.3374652071761555 0.9584662710220635
0 0.6355633802816901 0.999 0.7268329386530451 0.999
0 0.4933978873239437 0.999 0.5653638213524103 0.999
0 0.5497359154929577 0.7904929577464789 0.619036207783674 0.9197238891093037
0 0.9018485915492958 0.8820422535211268 0.9577896793170997 0.9977218061892481
0 0.8230633802816901 0.8755868544600939 0.8860813981600874 0.9859885053671008
0 0.9652288732394366 0.8597417840375586 0.999 0.928486067028147
0 0.0017605633802816902 0.2505868544600939 0.02508725327316009 0.4699233645220305
0 0.4898767605633803 0.29401408450704225 0.5090273429751041 0.49924060206308274
0 0.5250880281690141 0.3163145539906103 0.5517055070298552 0.4786876088298177
0 0.605193661971831 0.4442488262910798 0.6581843337755406 0.4815468023319888
0 0.6038732394366197 0.4061032863849765 0.6476215346657409 0.4422499393859243
0 0.6025528169014085 0.3615023474178404 0.6608263411897441 0.39884888359893317
0 0.6610915492957746 0.2746478873239437 0.7303428294237254 0.4798857700191761
0 0.7438380281690141 0.4442488262910798 0.8002888036847848 0.4815468023319888
0 0.8111795774647887 0.4025821596244131 0.8623190230732989 0.4422520057748683
0 0.0030809859154929575 0.5545774647887324 0.08626624956605833 0.6956839334126826
0 0.8899647887323944 0.6267605633802817 0.9894850507091847 0.7390688024862792
0 0.9665492957746479 0.937793427230047 0.999 0.999
0 0.8811619718309859 0.8186619718309859 0.9503163899771871 0.8680641655094888
0 0.32702464788732394 0.999 0.3770567673204721 0.999
0 0.7464788732394366 0.999 0.7804813033128347 0.999
