0 0.40669014084507044 0.43896713615023475 0.4870569145506844 0.6922306530891137
0 0.4951584507042254 0.4460093896713615 0.5812081168790915 0.690465956930944
0 0.8067781690140845 0.448943661971831 0.8948913828481453 0.6916379438603453
0 0.2438380281690141 0.4448356807511737 0.31723422621999603 0.6840112466662259
0 0.7323943661971831 0.45774647887323944 0.801614263043047 0.6869379422072339
0 0.65625 0.45422535211267606 0.7228625660211268 0.6922216987370231
0 0.014964788732394365 0.426056338028169 0.10034552606129736 0.6763931594260397
0 0.332306338028169 0.4336854460093897 0.3942199355906566 0.685191499151403
0 0.5862676056338029 0.43309859154929575 0.6555518188355485 0.6851918435495603
0 0.09507042253521127 0.43133802816901406 0.16237012745487006 0.6904745668848774
0 0.17297535211267606 0.448943661971831 0.23495907774995042 0.686943108179594
0 0.5633802816901409 0.09859154929577464 0.6282731600872843 0.2921956622363288
0 0.7746478873239436 0.06807511737089202 0.8429689049791708 0.29221357094051004
0 0.9000880281690141 0.4565727699530516 0.9899207359030946 0.6875254854636426
0 0.999 0.47300469483568075 0.999 0.6939712413762701
0 0.8477112676056338 0.07629107981220658 0.9102782960970046 0.271668843263021
0 0.999 0.48826291079812206 0.999 0.6974834137847429
0 0.999 0.056924882629107984 0.999 0.16604640558531156
0 0.9907570422535211 0.812793427230047 0.999 0.999
0 0.9163732394366197 0.7805164319248826 0.992994554031938 0.999
0 0.46346830985915494 0.7893192488262911 0.5556938959903789 0.999
0 0.37455985915492956 0.7846244131455399 0.4672647183718508 0.999
0 0.5765845070422535 0.767018779342723 0.674922277945844 0.999
0 0.11751760563380281 0.7617370892018779 0.20109264189892878 0.999
0 0.7561619718309859 0.7998826291079812 0.8209699991321167 0.999
0 0.22975352112676056 0.7764084507042254 0.31768056623189844 0.999
0 0.6830985915492958 0.7981220657276995 0.7523401854790717 0.999
0 0.032570422535211266 0.7723004694835681 0.10341876301825036 0.999
0 0.31954225352112675 0.7734741784037559 0.37794034231799245 0.999
0 0.8257042253521126 0.7928403755868545 0.9102879822951795 0.999
0 0.999 0.7998826291079812 0.999 0.999
0 0.999 0.8169014084507042 0.999 0.999
