0 0.5545774647887324 0.8785211267605634 0.05193661971830986 0.2300469483568075
0 0.6696742957746479 0.8817488262910798 0.05237676056338028 0.2153755868544601
0 0.45048415492957744 0.8623826291079812 0.050616197183098594 0.22946009389671362
0 0.6426056338028169 0.5132042253521126 0.1505281690140845 0.20363849765258216
0 1.1078345070422535 0.22564553990610328 0.06866197183098592 0.1942488262910798
0 0.3996478873239437 0.1954225352112676 0.07042253521126761 0.20892018779342722
0 0.7735475352112676 0.2130281690140845 0.07262323943661972 0.22769953051643194
0 0.20664612676056338 0.16314553990610328 0.05677816901408451 0.19248826291079812
0 0.4777728873239437 0.19102112676056338 0.07174295774647887 0.2153755868544601
0 0.700044014084507 0.18896713615023475 0.0761443661971831 0.22535211267605634
0 0.5534771126760564 0.1892605633802817 0.07262323943661972 0.22946009389671362
0 0.6267605633802817 0.18485915492957747 0.06866197183098592 0.21009389671361503
0 0.27860915492957744 0.16226525821596244 0.06426056338028169 0.18838028169014084
0 0.2764084507042254 0.874706572769953 0.04665492957746479 0.20246478873239437
0 0.9212147887323944 0.2062793427230047 0.07042253521126761 0.23415492957746478
0 0.3356073943661972 0.17752347417840375 0.04709507042253521 0.21185446009389672
0 0.22997359154929578 0.477406103286385 0.04445422535211268 0.17194835680751175
0 0.7588028169014085 0.4994131455399061 0.056338028169014086 0.17253521126760563
0 0.3221830985915493 0.48826291079812206 0.11267605633802817 0.1983568075117371
0 0.4667693661971831 0.511443661971831 0.144806338028169 0.2482394366197183
0 0.10805457746478873 0.5375586854460094 0.053257042253521125 0.1772300469483568
0 0.9212147887323944 0.5639671361502347 0.05193661971830986 0.2746478873239437
0 0.9938380281690141 0.22857981220657278 0.06954225352112677 0.22593896713615025
0 0.7581426056338029 0.8820422535211268 0.04973591549295775 0.20422535211267606
0 0.842649647887324 0.21654929577464788 0.07086267605633803 0.2335680751173709
0 1.0026408450704225 0.54518779342723 0.05985915492957746 0.2535211267605634
0 1.0625 0.22476525821596244 0.04929577464788732 0.21244131455399062
0 1.0768045774647887 0.5701291079812206 0.0488556338028169 0.2482394366197183
0 0.8180017605633803 0.49119718309859156 0.061179577464788734 0.17136150234741784
0 0.7992957746478874 0.8796948356807511 0.03345070422535211 0.1960093896713615
0 0.7944542253521126 0.6569835680751174 0.032570422535211266 0.07570422535211267
0 0.9610475352112676 0.9011150234741784 0.06205985915492958 0.1977699530516432
0 0.390625 0.8641431924882629 0.05677816901408451 0.1954225352112676
0 0.14920774647887325 0.840669014084507 0.07922535211267606 0.23767605633802816
0 0.045774647887323945 0.8230633802816901 0.09066901408450705 0.2681924882629108
0 0.33252640845070425 0.875 0.04533450704225352 0.20539906103286384
0 0.6029929577464789 0.874706572769953 0.043133802816901406 0.21889671361502347
0 0.8496919014084507 0.8559272300469484 0.04181338028169014 0.15082159624413147
0 0.893705985915493 0.8773474178403756 0.05149647887323944 0.1619718309859155
0 1.017605633802817 0.9058098591549296 0.0448943661971831 0.20246478873239437
0 1.1012323943661972 0.8987676056338029 0.051056338028169015 0.16960093896713616
0 0.037411971830985914 0.46830985915492956 0.07130281690140845 0.3380281690140845
