0 0.8314260563380281 0.5674882629107981 0.0880281690140845 0.15492957746478872
0 0.9485035211267606 0.5663145539906104 0.09507042253521127 0.17253521126760563
0 0.535431338028169 0.8057511737089202 0.08582746478873239 0.18427230046948356
0 1.1133362676056338 0.8045774647887324 0.050616197183098594 0.17253521126760563
0 0.48701584507042256 1.063086854460094 0.0761443661971831 0.13673708920187794
0 0.6298415492957746 0.5484154929577465 0.0880281690140845 0.19072769953051644
0 0.28389084507042256 0.25440140845070425 0.056338028169014086 0.25528169014084506
0 0.2911531690140845 0.8060446009389671 0.07086267605633803 0.18251173708920188
0 0.20400528169014084 0.2585093896713615 0.05941901408450704 0.267018779342723
0 0.3142605633802817 0.5542840375586855 0.07482394366197183 0.18251173708920188
0 0.37191901408450706 0.8034037558685446 0.06426056338028169 0.18661971830985916
0 0.19806338028169015 0.7990023474178404 0.07130281690140845 0.1742957746478873
0 0.45752640845070425 0.2438380281690141 0.05677816901408451 0.272887323943662
0 0.5305897887323944 0.5651408450704225 0.08934859154929578 0.1795774647887324
0 0.7255721830985915 0.3145539906103286 0.1500880281690141 0.13849765258215962
0 0.7180897887323944 0.5542840375586855 0.07966549295774648 0.16490610328638497
0 0.617737676056338 0.2573356807511737 0.05501760563380282 0.2634976525821596
0 0.21654929577464788 0.5475352112676056 0.08890845070422536 0.1795774647887324
0 0.5132042253521126 0.2517605633802817 0.04929577464788732 0.2605633802816901
0 0.45224471830985913 0.8169014084507042 0.05677816901408451 0.20422535211267606
0 0.12147887323943662 0.795774647887324 0.06426056338028169 0.16666666666666666
0 0.11465669014084508 0.5448943661971831 0.08758802816901408 0.1813380281690141
0 0.3488116197183099 0.2699530516431925 0.0409330985915493 0.20305164319248825
0 0.6227992957746479 0.806631455399061 0.06338028169014084 0.19307511737089203
0 0.6866197183098591 0.8098591549295775 0.05897887323943662 0.19953051643192488
0 0.13732394366197184 0.25586854460093894 0.0528169014084507 0.25586854460093894
0 0.39502640845070425 0.2734741784037559 0.037411971830985914 0.19953051643192488
0 0.9126320422535211 0.2925469483568075 0.04533450704225352 0.159037558685446
0 0.7172095070422535 0.17987089201877934 0.12808098591549297 0.11443661971830986
0 0.7566021126760564 0.8004694835680751 0.09066901408450705 0.1807511737089202
0 0.4121919014084507 0.5490023474178404 0.1113556338028169 0.16490610328638497
0 0.5675616197183099 0.2573356807511737 0.04181338028169014 0.2564553990610329
0 0.08054577464788733 0.26936619718309857 0.0448943661971831 0.22535211267605634
0 0.030369718309859156 0.5492957746478874 0.05985915492957746 0.16901408450704225
0 0.8441901408450704 0.2790492957746479 0.07130281690140845 0.22593896713615025
0 1.0743838028169015 0.6029929577464789 0.11355633802816902 0.09917840375586855
0 0.7132482394366197 1.0759976525821595 0.0840669014084507 0.12969483568075119
0 0.6007922535211268 1.0689553990610328 0.11003521126760564 0.1414319248826291
0 0.897887323943662 1.0610328638497653 0.0880281690140845 0.15375586854460094
0 0.21214788732394366 1.0610328638497653 0.09683098591549295 0.15023474178403756
0 0.3215228873239437 1.0666079812206573 0.08494718309859155 0.13673708920187794
0 0.11399647887323944 1.0616197183098592 0.0818661971830986 0.15845070422535212
0 0.4077904929577465 1.0669014084507042 0.0761443661971831 0.14788732394366197
0 0.04159330985915493 0.7943075117370892 0.07174295774647887 0.18603286384976525
0 0.03587147887323944 1.0578051643192488 0.07086267605633803 0.15786384976525822
0 0.8047975352112676 1.0551643192488263 0.07966549295774648 0.15845070422535212
0 0.9449823943661971 0.8107394366197183 0.09419014084507042 0.1942488262910798
0 1.0889084507042253 1.0220070422535212 0.04753521126760563 0.06866197183098592
0 0.02596830985915493 0.2767018779342723 0.037852112676056336 0.2106807511737089
0 1.0180457746478873 0.37764084507042256 0.09330985915492958 0.03931924882629108
0 1.0154049295774648 0.33186619718309857 0.09066901408450705 0.04518779342723005
0 1.016725352112676 0.29225352112676056 0.09066901408450705 0.04107981220657277
0 1.0952904929577465 0.28080985915492956 0.08142605633802817 0.23650234741784038
0 1.013644366197183 1.0143779342723005 0.0448943661971831 0.0710093896713615
0 1.0352112676056338 1.107394366197183 0.05457746478873239 0.06690140845070422
0 1.1036531690140845 1.1032863849765258 0.05941901408450704 0.06572769953051644
