0 0.8213028169014085 0.6050469483568075 0.9252547082672088 0.9080956297251427
0 0.9242957746478874 0.6220657276995305 0.999 0.9116067689391435
0 0.46610915492957744 0.1402582159624413 0.5499709026606824 0.47174867475589055
0 0.3882042253521127 0.1255868544600939 0.46197702278813724 0.4594333410478521
0 0.6360035211267606 0.5803990610328639 0.7171496463375323 0.9069363855275628
0 0.7147887323943662 0.5927230046948356 0.8104248289029955 0.9163188245277613
0 0.5638204225352113 0.12206572769953052 0.6348750790393771 0.4453509003945425
0 0.3987676056338028 0.5352112676056338 0.4800181480609006 0.8617751107584474
0 0.7169894366197183 0.1449530516431925 0.8104238602831779 0.49756751581476344
0 0.14700704225352113 0.11032863849765258 0.22484726802717717 0.4424235160572197
0 0.22931338028169015 0.5434272300469484 0.3128392106600873 0.8494463455222729
0 0.4753521126760563 0.5504694835680751 0.546885848541956 0.8682215554673895
0 0.5514964788732394 0.5751173708920188 0.6317995173948621 0.894615541449007
0 0.22183098591549297 0.12793427230046947 0.30491996875619914 0.4529765643941899
0 0.6421654929577465 0.13086854460093897 0.7180272158921841 0.4576696780841544
0 0.15096830985915494 0.5293427230046949 0.22264482028615354 0.8406517941766405
0 0.07262323943661972 0.09154929577464789 0.14961592286996628 0.44243453679825434
0 0.8019366197183099 0.1602112676056338 0.9063371757835748 0.5022533971434239
0 0.32702464788732394 0.11561032863849766 0.3845391616866693 0.4207068014503295
0 0.09066901408450705 0.5152582159624414 0.1531291069480262 0.82012015362913
0 0.0013204225352112676 0.528755868544601 0.08494660192670106 0.8095488521898213
0 0.0008802816901408451 0.10328638497652583 0.07218271114362229 0.43127741409332365
0 0.90625 0.19953051643192488 0.9912384463028169 0.28802844453261034
0 0.8930457746478874 0.3004694835680751 0.9956456664724261 0.39418986532654454
0 0.8873239436619719 0.4055164319248826 0.9965284665740924 0.5038700020939408
