0 0.355193661971831 0.9119718309859155 0.45891056616990683 0.999
0 0.35255281690140844 0.2112676056338028 0.44702792569678634 0.50281028896383
0 0.7605633802816901 0.2318075117370892 0.8227286252727634 0.504558798408605
0 0.4537852112676056 0.20774647887323944 0.5539375945372942 0.5051597731931495
0 0.6725352112676056 0.215962441314554 0.7510244123189843 0.5063286605391346
0 0.2249119718309859 0.5422535211267606 0.2983165000123983 0.8318414005157707
0 0.5765845070422535 0.19718309859154928 0.6612779117486609 0.5010579911393243
0 0.08758802816901408 0.2112676056338028 0.16237342076224956 0.49400747206242146
0 0.07790492957746478 0.5475352112676056 0.15709599254860146 0.8159932305098195
0 0.21830985915492956 0.20774647887323944 0.2917172931957945 0.49400953845136547
0 0.3569542253521127 0.5991784037558685 0.43954359409095417 0.8370896840353546
0 0.29577464788732394 0.20422535211267606 0.3502219301725848 0.4904904780797461
0 0.7632042253521126 0.6062206572769953 0.8574985896895457 0.8852076169851661
0 0.16285211267605634 0.5440140845070423 0.21955860382364611 0.8095398978377306
0 0.007042253521126761 0.20950704225352113 0.07041943562785162 0.4957690686371751
0 0.522887323943662 0.6467136150234741 0.5935198559313628 0.8646439474090238
0 0.207306338028169 0.004107981220657277 0.2890812912244594 0.11384735447111463
0 0.4449823943661972 0.6449530516431925 0.5143287929602262 0.8546684547818996
0 0.005721830985915493 0.551056338028169 0.07086015764481253 0.8294888167030351
0 0.9194542253521126 0.0005868544600938967 0.999 0.11267571193987083
0 0.304137323943662 0.002347417840375587 0.36694360152995437 0.11619580550596222
0 0.8186619718309859 0.22652582159624413 0.9182136170898632 0.5092567336727721
0 0.9264964788732394 0.22652582159624413 0.999 0.5145384238136173
0 0.999 0.26936619718309857 0.999 0.5092315926072869
0 0.999 0.6326291079812206 0.999 0.8840184101478983
0 0.999 0.2764084507042254 0.999 0.5109880232096806
0 0.909330985915493 0.659037558685446 0.999 0.880481785470255
0 0.999 0.6220657276995305 0.999 0.8887194449954815
0 0.8173415492957746 0.00528169014084507 0.913372648965979 0.1109123933743305
0 0.21786971830985916 0.9061032863849765 0.3093231207225749 0.999
0 0.6632922535211268 0.9225352112676056 0.7576305931982742 0.999
0 0.46919014084507044 0.9154929577464789 0.5649343353253323 0.999
0 0.5651408450704225 0.9190140845070423 0.6630435119519937 0.999
0 0.10695422535211267 0.897887323943662 0.20901982648532036 0.999
0 0.6153169014084507 0.6238262910798122 0.7048348077018448 0.8670047967775353
0 0.31338028169014087 0.9084507042253521 0.3669395333267209 0.999
0 0.6980633802816901 0.6115023474178404 0.7510131763291014 0.8664251746787454
0 0.7632042253521126 0.9383802816901409 0.8596992939148979 0.999
0 0.9608274647887324 0.9507042253521126 0.999 0.999
0 0.8591549295774648 0.9454225352112676 0.9441641043443761 0.999
0 0.999 0.9512910798122066 0.999 0.999
0 0.846830985915493 0.607981220657277 0.9076378384745091 0.8734694945888162
0 0.00044014084507042255 0.0035211267605633804 0.04577445416336044 0.12147680685049263
0 0.06029929577464789 0.0005868544600938967 0.11837134714094426 0.12147852884127928
0 0.1430457746478873 0.004107981220657277 0.19359901154284864 0.11619477231149021
0 0.37588028169014087 0.004107981220657277 0.46902470058024204 0.11267364555092683
0 0.477112676056338 0.004107981220657277 0.5737336651953977 0.1021102652692367
0 0.5805457746478874 0.0005868544600938967 0.6489522245710176 0.10387289503846238
0 0.6584507042253521 0.005868544600938967 0.7316644143027178 0.10563035883532809
0 0.738556338028169 0.004107981220657277 0.8121749311892481 0.10387082864951838
0 0.999 0.004107981220657277 0.999 0.11267364555092683
0 0.16637323943661972 0.2177230046948357 0.21031409628545925 0.49576424706297256
0 0.3050176056338028 0.5528169014084507 0.35021786196935134 0.8095347318653706
0 0.00044014084507042255 0.886150234741784 0.07438360909293791 0.999
