0 0.3287852112676056 0.13673708920187794 0.39906303467813925 0.29569440311666556
0 0.25264084507042256 0.13321596244131456 0.32559302779706406 0.3039124319469241
0 0.08758802816901408 0.1267605633802817 0.2389579278045031 0.279855187462805
0 0.4850352112676056 0.125 0.5614062345020829 0.30098298122065725
0 0.5651408450704225 0.12793427230046947 0.6423568922336839 0.2968732780092133
0 0.7191901408450704 0.5698356807511737 0.824507398705614 0.7173885940840663
0 0.6571302816901409 0.3714788732394366 0.7343058405450308 0.4991951415063149
0 0.6452464788732394 0.12147887323943662 0.7202265640497917 0.296877066388944
0 0.18045774647887325 0.568075117370892 0.2868924041608808 0.7009577023959092
0 0.40713028169014087 0.13145539906103287 0.47429263631967866 0.3056740285216778
0 0.5796654929577465 0.4014084507042254 0.6339878232865503 0.49624330489982144
0 0.386443661971831 0.375 0.47430174134596315 0.4974325117370892
0 0.1500880281690141 0.38204225352112675 0.21560295421295378 0.48686499867751104
0 0.27420774647887325 0.36619718309859156 0.36959761982989486 0.49215598756860407
0 0.05765845070422535 0.36971830985915494 0.11837250948472525 0.4745482873768432
0 0.5048415492957746 0.5633802816901409 0.6322601929800634 0.7097632744825763
0 0.0044014084507042256 0.3615023474178404 0.06029735853501289 0.4815953624721726
0 0.009683098591549295 0.09213615023474178 0.07702038596012696 0.21062668066300777
0 0.999 0.13321596244131456 0.999 0.3003913051863607
0 0.7350352112676056 0.1396713615023474 0.8438666218260266 0.28806357314465825
0 0.999 0.3914319248826291 0.999 0.507986248870374
0 0.45422535211267606 0.7734741784037559 0.5182859923626265 0.999
0 0.386443661971831 0.7752347417840375 0.45097427655723077 0.9983713411139765
0 0.6734154929577465 0.7910798122065728 0.7369395178288038 0.999
0 0.31161971830985913 0.7723004694835681 0.37970439272961715 0.9960256452643876
0 0.26672535211267606 0.7687793427230047 0.31502344834854196 0.9907460215124865
0 0.5985915492957746 0.778755868544601 0.6643492114659789 0.999
0 0.22227112676056338 0.7705399061032864 0.26574723982096804 0.9795947535762305
0 0.06690140845070422 0.7822769953051644 0.1170480187462805 0.9684376308712997
0 0.011883802816901408 0.7723004694835681 0.060294065227633406 0.959640668738566
0 0.522887323943662 0.7734741784037559 0.5957205601567149 0.9977855198483545
0 0.12367957746478873 0.7928403755868545 0.17292091567893275 0.9602154692631533
0 0.0664612676056338 0.999 0.11000595894911724 0.999
0 0.7953345070422535 0.8016431924882629 0.841639377417675 0.999
0 0.1795774647887324 0.7822769953051644 0.21558997470739932 0.9737193210121449
0 0.020246478873239437 0.999 0.06909320137373537 0.999
0 0.15669014084507044 0.999 0.22220216102955764 0.999
0 0.26188380281690143 0.999 0.3137051567769292 0.999
0 0.3657570422535211 0.999 0.4562650717243602 0.999
0 0.741637323943662 0.7910798122065728 0.8002897723046023 0.9966014789834469
0 0.11751760563380281 0.999 0.15883912077216822 0.999
0 0.3217429577464789 0.999 0.3744182469376116 0.999
0 0.47183098591549294 0.999 0.5389648631223964 0.999
0 0.999 0.7981220657276995 0.999 0.999
0 0.999 0.8063380281690141 0.999 0.9643155293261919
0 0.9392605633802817 0.7893192488262911 0.9943049029210475 0.999
0 0.8802816901408451 0.8685446009389671 0.9375526929180719 0.999
0 0.13380281690140844 0.0005868544600938967 0.19492350228129338 0.05927195607132624
0 0.2623239436619718 0.002347417840375587 0.3308704560107122 0.05574979611629086
0 0.34110915492957744 0.0005868544600938967 0.4188639484353303 0.05751139269104454
0 0.429137323943662 0.0005868544600938967 0.5068533726567149 0.0469480124093544
0 0.5171654929577465 0.005868544600938967 0.5895611067372545 0.05398716634706517
0 0.5999119718309859 0.0005868544600938967 0.6995598978997223 0.0487085757896361
0 0.999 0.007629107981220657 0.999 0.07276547587559788
0 0.7125880281690141 0.007629107981220657 0.7716934031566157 0.05750725991315656
0 0.999 0.009389671361502348 0.999 0.07804613282197095
0 0.999 0.1572769953051643 0.999 0.3038983116224735
0 0.00044014084507042255 0.2640845070422535 0.057658256980261856 0.35430511472591414
0 0.22183098591549297 0.38380281690140844 0.27102912368577664 0.48510340210275743
0 0.5079225352112676 0.36619718309859156 0.5622764425461219 0.48159260728691394
0 0.999 0.38028169014084506 0.999 0.5162087548766779
0 0.0017605633802816902 0.551056338028169 0.11091471806189247 0.7179864692851947
0 0.11971830985915492 0.5733568075117371 0.1663205465185479 0.6939123492913664
0 0.31514084507042256 0.5803990610328639 0.4135936880083317 0.7079927235557318
0 0.43045774647887325 0.5651408450704225 0.5002506788087681 0.7179782037294188
0 0.957306338028169 0.5803990610328639 0.999 0.7115138503162952
0 0.999 0.5892018779342723 0.999 0.7308748815270338
0 0.551056338028169 0.999 0.5943877392878397 0.999
0 0.5999119718309859 0.999 0.678433137336342 0.999
0 0.6919014084507042 0.999 0.7514560293096607 0.999
0 0.7658450704225352 0.999 0.8126030611485816 0.999
0 0.9920774647887324 0.999 0.999 0.999
0 0.999 0.999 0.999 0.999
0 0.8732394366197183 0.999 0.9485593136282483 0.999
