0 1.0536971830985915 0.5698356807511737 0.15669014084507044 0.2112676056338028
0 0.18309859154929578 0.5557511737089202 0.09066901408450705 0.25821596244131456
0 1.0845070422535212 0.1596244131455399 0.11267605633802817 0.18896713615023475
0 0.30061619718309857 0.15082159624413147 0.11707746478873239 0.1596244131455399
0 0.602112676056338 0.15580985915492956 0.1619718309859155 0.18251173708920188
0 0.7761883802816901 0.15434272300469484 0.1580105633802817 0.176056338028169
0 0.5134242957746479 0.5715962441314554 0.1580105633802817 0.25821596244131456
0 0.29819542253521125 0.5375586854460094 0.13952464788732394 0.2112676056338028
0 0.16703345070422534 0.15580985915492956 0.11487676056338028 0.1789906103286385
0 0.5261883802816901 0.3644366197183099 0.14656690140845072 0.08450704225352113
0 0.721830985915493 0.4642018779342723 0.11443661971830986 0.19953051643192488
0 0.25528169014084506 0.35357981220657275 0.1602112676056338 0.08509389671361503
0 0.5477552816901409 0.8609154929577465 0.17209507042253522 0.08098591549295775
0 0.7132482394366197 0.8591549295774648 0.12191901408450705 0.051643192488262914
0 0.9335387323943662 0.15610328638497653 0.1487676056338028 0.17018779342723006
0 0.8873239436619719 0.522593896713615 0.1505281690140845 0.2775821596244131
0 0.8587147887323944 0.33773474178403756 0.1267605633802817 0.0534037558685446
0 0.7224911971830986 0.9911971830985915 0.18529929577464788 0.16901408450704225
0 0.5431338028169014 0.9823943661971831 0.17869718309859156 0.18309859154929578
0 0.3657570422535211 0.9686032863849765 0.17869718309859156 0.1965962441314554
0 0.5365316901408451 0.7966549295774648 0.16549295774647887 0.04870892018779343
0 0.35849471830985913 0.8154342723004695 0.1694542253521127 0.11326291079812206
0 0.7024647887323944 0.7969483568075117 0.12411971830985916 0.06455399061032864
0 0.22513204225352113 0.9113849765258216 0.08934859154929578 0.2652582159624413
0 0.1113556338028169 0.9081572769953051 0.08890845070422536 0.24471830985915494
0 1.0272887323943662 0.9301643192488263 0.1602112676056338 0.1596244131455399
0 0.8809419014084507 0.9281103286384976 0.12984154929577466 0.17077464788732394
0 0.2367957746478873 0.032570422535211266 0.06602112676056338 0.04988262910798122
0 0.3534330985915493 0.03169014084507042 0.12059859154929578 0.051643192488262914
0 0.4744718309859155 0.030809859154929578 0.10123239436619719 0.04284037558685446
0 0.4394806338028169 0.15434272300469484 0.15536971830985916 0.1795774647887324
0 0.6091549295774648 0.02992957746478873 0.17077464788732394 0.05868544600938967
0 0.7665052816901409 0.03609154929577465 0.12808098591549297 0.06396713615023474
0 0.9223151408450704 0.032570422535211266 0.14216549295774647 0.04988262910798122
0 1.080105633802817 0.02699530516431925 0.12147887323943662 0.045774647887323945
0 0.02442781690140845 0.5777582159624414 0.04533450704225352 0.24354460093896713
0 0.6305017605633803 0.5243544600938967 0.050616197183098594 0.232981220657277
0 0.7211707746478874 0.3362676056338028 0.14128521126760563 0.05046948356807512
0 1.0213468309859155 0.3647300469483568 0.14392605633802816 0.1073943661971831
0 1.1234595070422535 0.3870305164319249 0.03477112676056338 0.1238262910798122
0 0.03807218309859155 0.880868544600939 0.06998239436619719 0.2793427230046948
0 1.0220070422535212 0.7857981220657277 0.13732394366197184 0.04107981220657277
0 0.8569542253521126 0.8142605633802817 0.14348591549295775 0.04284037558685446
