0 0.4234154929577465 0.05927230046948357 0.5535108206457052 0.48235958198329254
0 0.289612676056338 0.04342723004694836 0.42152745920948226 0.4806083173532588
0 0.5616197183098591 0.5657276995305164 0.6775697096310256 0.9439168264674117
0 0.4339788732394366 0.5592723004694836 0.5513054670452291 0.9409863425466728
0 0.06338028169014084 0.5463615023474179 0.18659182205911526 0.9286699756441623
0 0.3050176056338028 0.539906103286385 0.4298833549270978 0.9374765809253015
0 0.1857394366197183 0.5446009389671361 0.3071365583465582 0.9333658445193855
0 0.1443661971830986 0.041666666666666664 0.2860280078357469 0.47298024256651017
0 0.5567781690140845 0.06631455399061033 0.6881352208763143 0.485289721505874
0 0.6795774647887324 0.5721830985915493 0.7989966648482444 0.9579975451299345
0 0.05369718309859155 0.04107981220657277 0.154025661451101 0.44715899072053605
0 0.00044014084507042255 0.5369718309859155 0.08142586261406468 0.852384406202473
0 0.8446302816901409 0.05927230046948357 0.8847514831506645 0.38963657728845685
0 0.8851232394366197 0.0733568075117371 0.9322688718136282 0.4142761990566246
0 0.9185739436619719 0.0733568075117371 0.999 0.47061422722563867
