0 0.20950704225352113 0.7937206572769953 0.07394366197183098 0.1977699530516432
0 0.5433538732394366 0.21185446009389672 0.08230633802816902 0.22300469483568075
0 0.5061619718309859 1.0531103286384977 0.027288732394366196 0.17546948356807512
0 0.11663732394366197 0.7857981220657277 0.07130281690140845 0.176056338028169
0 0.7819102112676056 0.2074530516431925 0.11487676056338028 0.20363849765258216
0 0.30215669014084506 0.8007629107981221 0.05941901408450704 0.18368544600938966
0 0.7334947183098591 0.8254107981220657 0.04445422535211268 0.15434272300469484
0 0.6223591549295775 0.539612676056338 0.08890845070422536 0.17781690140845072
0 0.8580545774647887 0.8060446009389671 0.050616197183098594 0.1977699530516432
0 0.167693661971831 0.21009389671361503 0.06954225352112677 0.20187793427230047
0 0.5889084507042254 0.8045774647887324 0.0448943661971831 0.1784037558685446
0 0.3356073943661972 0.24237089201877934 0.06558098591549295 0.11619718309859155
0 0.10519366197183098 0.5481220657276995 0.045774647887323945 0.107981220657277
0 0.832306338028169 0.5586854460093896 0.06602112676056338 0.1255868544600939
0 0.1525088028169014 0.5536971830985915 0.0409330985915493 0.10269953051643192
0 0.5477552816901409 0.795481220657277 0.03477112676056338 0.1637323943661972
0 0.20972711267605634 0.5575117370892019 0.04621478873239437 0.10211267605633803
0 0.2676056338028169 0.5355046948356808 0.05897887323943662 0.19307511737089203
0 0.03367077464788732 0.7884389671361502 0.0664612676056338 0.17077464788732394
0 0.741637323943662 0.5484154929577465 0.09242957746478873 0.18485915492957747
0 0.746919014084507 0.4119718309859155 0.09419014084507042 0.06690140845070422
0 0.12455985915492958 0.4339788732394366 0.06954225352112677 0.09917840375586855
0 0.6690140845070423 0.2039319248826291 0.10299295774647887 0.18955399061032863
0 0.5035211267605634 0.7922535211267606 0.03961267605633803 0.11971830985915492
0 0.20444542253521128 0.4424882629107981 0.04533450704225352 0.12441314553990611
0 0.2566021126760563 0.24970657276995306 0.09419014084507042 0.11913145539906103
0 0.7783890845070423 0.8034037558685446 0.04533450704225352 0.17370892018779344
0 1.0358714788732395 0.5583920187793427 0.05501760563380282 0.13086854460093897
0 1.0220070422535212 0.24031690140845072 0.0880281690140845 0.16255868544600938
0 1.1027728873239437 0.5742370892018779 0.058538732394366196 0.12969483568075119
0 0.9095510563380281 0.5607394366197183 0.06734154929577464 0.13204225352112675
0 0.9738116197183099 0.5642605633802817 0.05765845070422535 0.13204225352112675
0 0.6835387323943662 0.8119131455399061 0.05017605633802817 0.1742957746478873
0 0.9590669014084507 1.0548708920187793 0.051056338028169015 0.15786384976525822
0 0.6357834507042254 1.0595657276995305 0.04621478873239437 0.14730046948356806
0 0.5845070422535211 1.056631455399061 0.04665492957746479 0.15551643192488263
0 0.6852992957746479 1.056924882629108 0.04225352112676056 0.14788732394366197
0 0.5444542253521126 1.051349765258216 0.04929577464788732 0.15434272300469484
0 0.12081866197183098 1.0352112676056338 0.04709507042253521 0.1983568075117371
0 0.7790492957746479 1.0490023474178405 0.051056338028169015 0.1402582159624413
0 0.6362235915492958 0.8060446009389671 0.042693661971830985 0.1449530516431925
0 0.8952464788732394 1.0519366197183098 0.04665492957746479 0.14847417840375587
0 0.22381161971830985 1.0592723004694835 0.06558098591549295 0.17370892018779344
0 0.3296654929577465 1.051056338028169 0.05985915492957746 0.17488262910798122
0 0.39172535211267606 1.0519366197183098 0.05897887323943662 0.159037558685446
0 0.16967429577464788 1.0595657276995305 0.042693661971830985 0.1613849765258216
0 0.0682218309859155 1.0481220657276995 0.04841549295774648 0.16901408450704225
0 0.019586267605633804 1.028755868544601 0.03829225352112676 0.18192488262910797
0 0.7299735915492958 1.0534037558685445 0.04005281690140845 0.14553990610328638
0 0.9091109154929577 0.8389084507042254 0.05413732394366197 0.08157276995305164
0 1.060519366197183 1.0542840375586855 0.050616197183098594 0.15669014084507044
0 0.8417693661971831 1.0592723004694835 0.04181338028169014 0.1467136150234742
0 1.1100352112676057 1.050469483568075 0.04137323943661972 0.14906103286384975
0 1.0752640845070423 0.8268779342723005 0.0801056338028169 0.1267605633802817
0 0.07636443661971831 0.2238849765258216 0.0761443661971831 0.1813380281690141
0 0.24735915492957747 0.1505281690140845 0.07922535211267606 0.0721830985915493
0 1.1067341549295775 0.24061032863849766 0.0682218309859155 0.14553990610328638
0 0.034991197183098594 0.49413145539906106 0.061179577464788734 0.20657276995305165
0 0.2713468309859155 0.4017018779342723 0.06205985915492958 0.056924882629107984
0 0.33274647887323944 0.5848004694835681 0.06866197183098592 0.07805164319248827
0 0.3257042253521127 0.414906103286385 0.0 0.0
0 0.3503521126760563 0.4812206572769953 0.04929577464788732 0.13262910798122066
0 0.5321302816901409 0.5302230046948356 0.07394366197183098 0.19307511737089203
0 0.8283450704225352 0.44571596244131456 0.06866197183098592 0.06866197183098592
0 0.3650968309859155 0.8210093896713615 0.055897887323943664 0.1396713615023474
0 0.988556338028169 0.8101525821596244 0.08538732394366197 0.1449530516431925
0 1.0110035211267605 1.0601525821596245 0.037852112676056336 0.15551643192488263
0 0.9179137323943662 0.9017018779342723 0.053257042253521125 0.027582159624413145
0 1.114656690140845 0.4354460093896714 0.042693661971830985 0.09624413145539906
