0 0.17319542253521128 0.39172535211267606 0.09022887323943662 0.34330985915492956
0 1.0933098591549295 0.8471244131455399 0.08538732394366197 0.18838028169014084
0 0.6890404929577465 0.3817488262910798 0.08230633802816902 0.3597417840375587
0 0.5356514084507042 0.7637910798122066 0.09154929577464789 0.2869718309859155
0 0.3003961267605634 0.8045774647887324 0.10695422535211267 0.3039906103286385
0 0.6001320422535211 0.3785211267605634 0.08582746478873239 0.3732394366197183
0 0.7794894366197183 0.38380281690140844 0.07834507042253522 0.352112676056338
0 0.3807218309859155 0.3362676056338028 0.0721830985915493 0.284037558685446
0 0.48965669014084506 0.3345070422535211 0.07086267605633803 0.30164319248826293
0 0.07196302816901408 0.7244718309859155 0.09815140845070422 0.22241784037558684
0 0.29379401408450706 0.3371478873239437 0.0761443661971831 0.3034037558685446
0 0.09044894366197183 0.37764084507042256 0.0682218309859155 0.34330985915492956
0 0.2268926056338028 0.36561032863849763 0.05149647887323944 0.3051643192488263
0 0.20620598591549297 0.7514671361502347 0.0743838028169014 0.2623239436619718
0 0.44212147887323944 0.33039906103286387 0.04533450704225352 0.25586854460093894
0 1.0422535211267605 0.5874413145539906 0.06073943661971831 0.18661971830985916
0 1.1126760563380282 0.607981220657277 0.04665492957746479 0.1619718309859155
0 0.7603433098591549 0.8083920187793427 0.10959507042253522 0.3315727699530516
0 0.41483274647887325 0.8133802816901409 0.10607394366197183 0.33098591549295775
0 0.6452464788732394 0.7948943661971831 0.10827464788732394 0.31514084507042256
0 0.25440140845070425 1.0695422535211268 0.12147887323943662 0.13673708920187794
0 0.14172535211267606 1.0669014084507042 0.09330985915492958 0.13497652582159625
0 0.3831426056338028 1.0748239436619718 0.12279929577464789 0.12265258215962441
0 0.5334507042253521 1.073943661971831 0.14348591549295775 0.12089201877934272
0 0.7139084507042254 1.0765845070422535 0.13204225352112675 0.11208920187793427
0 0.870818661971831 0.8048708920187794 0.09639084507042253 0.32805164319248825
0 1.0543573943661972 1.0950704225352113 0.061179577464788734 0.08098591549295775
0 0.9896566901408451 1.096244131455399 0.042693661971830985 0.08098591549295775
0 0.03301056338028169 0.057511737089201875 0.0625 0.11384976525821597
0 0.08868838028169014 0.06073943661971831 0.03653169014084507 0.10035211267605634
0 0.1694542253521127 0.054870892018779344 0.10475352112676056 0.10504694835680752
0 0.27266725352112675 0.05927230046948357 0.07262323943661972 0.1068075117370892
0 0.3571742957746479 0.054870892018779344 0.08142605633802817 0.09800469483568075
0 0.4555457746478873 0.05076291079812206 0.06073943661971831 0.09330985915492958
0 0.5702024647887324 0.04812206572769953 0.11663732394366197 0.09507042253521127
0 0.6875 0.04812206572769953 0.09683098591549295 0.09154929577464789
0 0.7988556338028169 0.05134976525821596 0.11003521126760564 0.09800469483568075
0 0.02772887323943662 0.3835093896713615 0.05457746478873239 0.3456572769953052
0 0.847931338028169 0.375 0.053257042253521125 0.352112676056338
0 1.0840669014084507 0.3336267605633803 0.09330985915492958 0.14847417840375587
0 1.0066021126760563 0.8386150234741784 0.08538732394366197 0.15023474178403756
0 0.04137323943661972 1.0663145539906103 0.07922535211267606 0.1396713615023474
0 0.842649647887324 1.0774647887323943 0.09727112676056338 0.1068075117370892
