0 0.49383802816901406 0.6062206572769953 0.5900115149523905 0.9761700582997201
0 0.7720070422535211 0.6103286384976526 0.8513327433792898 0.9591488681698958
0 0.6822183098591549 0.6144366197183099 0.7686257841946043 0.9884891803874892
0 0.09419014084507042 0.1807511737089202 0.1843775571563182 0.4746591835835042
0 0.00044014084507042255 0.17370892018779344 0.0721829048675858 0.46996848068064095
0 0.47183098591549294 0.09741784037558686 0.5653733138266217 0.5022902477462585
0 0.38028169014084506 0.0880281690140845 0.46462135488990275 0.49936148581630624
0 0.198943661971831 0.0897887323943662 0.2921659578952589 0.48997078126033194
0 0.9000880281690141 0.6050469483568075 0.9886003133678832 0.9239407001476779
0 0.292693661971831 0.09213615023474178 0.37751201863469547 0.49466423934845377
0 0.28741197183098594 0.6003521126760564 0.3823558926180321 0.9544598872578192
0 0.19586267605633803 0.5944835680751174 0.28732576466722876 0.9667872749013644
0 0.1034330985915493 0.5938967136150235 0.19493686923477485 0.9579848023981132
0 0.40316901408450706 0.5921361502347418 0.48749860518746274 0.9439013285503318
0 0.6324823943661971 0.2546948356807512 0.7272744355658599 0.5068927847208446
0 0.9559859154929577 0.1784037558685446 0.999 0.5210220635235513
0 0.5897887323943662 0.6073943661971831 0.6868002690438405 0.966779698141903
0 0.008802816901408451 0.5886150234741784 0.10430950580242015 0.953293066300778
0 0.8516725352112676 0.5827464788732394 0.8961920455390795 0.9174983882166237
