0 0.16307218309859156 0.5531103286384976 0.07526408450704225 0.29870892018779344
0 0.25462147887323944 0.5557511737089202 0.09727112676056338 0.29107981220657275
0 0.3477112676056338 0.54518779342723 0.0897887323943662 0.2828638497652582
0 0.6241197183098591 0.16549295774647887 0.09154929577464789 0.32981220657276994
0 0.8576144366197183 0.5915492957746479 0.10079225352112677 0.3086854460093897
0 0.12632042253521128 0.16050469483568075 0.09595070422535211 0.3163145539906103
0 0.5497359154929577 0.5082159624413145 0.09595070422535211 0.24882629107981222
0 0.33934859154929575 0.15933098591549297 0.09507042253521127 0.306924882629108
0 0.07064260563380281 0.5463615023474179 0.09375 0.29107981220657275
0 0.44454225352112675 0.5560446009389671 0.09507042253521127 0.2963615023474178
0 0.7414172535211268 0.5237676056338029 0.09903169014084508 0.26936619718309857
0 0.25132042253521125 0.1437793427230047 0.05897887323943662 0.2863849765258216
0 0.512544014084507 0.15023474178403756 0.0664612676056338 0.2852112676056338
0 0.429137323943662 0.15434272300469484 0.07746478873239436 0.2934272300469484
0 0.8835827464788732 0.1402582159624413 0.05677816901408451 0.2687793427230047
0 0.9449823943661971 0.1443661971830986 0.05545774647887324 0.2676056338028169
0 0.7590228873239436 0.1698943661971831 0.10431338028169014 0.306924882629108
0 0.037852112676056336 0.17018779342723006 0.06426056338028169 0.29460093896713613
0 1.0536971830985915 0.9175469483568075 0.12852112676056338 0.26115023474178406
0 0.9731514084507042 0.5812793427230047 0.10035211267605634 0.3198356807511737
0 1.060519366197183 0.5375586854460094 0.07086267605633803 0.2805164319248826
0 1.0090228873239437 0.14465962441314553 0.06205985915492958 0.27406103286384975
0 0.8261443661971831 0.14964788732394366 0.04753521126760563 0.2711267605633803
0 1.1153169014084507 0.20246478873239437 0.04137323943661972 0.22769953051643194
0 0.9086707746478874 0.9216549295774648 0.10519366197183098 0.25410798122065725
0 0.7539612676056338 0.9008215962441315 0.12147887323943662 0.23591549295774647
0 0.33274647887323944 0.8937793427230047 0.09595070422535211 0.2511737089201878
0 0.43794014084507044 0.8870305164319249 0.08714788732394366 0.24706572769953053
0 0.5382922535211268 0.89231220657277 0.08890845070422536 0.2282863849765258
0 0.23459507042253522 0.8785211267605634 0.0880281690140845 0.23708920187793428
0 0.6494278169014085 0.8770539906103286 0.09727112676056338 0.21889671361502347
0 0.1443661971830986 0.8679577464788732 0.08098591549295775 0.22065727699530516
0 0.051276408450704226 0.8480046948356808 0.10079225352112677 0.24530516431924881
