0 0.5625 0.8791079812206573 0.6115481954225352 0.999
0 0.8569542253521126 0.10035211267605634 0.9868587349360246 0.26285190603716196
0 0.2790492957746479 0.27582159624413144 0.38808140435925415 0.4264813253543168
0 0.16637323943661972 0.2834507042253521 0.2670922652995437 0.4247162847979898
0 0.0994718309859155 0.49413145539906106 0.24027311979269989 0.6329259791928409
0 0.3956866197183099 0.12323943661971831 0.5081885182131521 0.26812016464987104
0 0.1637323943661972 0.12793427230046947 0.2701744135588177 0.2780939352862086
0 0.38776408450704225 0.2811032863849765 0.5033504559487204 0.4211965356300557
0 0.3371478873239437 0.4935446009389671 0.434710762373537 0.6417291404924067
0 0.03169014084507042 0.2887323943661972 0.16371844624082524 0.4211920584540104
0 0.44014084507042256 0.5052816901408451 0.5464612056139655 0.6481776515902928
0 0.7051056338028169 0.5803990610328639 0.9195840204076572 0.7719598597059666
0 0.11179577464788733 0.6502347417840375 0.20989797721186274 0.7730925852454319
0 0.7037852112676056 0.33039906103286387 0.8482817846781393 0.5127169019594878
0 0.0017605633802816902 0.6496478873239436 0.1034323236956953 0.7695718028830258
0 0.0008802816901408451 0.5082159624413145 0.093749612552073 0.6299834413365956
0 0.3296654929577465 0.6514084507042254 0.4276718021597897 0.7871764034913709
0 0.2557218309859155 0.49178403755868544 0.32823251679974214 0.6252982488042496
0 0.43838028169014087 0.6696009389671361 0.5517436706506645 0.8059450698714982
0 0.9132922535211268 0.5944835680751174 0.999 0.7784069932112235
0 0.7165492957746479 0.10035211267605634 0.8575191244296766 0.26637303279772534
0 0.5730633802816901 0.31279342723004694 0.6859273488643127 0.5097929616037382
0 0.11839788732394366 0.1443661971830986 0.16191971923973417 0.26106551279508033
0 0.2764084507042254 0.1414319248826291 0.38896284839317596 0.26810948830699377
0 0.24031690140845072 0.6285211267605634 0.3247181703779012 0.7525654218739669
0 0.53125 0.11443661971830986 0.7022309639084507 0.2540408235799775
0 0.21742957746478872 0.8257042253521126 0.3176859905028764 0.8733417228724459
0 0.5752640845070423 0.5892018779342723 0.6929686337656219 0.7613913134519165
0 0.988556338028169 0.4231220657276995 0.999 0.5267469940928828
0 0.999 0.596244131455399 0.999 0.7496500914721506
0 0.999 0.1073943661971831 0.999 0.268129463400119
0 0.8485915492957746 0.3386150234741784 0.9802603030152748 0.5197543339064119
0 0.4449823943661972 0.8755868544600939 0.5486597788757192 0.9977255945689788
0 0.023327464788732395 0.840962441314554 0.1676833946017655 0.914999435187022
0 0.4546654929577465 0.999 0.5636203056809165 0.999
0 0.032570422535211266 0.9360328638497653 0.17428143907458837 0.999
0 0.8257042253521126 0.8591549295774648 0.8755168555346161 0.999
0 0.21566901408450703 0.8902582159624414 0.3229684555395755 0.999
0 0.6919014084507042 0.960093896713615 0.7554172969152946 0.999
0 0.8613556338028169 0.9876760563380281 0.999 0.999
0 0.6144366197183099 0.960093896713615 0.6863492796568141 0.999
0 0.9058098591549296 0.8438967136150235 0.9652703301676254 0.984833393947409
0 0.7592429577464789 0.9213615023474179 0.8209686430643721 0.999
0 0.00044014084507042255 0.13615023474178403 0.05897867951547313 0.28689193061341445
0 0.06426056338028169 0.13321596244131456 0.11088720925907558 0.281611962463356
0 0.6245598591549296 0.8480046948356808 0.698228626822555 0.9390563352729837
0 0.9766725352112676 0.8339201877934272 0.999 0.9959894834578678
0 0.9898767605633803 0.3386150234741784 0.999 0.4229233479909189
