0 0.41725352112676056 0.48063380281690143 0.540749448274152 0.6646240411955299
0 0.5497359154929577 0.31279342723004694 0.7629622641217021 0.46636573155678984
0 0.02772887323943662 0.41784037558685444 0.20949483764382068 0.6423604223147965
0 0.7477992957746479 0.40023474178403756 0.9318891728451696 0.6253519749167934
0 0.5470950704225352 0.477112676056338 0.7537204687190042 0.7250721169741453
0 0.14040492957746478 0.772887323943662 0.33664594853451696 0.8598750661244462
0 0.029049295774647887 0.25410798122065725 0.1712020029508034 0.3918696549405982
0 0.41725352112676056 0.7646713615023474 0.4725276172882365 0.9091756623465361
0 0.4977992957746479 0.002347417840375587 0.6868407573522118 0.17840237827591526
0 0.42649647887323944 0.2852112676056338 0.5200587603526086 0.42354154268333005
0 0.695862676056338 0.004694835680751174 0.901102173117933 0.1866169631246005
0 0.7579225352112676 0.2793427230046948 0.9376065481799245 0.38716001013908174
0 0.4163732394366197 0.9061032863849765 0.5662780047361635 0.999
0 0.5611795774647887 0.8157276995305164 0.6863727202563975 0.8891926480636558
0 0.15360915492957747 0.8650234741784038 0.356446474843781 0.999
0 0.00044014084507042255 0.7429577464788732 0.15096811613519143 0.9983902830126298
0 0.5532570422535211 0.8896713615023474 0.6863762072877405 0.999
0 0.491637323943662 0.7576291079812206 0.5398364272341797 0.8675131284577574
0 0.0030809859154929575 0.004107981220657277 0.16505146083366395 0.16783796479975313
0 0.8992077464788732 0.0005868544600938967 0.999 0.16784003118869711
0 0.999 0.02112676056338028 0.999 0.20773408053957548
0 0.6971830985915493 0.7652582159624414 0.8249572257488593 0.9578842381361723
0 0.8305457746478874 0.7529342723004695 0.967504161190736 0.9631731606383213
0 0.9766725352112676 0.767018779342723 0.999 0.9801836744252683
0 0.999 0.4800469483568075 0.999 0.6528872963918093
0 0.999 0.301056338028169 0.999 0.44700642233683796
0 0.999 0.39730046948356806 0.999 0.5320438377526505
