0 0.9430017605633803 0.7746478873239436 0.19410211267605634 0.2535211267605634
0 0.4861355633802817 0.4818075117370892 0.23283450704225353 0.29694835680751175
0 0.4795334507042254 0.806631455399061 0.2460387323943662 0.27992957746478875
0 0.7158890845070423 0.4630281690140845 0.16681338028169015 0.2347417840375587
0 0.7326144366197183 0.8022300469483568 0.22931338028169015 0.29225352112676056
0 0.41747359154929575 0.06426056338028169 0.25132042253521125 0.1273474178403756
0 0.6826584507042254 0.07658450704225352 0.24119718309859156 0.15199530516431925
0 0.9436619718309859 0.4923708920187793 0.20862676056338028 0.27582159624413144
0 0.9768926056338029 0.09066901408450705 0.3261443661971831 0.17546948356807512
0 1.0961707746478873 0.772593896713615 0.09639084507042253 0.24706572769953053
0 1.101012323943662 0.49119718309859156 0.08318661971830986 0.2535211267605634
0 0.858274647887324 1.0994718309859155 0.34066901408450706 0.0886150234741784
0 0.5748239436619719 1.1126760563380282 0.19806338028169015 0.06924882629107981
0 0.042693661971830985 0.7617370892018779 0.08450704225352113 0.20422535211267606
0 0.04005281690140845 0.07805164319248827 0.07130281690140845 0.13497652582159625
0 1.1007922535211268 1.0883215962441315 0.0801056338028169 0.09096244131455399
