0 0.6373239436619719 0.4647887323943662 0.7356349806585994 0.795501884546717
0 0.5316901408450704 0.45774647887323944 0.630047671592938 0.7908111816438537
0 0.5400528169014085 0.1443661971830986 0.5939524415418568 0.3760889869734841
0 0.2970950704225352 0.18955399061032863 0.34890092646548304 0.3696070692543367
0 0.09639084507042253 0.18720657276995306 0.15180616600128943 0.3713690102272477
0 0.19806338028169015 0.4471830985915493 0.282923387596707 0.7679300568670238
0 0.6615316901408451 0.15082159624413147 0.7171384103476492 0.38488801549516194
0 0.4392605633802817 0.4518779342723005 0.5288559592590756 0.7802512453437369
0 0.40713028169014087 0.1795774647887324 0.4619686926577068 0.3666786517225418
0 0.1153169014084507 0.4477699530516432 0.18656896263142234 0.7632348767881152
0 0.23987676056338028 0.18896713615023475 0.294788786637076 0.3713679770327757
0 0.03961267605633803 0.18896713615023475 0.08713045216722871 0.3713679770327757
0 0.7231514084507042 0.15199530516431925 0.7769704439223368 0.38019249101809605
0 0.6003521126760564 0.15199530516431925 0.6595068872743504 0.3819530543983778
0 0.292693661971831 0.44190140845070425 0.3590261031417378 0.749153813727435
0 0.3534330985915493 0.18485915492957747 0.4065345805023805 0.36315442537856246
0 0.37059859154929575 0.4495305164319249 0.43689674357766317 0.7585390079128921
0 0.46830985915492956 0.1813380281690141 0.5222410608014283 0.3760672898895722
0 0.00044014084507042255 0.43485915492957744 0.03961248233237453 0.7585476178668253
0 0.16681338028169015 0.19307511737089203 0.21603573354741124 0.36960500286539266
0 0.8463908450704225 0.8879107981220657 0.9226028209308669 0.9947840899072053
0 0.00044014084507042255 0.19718309859154928 0.0352110738816703 0.37312371883885476
0 0.7394366197183099 0.4630281690140845 0.8478259521920254 0.7972634811214706
0 0.8560739436619719 0.5176056338028169 0.999 0.6610812173510547
0 0.855193661971831 0.6713615023474179 0.999 0.812399435738059
0 0.8613556338028169 0.14730046948356806 0.9983004596682206 0.26810604432542046
0 0.860475352112676 0.27699530516431925 0.9969804245809364 0.3842271154312416
0 0.037852112676056336 0.43720657276995306 0.108257987626463 0.7556119679737265
0 0.3772007042253521 0.8544600938967136 0.4285311616618726 0.9948037206021733
0 0.6007922535211268 0.8609154929577465 0.6753517639729221 0.9930393688421609
0 0.6804577464788732 0.8673708920187794 0.7492603619073597 0.994796143842712
0 0.2777288732394366 0.8585680751173709 0.34538832355931365 0.999
0 0.5136443661971831 0.8708920187793427 0.5873619523036103 0.9947940774537679
0 0.207306338028169 0.8415492957746479 0.2710355165765721 0.9959850062818224
0 0.00044014084507042255 0.8802816901408451 0.049295580923923825 0.999
0 0.7574823943661971 0.8802816901408451 0.8394553334531839 0.999
0 0.43441901408450706 0.8632629107981221 0.5086116113494346 0.9959722635500011
0 0.13160211267605634 0.8456572769953051 0.2006463018870264 0.9918746142740638
0 0.051056338028169015 0.8755868544600939 0.12409724633009324 0.9959650311886971
