0 0.8595950704225352 0.9471830985915493 0.08890845070422536 0.23943661971830985
0 0.43882042253521125 0.6314553990610329 0.08362676056338028 0.20774647887323944
0 0.35255281690140844 0.9325117370892019 0.05193661971830986 0.24882629107981222
0 0.5779049295774648 0.3086854460093897 0.0721830985915493 0.1983568075117371
0 0.8840228873239436 0.3315727699530516 0.09991197183098592 0.12793427230046947
0 0.051056338028169015 0.35563380281690143 0.05457746478873239 0.17488262910798122
0 0.828125 0.6473004694835681 0.07966549295774648 0.26173708920187794
0 0.24691901408450703 0.6323356807511737 0.0528169014084507 0.22124413145539906
0 0.5220070422535211 0.653462441314554 0.04225352112676056 0.2106807511737089
0 0.7053257042253521 0.6370305164319249 0.050616197183098594 0.2634976525821596
0 0.6421654929577465 0.6458333333333334 0.056338028169014086 0.232981220657277
0 0.18661971830985916 0.6282276995305164 0.04753521126760563 0.22007042253521128
0 0.7612235915492958 0.636150234741784 0.053257042253521125 0.2676056338028169
0 0.31932218309859156 0.6229460093896714 0.06734154929577464 0.20833333333333334
0 0.47403169014084506 0.6522887323943662 0.04401408450704225 0.19190140845070422
0 0.11069542253521127 0.35357981220657275 0.06998239436619719 0.15786384976525822
0 0.4960387323943662 0.3368544600938967 0.0818661971830986 0.2312206572769953
0 0.048195422535211266 0.6170774647887324 0.05677816901408451 0.198943661971831
0 0.3069982394366197 0.323943661971831 0.08670774647887323 0.16314553990610328
0 0.5693221830985915 0.6434859154929577 0.050616197183098594 0.2142018779342723
0 0.1382042253521127 0.6088615023474179 0.051056338028169015 0.1954225352112676
0 0.1795774647887324 0.06426056338028169 0.06426056338028169 0.1238262910798122
0 0.3866637323943662 0.6117957746478874 0.04533450704225352 0.19307511737089203
0 0.7548415492957746 0.3301056338028169 0.08098591549295775 0.15551643192488263
0 0.17715669014084506 0.3538732394366197 0.0409330985915493 0.16666666666666666
0 0.9936179577464789 0.653462441314554 0.08758802816901408 0.2529342723004695
0 0.9088908450704225 0.6563967136150235 0.06866197183098592 0.2494131455399061
0 1.072843309859155 0.6696009389671361 0.06558098591549295 0.2323943661971831
0 0.8664172535211268 0.06807511737089202 0.08846830985915492 0.1068075117370892
0 0.9984595070422535 0.3221830985915493 0.10783450704225352 0.13262910798122066
0 0.4744718309859155 0.9621478873239436 0.040492957746478875 0.20598591549295775
0 0.5191461267605634 0.9474765258215962 0.042693661971830985 0.22711267605633803
0 0.4319982394366197 0.9559859154929577 0.0409330985915493 0.21948356807511737
0 0.18397887323943662 0.9322183098591549 0.056338028169014086 0.2130281690140845
0 0.9606073943661971 0.9281103286384976 0.061179577464788734 0.19190140845070422
0 0.0878080985915493 0.9052230046948356 0.04709507042253521 0.18603286384976525
0 0.5605193661971831 0.9618544600938967 0.04533450704225352 0.22769953051643194
0 0.28235035211267606 0.9507042253521126 0.05501760563380282 0.21244131455399062
0 0.03609154929577465 0.931631455399061 0.06073943661971831 0.21185446009389672
0 0.3956866197183099 0.920481220657277 0.03345070422535211 0.1965962441314554
0 0.22997359154929578 0.9143192488262911 0.0488556338028169 0.215962441314554
0 0.6227992957746479 0.9668427230046949 0.06073943661971831 0.2106807511737089
0 0.757262323943662 0.7429577464788732 0.05149647887323944 0.07276995305164319
0 1.0429137323943662 0.966255868544601 0.07526408450704225 0.2153755868544601
0 0.7607834507042254 0.9245892018779343 0.06205985915492958 0.17781690140845072
0 1.109375 0.9592136150234741 0.050616197183098594 0.2153755868544601
0 0.030369718309859156 0.06866197183098592 0.05193661971830986 0.12910798122065728
0 0.0977112676056338 0.07130281690140845 0.07482394366197183 0.1414319248826291
0 0.24141725352112675 0.06602112676056338 0.03389084507042254 0.13086854460093897
0 0.2920334507042254 0.06514084507042253 0.05413732394366197 0.1255868544600939
0 0.3514524647887324 0.0636737089201878 0.05941901408450704 0.12617370892018778
0 0.4194542253521127 0.06455399061032864 0.06338028169014084 0.12441314553990611
0 0.49141725352112675 0.06103286384976526 0.06470070422535211 0.12089201877934272
0 0.5580985915492958 0.05927230046948357 0.06073943661971831 0.11737089201877934
0 0.6665933098591549 0.06631455399061033 0.09463028169014084 0.11737089201877934
0 0.7684859154929577 0.06543427230046948 0.0880281690140845 0.11208920187793427
0 0.9786531690140845 0.06690140845070422 0.07350352112676056 0.10211267605633803
0 0.011663732394366197 0.3573943661971831 0.02244718309859155 0.14553990610328638
0 0.22843309859154928 0.3673708920187793 0.04929577464788732 0.1572769953051643
0 0.40184859154929575 0.35181924882629106 0.0880281690140845 0.1742957746478873
0 0.65625 0.3301056338028169 0.06866197183098592 0.15199530516431925
0 1.1029929577464788 0.3438967136150235 0.07394366197183098 0.12441314553990611
0 0.13512323943661972 0.9325117370892019 0.04137323943661972 0.21009389671361503
0 0.6758362676056338 0.9008215962441315 0.047975352112676055 0.15023474178403756
