0 0.3648767605633803 0.18838028169014084 0.5130436281863717 0.38721339185346826
0 0.2676056338028169 0.6126760563380281 0.3999702439992065 0.831213218276797
0 0.11355633802816902 0.6349765258215962 0.25567185020333266 0.8147682062641891
0 0.5277288732394366 0.67018779342723 0.6516163165170601 0.8311794672573785
0 0.24031690140845072 0.49589201877934275 0.39822169150466175 0.6024085140734863
0 0.5338908450704225 0.5129107981220657 0.6472121959308669 0.6511074467147171
0 0.5290492957746479 0.057511737089201875 0.658217848021226 0.2229709438162622
0 0.08714788732394366 0.511150234741784 0.2389581215284666 0.6094418132425224
0 0.6584507042253521 0.046948356807511735 0.7752383579646895 0.207132072560559
0 0.6571302816901409 0.49413145539906106 0.7479502067422139 0.6610949932773479
0 0.08362676056338028 0.1607981220657277 0.2371991079398929 0.3414549306795389
0 0.44630281690140844 0.5070422535211268 0.5213704653094624 0.5865569000859617
0 0.676056338028169 0.6971830985915493 0.7373784963300932 0.8229476625008266
0 0.5299295774647887 0.22652582159624413 0.6595378831085102 0.3889515693535233
0 0.664612676056338 0.22241784037558684 0.7545490261108907 0.38719341676034297
0 0.4295774647887324 0.6220657276995305 0.5174165592144416 0.8188837642443079
0 0.0013204225352112676 0.6279342723004695 0.09639026389853204 0.8112512122815138
0 0.764524647887324 0.6913145539906104 0.8346106845739932 0.776589604134982
0 0.9507042253521126 0.6866197183098591 0.999 0.8188458804470012
0 0.9493838028169014 0.22359154929577466 0.999 0.3883664368842161
0 0.8516725352112676 0.6778169014084507 0.9322835948348541 0.8135693562785161
0 0.9463028169014085 0.5316901408450704 0.999 0.6557912616544337
0 0.8257042253521126 0.041666666666666664 0.9336154470839119 0.2176985524256651
0 0.8485915492957746 0.5164319248826291 0.9283236832969649 0.6475842535652097
0 0.945862676056338 0.09389671361502347 0.999 0.20417024840750292
0 0.8415492957746479 0.23943661971830985 0.9234852335846062 0.3789674667724658
0 0.999 0.6960093896713615 0.999 0.81825351561639
0 0.34507042253521125 0.999 0.5715910781590955 0.999
0 0.22095070422535212 0.8908450704225352 0.3269273984576473 0.999
0 0.43441901408450706 0.903169014084507 0.5627489352930966 0.999
0 0.605193661971831 0.9049295774647887 0.7079202492684984 0.9924266845202672
0 0.0017605633802816902 0.903755868544601 0.13204147862527277 0.999
0 0.590669014084507 0.999 0.7035252337085895 0.999
0 0.1483274647887324 0.9055164319248826 0.21164246150317398 0.999
0 0.9977992957746479 0.999 0.999 0.999
0 0.8402288732394366 0.999 0.9710210260241023 0.999
0 0.8565140845070423 0.8914319248826291 0.932721604716326 0.9466599577905618
0 0.9414612676056338 0.8984741784037559 0.999 0.9443084071722982
0 0.00044014084507042255 0.05575117370892019 0.09639065134645904 0.16252596762106283
0 0.0017605633802816902 0.17136150234741784 0.08494640820273755 0.4007210319821905
0 0.1742957746478873 0.11795774647887323 0.29437751066256695 0.1695317149375124
0 0.0897887323943662 0.3421361502347418 0.23235484650862923 0.4023813754986885
0 0.3089788732394366 0.22476525821596244 0.36826189310156715 0.39071316592827704
0 0.3798415492957746 0.002347417840375587 0.5015933795997818 0.1883789040975115
0 0.999 0.03169014084507042 0.999 0.136718491701382
0 0.999 0.15434272300469484 0.999 0.38488594910621793
0 0.25440140845070425 0.18016431924882628 0.28553943599980164 0.3907393401882343
0 0.005721830985915493 0.5046948356807511 0.07702212947579845 0.5971216579602813
0 0.999 0.5269953051643192 0.999 0.6757470684828848
0 0.9691901408450704 0.999 0.999 0.999
0 0.8459507042253521 0.999 0.9696980850773657 0.999
0 0.8485915492957746 0.9636150234741784 0.9375666410434438 0.999
0 0.9507042253521126 0.9724178403755869 0.999 0.999
0 0.999 0.9154929577464789 0.999 0.999
0 0.2011443661971831 0.999 0.3370593554726245 0.999
0 0.08494718309859155 0.999 0.19494500564124184 0.999
0 0.0008802816901408451 0.999 0.07086228860841103 0.999
0 0.3617957746478873 0.8926056338028169 0.42633723777524296 0.9941944802618529
