0 0.5875880281690141 0.107981220657277 0.7171709559735172 0.4747018889550133
0 0.32922535211267606 0.08568075117370892 0.44615791137671096 0.4870389197469638
0 0.4533450704225352 0.09917840375586855 0.560539900937314 0.4571014211245564
0 0.20026408450704225 0.07629107981220658 0.3234153767233684 0.48058903105644823
0 0.7143485915492958 0.12793427230046947 0.8025024874156914 0.47938501509841525
0 0.8076584507042254 0.1238262910798122 0.8720036714565563 0.46060808316251184
0 0.7139084507042254 0.7341549295774648 0.8355132445199366 0.9807898151821729
0 0.5079225352112676 0.7018779342723005 0.6137729214193612 0.9931327007427979
0 0.6139964788732394 0.693075117370892 0.7101170790145804 0.9808139230531862
0 0.8428697183098591 0.7476525821596244 0.930967046778913 0.9637631146818312
0 0.886443661971831 0.6895539906103286 0.9714408258530053 0.9667314823998765
