0 0.4507042253521127 0.6719483568075117 0.5728650069430669 0.8581737392272257
0 0.999 0.7940140845070423 0.999 0.9373274565231766
0 0.17913732394366197 0.3286384976525822 0.3309070698398135 0.5232813154356499
0 0.33098591549295775 0.3215962441314554 0.47168530549494153 0.5144826313121295
0 0.30633802816901406 0.6807511737089202 0.4276820695298552 0.8481920474332695
0 0.5893485915492958 0.6678403755868545 0.698244124739635 0.8687395302960171
0 0.037852112676056336 0.14730046948356806 0.19144460734477287 0.30918585653199326
0 0.04709507042253521 0.3268779342723005 0.1782363137894267 0.5062635692873989
0 0.22095070422535212 0.12852112676056338 0.35949782099285854 0.3162391307941546
0 0.7953345070422535 0.3908450704225352 0.9428717717838723 0.5437847153342591
0 0.14744718309859156 0.7288732394366197 0.2943893278243404 0.883961928850096
0 0.659330985915493 0.18309859154929578 0.7924034634745091 0.3555263505918138
0 0.49559859154929575 0.3826291079812207 0.6410670780847054 0.5385078467676166
0 0.6412852112676056 0.38380281690140844 0.7888902793964492 0.5508311016332739
0 0.8732394366197183 0.6132629107981221 0.9877318488395159 0.6844992588551655
0 0.7319542253521126 0.6514084507042254 0.8328644567670105 0.8218008166369107
0 0.4964788732394366 0.18720657276995306 0.6362251413410037 0.3508291041239613
0 0.6161971830985915 0.0011737089201877935 0.7955034343384249 0.05222935815204214
0 0.952024647887324 0.3931924882629108 0.999 0.5437833377416298
0 0.8683978873239436 0.19072769953051644 0.999 0.3766486339791488
0 0.999 0.6026995305164319 0.999 0.7467120307919505
0 0.5224471830985915 0.999 0.6502982186694108 0.999
0 0.8199823943661971 0.999 0.999 0.999
0 0.8617957746478874 0.7793427230046949 0.9934587166484825 0.919730432674293
0 0.6764964788732394 0.999 0.8170437955638762 0.999
0 0.018926056338028168 0.004107981220657277 0.21698110648928784 0.06924641550397849
0 0.2363556338028169 0.007629107981220657 0.39426216741469944 0.055746696532874875
0 0.4084507042253521 0.005868544600938967 0.6010526185280699 0.06278998324847362
0 0.8199823943661971 0.007629107981220657 0.999 0.04694387963146642
0 0.999 0.01232394366197183 0.999 0.041659434305362696
0 0.999 0.1607981220657277 0.999 0.3455629119001962
0 0.999 0.17136150234741784 0.999 0.3684440366770262
0 0.09639084507042253 0.6302816901408451 0.17161250402945846 0.7132451398532037
0 0.8692781690140845 0.7065727699530516 0.999 0.7718858141021402
0 0.4705105633802817 0.6255868544600939 0.592222486547808 0.6733417917520774
0 0.3345070422535211 0.6203051643192489 0.4523175585201349 0.6680632011946483
0 0.21038732394366197 0.6338028169014085 0.3022841605088276 0.6803792236990015
0 0.999 0.999 0.999 0.999
