0 0.7112676056338029 0.24530516431924881 0.8055848293989288 0.5110062763120192
0 0.8098591549295775 0.5821596244131455 0.890048477484626 0.8899165729903679
0 0.8160211267605634 0.24237089201877934 0.9182147794336442 0.5180502518239326
0 0.5250880281690141 0.596244131455399 0.6194871971707003 0.8834529083735589
0 0.6272007042253521 0.2353286384976526 0.7118718306759572 0.5086647132403183
0 0.3965669014084507 0.22300469483568075 0.48486066597649274 0.5192353258833123
0 0.429137323943662 0.5839201877934272 0.5152160487130529 0.8728967604531729
0 0.6558098591549296 0.5991784037558685 0.7316655766464987 0.8904934399038992
0 0.4951584507042254 0.22124413145539906 0.5715250182875422 0.5180626501575967
0 0.13380281690140844 0.2934272300469484 0.19624392481650466 0.5162597258039631
0 0.20774647887323944 0.24237089201877934 0.2763170129934537 0.5110079983028059
0 0.573943661971831 0.2335680751173709 0.618585412120611 0.5039709107540391
0 0.061179577464788734 0.2904929577464789 0.1302547625099187 0.5197825745553131
0 0.3538732394366197 0.607981220657277 0.4219393163558817 0.885793438250788
0 0.9933978873239436 0.5991784037558685 0.999 0.8734746605611762
0 0.00044014084507042255 0.29577464788732394 0.060299102050684394 0.5215400383521788
0 0.3591549295774648 0.23884976525821597 0.39816938603451696 0.5092495013114682
0 0.18265845070422534 0.5839201877934272 0.24155692849880975 0.7203146008287598
0 0.10827464788732394 0.5733568075117371 0.18437135798948623 0.7214945089157795
0 0.9005281690140845 0.590962441314554 0.9912409647143423 0.8846297168771629
0 0.9203345070422535 0.2623239436619718 0.999 0.5303624859485552
0 0.9982394366197183 0.22476525821596244 0.999 0.516300020388371
0 0.999 0.6009389671361502 0.999 0.8840370076483942
0 0.7345950704225352 0.5974178403755869 0.8016132944232295 0.8805179472767749
0 0.999 0.2576291079812207 0.999 0.5198018608521238
0 0.37367957746478875 0.9307511737089202 0.474747500185975 0.999
0 0.5677816901408451 0.9413145539906104 0.6326726312983535 0.999
0 0.6351232394366197 0.9465962441314554 0.7321148225178536 0.999
0 0.1443661971830986 0.999 0.2574188529061694 0.999
0 0.47579225352112675 0.937793427230047 0.5622905843954572 0.999
0 0.12367957746478873 0.7752347417840375 0.24510401427048203 0.9373384772642113
0 0.00044014084507042255 0.9911971830985915 0.13776389078307877 0.999
0 0.9586267605633803 0.9929577464788732 0.999 0.999
0 0.758362676056338 0.9700704225352113 0.8605817065686372 0.999
0 0.8732394366197183 0.9865023474178404 0.9454783277127554 0.999
0 0.999 0.999 0.999 0.999
0 0.32702464788732394 0.2300469483568075 0.3590109926725848 0.5110152306641098
0 0.0017605633802816902 0.5821596244131455 0.10035133778020233 0.7162076528025745
0 0.0044014084507042256 0.7769953051643192 0.11839595008430867 0.9461402609711477
