0 0.33340669014084506 0.5443075117370892 0.12720070422535212 0.14847417840375587
0 0.301056338028169 0.32423708920187794 0.09683098591549295 0.11443661971830986
0 0.6045334507042254 0.5425469483568075 0.1386443661971831 0.1414319248826291
0 0.8954665492957746 0.31279342723004694 0.13160211267605634 0.1396713615023474
0 0.6769366197183099 0.7778755868544601 0.06338028169014084 0.17077464788732394
0 0.7522007042253521 0.7764084507042254 0.06866197183098592 0.1643192488262911
0 0.8279049295774648 0.7813967136150235 0.06954225352112677 0.17781690140845072
0 0.4663292253521127 0.5419600938967136 0.11575704225352113 0.1426056338028169
0 0.6014524647887324 0.7746478873239436 0.06998239436619719 0.1807511737089202
0 0.7493397887323944 0.318075117370892 0.13336267605633803 0.13849765258215962
0 0.44784330985915494 0.7764084507042254 0.058538732394366196 0.1572769953051643
0 0.43441901408450706 0.32423708920187794 0.13996478873239437 0.12265258215962441
0 0.5928697183098591 0.3171948356807512 0.1382042253521127 0.14964788732394366
0 0.7447183098591549 0.545774647887324 0.11179577464788733 0.16901408450704225
0 0.11707746478873239 0.32981220657276994 0.07746478873239436 0.12441314553990611
0 0.06734154929577464 0.7479460093896714 0.06866197183098592 0.16255868544600938
0 0.027068661971830985 0.3400821596244131 0.047975352112676055 0.1073943661971831
0 0.109375 0.5413732394366197 0.04445422535211268 0.13204225352112675
0 0.02046654929577465 0.5557511737089202 0.037411971830985914 0.11619718309859155
0 0.06734154929577464 0.5575117370892019 0.043133802816901406 0.12206572769953052
0 1.023987676056338 0.7062793427230047 0.042693661971830985 0.13438967136150234
0 0.9121919014084507 0.7681924882629108 0.06734154929577464 0.17136150234741784
0 1.0691021126760563 0.403462441314554 0.04841549295774648 0.22946009389671362
0 0.8849031690140845 0.5443075117370892 0.13952464788732394 0.159037558685446
0 0.9749119718309859 0.7356220657276995 0.04225352112676056 0.09096244131455399
0 1.1027728873239437 0.9747652582159625 0.0682218309859155 0.2711267605633803
0 1.0143045774647887 0.39730046948356806 0.05149647887323944 0.22769953051643194
0 0.8116197183098591 0.9873826291079812 0.07130281690140845 0.1402582159624413
0 0.6650528169014085 0.9953051643192489 0.06954225352112677 0.1431924882629108
0 0.5891285211267606 0.9970657276995305 0.0761443661971831 0.15375586854460094
0 0.5143045774647887 0.9903169014084507 0.06029929577464789 0.1402582159624413
0 0.39502640845070425 0.9844483568075117 0.06382042253521127 0.1449530516431925
0 0.5248679577464789 0.7778755868544601 0.07526408450704225 0.17077464788732394
0 0.45686619718309857 0.9865023474178404 0.04841549295774648 0.14906103286384975
0 0.3710387323943662 0.7978286384976526 0.07834507042253522 0.10622065727699531
0 0.9022887323943662 0.9988262910798122 0.07394366197183098 0.1396713615023474
0 1.079225352112676 0.6828051643192489 0.04841549295774648 0.17077464788732394
0 1.1221390845070423 0.41784037558685444 0.037411971830985914 0.2546948356807512
0 0.2893926056338028 0.7919600938967136 0.06998239436619719 0.10856807511737089
0 1.1276408450704225 0.7021713615023474 0.02464788732394366 0.1813380281690141
0 0.2790492957746479 0.9732981220657277 0.04401408450704225 0.12617370892018778
0 0.02772887323943662 0.9668427230046949 0.05193661971830986 0.14847417840375587
0 0.08164612676056338 0.966255868544601 0.02948943661971831 0.11913145539906103
