0 0.7088468309859155 0.19747652582159625 0.04533450704225352 0.14612676056338028
0 0.7015845070422535 0.4072769953051643 0.04841549295774648 0.11384976525821597
0 0.765625 0.42576291079812206 0.04533450704225352 0.12265258215962441
0 0.503080985915493 0.6117957746478874 0.05457746478873239 0.10974178403755869
0 0.8279049295774648 0.42869718309859156 0.05457746478873239 0.11795774647887323
0 0.6956426056338029 0.6296948356807511 0.04005281690140845 0.09859154929577464
0 0.7559419014084507 0.6291079812206573 0.05149647887323944 0.09624413145539906
0 0.8133802816901409 0.8392018779342723 0.058098591549295774 0.10915492957746478
0 0.5675616197183099 0.6203051643192489 0.04709507042253521 0.09741784037558686
0 0.5748239436619719 0.1857394366197183 0.045774647887323945 0.1402582159624413
0 0.5706426056338029 0.4128521126760563 0.04445422535211268 0.11678403755868545
0 0.6305017605633803 0.6173708920187794 0.04445422535211268 0.09389671361502347
0 0.6415052816901409 0.4025821596244131 0.04181338028169014 0.11150234741784038
0 0.8499119718309859 0.20041079812206572 0.04753521126760563 0.14847417840375587
0 0.19058098591549297 0.289906103286385 0.08274647887323944 0.17136150234741784
0 0.2893926056338028 0.2963615023474178 0.09551056338028169 0.1572769953051643
0 0.06954225352112677 0.3230633802816901 0.06866197183098592 0.18720657276995306
0 0.12830105633802816 0.5812793427230047 0.09463028169014084 0.1742957746478873
0 0.3338468309859155 0.8515258215962441 0.0488556338028169 0.07746478873239436
0 0.24141725352112675 0.5980046948356808 0.1192781690140845 0.17018779342723006
0 0.976012323943662 0.647593896713615 0.09463028169014084 0.10035211267605634
0 0.4102112676056338 0.26291079812206575 0.08362676056338028 0.16901408450704225
0 0.5094630281690141 0.40874413145539906 0.03829225352112676 0.09565727699530517
0 0.26254401408450706 0.8506455399061033 0.05501760563380282 0.0733568075117371
0 0.9139524647887324 0.8245305164319249 0.11223591549295775 0.07746478873239436
0 0.4394806338028169 0.613849765258216 0.05677816901408451 0.1431924882629108
0 0.8140404929577465 0.6185446009389671 0.03829225352112676 0.07276995305164319
0 0.03807218309859155 0.5786384976525821 0.07526408450704225 0.1795774647887324
0 0.7805897887323944 0.20539906103286384 0.047975352112676055 0.1607981220657277
0 0.9174735915492958 0.4307511737089202 0.09022887323943662 0.11854460093896714
0 0.9227552816901409 0.19454225352112675 0.07526408450704225 0.10504694835680752
0 1.0191461267605635 0.44454225352112675 0.08846830985915492 0.125
0 1.0545774647887325 0.647887323943662 0.05193661971830986 0.1068075117370892
0 1.1054137323943662 0.4524647887323944 0.0664612676056338 0.13028169014084506
0 1.1111355633802817 0.6525821596244131 0.05149647887323944 0.107981220657277
0 0.8765404929577465 0.6167840375586855 0.04621478873239437 0.05046948356807512
0 0.4892165492957746 1.068368544600939 0.18265845070422534 0.13556338028169015
0 0.2814700704225352 1.04518779342723 0.17033450704225353 0.15258215962441316
0 0.38622359154929575 0.8532863849765259 0.042693661971830985 0.08215962441314555
0 0.7568221830985915 0.840962441314554 0.05677816901408451 0.1068075117370892
0 0.6969630281690141 0.8368544600938967 0.05501760563380282 0.09624413145539906
0 0.573943661971831 0.7998826291079812 0.040492957746478875 0.09154929577464789
0 0.6397447183098591 0.8318661971830986 0.047975352112676055 0.09448356807511737
0 0.5211267605633803 0.7981220657276995 0.043133802816901406 0.07629107981220658
0 0.453125 0.8615023474178404 0.0409330985915493 0.07981220657276995
0 0.903169014084507 1.0977112676056338 0.11003521126760564 0.052230046948356805
0 0.7799295774647887 1.0090962441314555 0.1056338028169014 0.04753521126760563
0 0.09463028169014084 1.016725352112676 0.1487676056338028 0.13438967136150234
0 0.20048415492957747 0.8336267605633803 0.050616197183098594 0.0721830985915493
0 0.7819102112676056 1.0956572769953052 0.1113556338028169 0.05516431924882629
0 0.9022887323943662 1.0240610328638498 0.11619718309859155 0.046948356807511735
0 1.0974911971830985 1.0528169014084507 0.07702464788732394 0.07629107981220658
0 1.1164172535211268 0.21390845070422534 0.0488556338028169 0.1437793427230047
0 0.5231073943661971 0.1517018779342723 0.04533450704225352 0.12265258215962441
