0 0.9652288732394366 0.3045774647887324 0.999 0.5837414451497719
0 0.3107394366197183 0.6085680751173709 0.38762731538881173 0.838844737045119
0 0.5264084507042254 0.937206572769953 0.6573387286748661 0.999
0 0.47975352112676056 0.2699530516431925 0.5636092634149971 0.5420950979743878
0 0.3873239436619718 0.27582159624413144 0.47122036798254313 0.5332888370914061
0 0.5717429577464789 0.2881455399061033 0.6577589159516961 0.5491266751526372
0 0.22227112676056338 0.2764084507042254 0.28379301446885535 0.5062931875289294
0 0.30149647887323944 0.28169014084507044 0.3849905385216227 0.5332853931098327
0 0.4441021126760563 0.6167840375586855 0.5284136874504066 0.8118446103065969
0 0.1386443661971831 0.6120892018779343 0.21560799103600475 0.80949994765148
0 0.2363556338028169 0.6161971830985915 0.31195582938653044 0.8112581002446604
0 0.1267605633802817 0.2869718309859155 0.2129723765125967 0.5051132794419098
0 0.5246478873239436 0.6396713615023474 0.6397338697679033 0.8646480801869117
0 0.6725352112676056 0.2699530516431925 0.7501441306288434 0.5714378209790827
0 0.9150528169014085 0.3022300469483568 0.9846324591474905 0.5508789729771429
0 0.7134683098591549 0.018779342723004695 0.7954606213424916 0.1918903877096696
0 0.797975352112676 0.02640845070422535 0.8733283559189645 0.19658074621437543
0 0.940580985915493 0.7018779342723005 0.9881423499181711 0.9033439683484318
0 0.41901408450704225 0.004107981220657277 0.4791289550684388 0.17722763616125548
0 0.8934859154929577 0.01584507042253521 0.9419482896498711 0.21536628810421213
0 0.3380281690140845 0.0005868544600938967 0.4056610791509621 0.16373204996803986
0 0.6685739436619719 0.6273474178403756 0.7483853107642332 0.7854299604355397
0 0.009242957746478873 0.5733568075117371 0.07702057968409047 0.8042409877890189
0 0.4951584507042254 0.004107981220657277 0.555679947865007 0.16666425587956532
0 0.17649647887323944 0.006455399061032864 0.24376034485965087 0.1525783712446825
0 0.6324823943661971 0.005868544600938967 0.6995455623264233 0.17840031188697128
0 0.10123239436619719 0.015258215962441314 0.16544840123487403 0.14846522405166523
0 0.5730633802816901 0.007629107981220657 0.6322301657657211 0.16607533503052743
0 0.8450704225352113 0.2734741784037559 0.913800585201349 0.5567643930877912
0 0.999 0.33215962441314556 0.999 0.5749224415349687
0 0.7566021126760564 0.2852112676056338 0.827131777239139 0.5614523408053957
0 0.999 0.6960093896713615 0.999 0.9009999944896294
0 0.8899647887323944 0.721830985915493 0.9379885718359452 0.8980505686702375
0 0.999 0.04988262910798122 0.999 0.2118251862505235
0 0.999 0.03169014084507042 0.999 0.22592036963565432
0 0.999 0.7153755868544601 0.999 0.9103783007119399
0 0.9537852112676056 0.01584507042253521 0.999 0.21184516134364875
0 0.7557218309859155 0.6408450704225352 0.7958821646870661 0.7601872974938835
0 0.3657570422535211 0.9677230046948356 0.4267756351046419 0.999
0 0.4326584507042254 0.926056338028169 0.5112532313157112 0.999
0 0.18529929577464788 0.9413145539906104 0.2750064703803809 0.999
0 0.2935739436619718 0.9595070422535211 0.3541841663980361 0.999
0 0.9859154929577465 0.7188967136150235 0.999 0.9015734174215874
0 0.8252640845070423 0.7030516431924883 0.8829994436247768 0.8898456269699574
0 0.9463028169014085 0.999 0.999 0.999
0 0.8235035211267606 0.9559859154929577 0.9230530354220392 0.999
0 0.9463028169014085 0.9647887323943662 0.999 0.999
0 0.8160211267605634 0.999 0.9362605540815315 0.999
0 0.2557218309859155 0.0017605633802816902 0.29742265764481257 0.15610225319050453
0 0.30633802816901406 0.017018779342723004 0.33481235121999603 0.15609329883841389
0 0.6879401408450704 0.9448356807511737 0.7937112939520928 0.999
0 0.3851232394366197 0.6115023474178404 0.4250065478699663 0.783678695805506
0 0.8199823943661971 0.999 0.9270158528193811 0.999
0 0.9480633802816901 0.999 0.999 0.999
0 0.9480633802816901 0.999 0.999 0.999
