0 0.269806338028169 0.994424882629108 0.19454225352112675 0.2834507042253521
0 0.23415492957746478 0.23327464788732394 0.21038732394366197 0.2857981220657277
0 0.8265845070422535 0.2934272300469484 0.2772887323943662 0.19718309859154928
0 0.5545774647887324 0.7021713615023474 0.21566901408450703 0.1637323943661972
0 0.805237676056338 0.7071596244131455 0.2442781690140845 0.15375586854460094
0 0.8149207746478874 0.5217136150234741 0.22755281690140844 0.14788732394366197
0 0.5090228873239436 0.2640845070422535 0.27596830985915494 0.24295774647887325
0 0.3206426056338028 0.6919014084507042 0.19762323943661972 0.15610328638497653
0 0.5869278169014085 0.5132042253521126 0.2125880281690141 0.13791079812206572
0 0.8336267605633803 0.09741784037558686 0.2711267605633803 0.18544600938967137
0 0.9896566901408451 0.7928403755868545 0.10079225352112677 0.25821596244131456
0 1.029269366197183 0.4213615023474178 0.09727112676056338 0.25821596244131456
0 1.088468309859155 0.8001760563380281 0.08714788732394366 0.26467136150234744
0 1.0195862676056338 0.08626760563380281 0.08230633802816902 0.17136150234741784
0 1.1100352112676057 0.4216549295774648 0.05721830985915493 0.26936619718309857
0 1.1179577464788732 0.09653755868544601 0.045774647887323945 0.1742957746478873
0 0.47975352112676056 1.0243544600938967 0.17869718309859156 0.2130281690140845
0 0.6835387323943662 1.02787558685446 0.19014084507042253 0.20833333333333334
0 0.972931338028169 1.067781690140845 0.10871478873239436 0.13556338028169015
0 1.0554577464788732 1.0689553990610328 0.05985915492957746 0.1414319248826291
0 0.8532130281690141 0.9973591549295775 0.08670774647887323 0.23650234741784038
0 0.5099031690140845 0.07717136150234742 0.28389084507042256 0.13673708920187794
