0 0.582306338028169 0.32511737089201875 0.6863634215061495 0.596053334876237
0 0.4441021126760563 0.6889671361502347 0.5535017156194207 0.999
0 0.27024647887323944 0.6901408450704225 0.3990887999652847 0.999
0 0.7099471830985915 0.6889671361502347 0.7884199176130728 0.9145017798496771
0 0.7051056338028169 0.3573943661971831 0.8091086682949812 0.5972081018977716
0 0.44278169014084506 0.30164319248826293 0.5636255362279309 0.6007619464832815
0 0.8446302816901409 0.3703051643192488 0.941529652164749 0.570792074434085
0 0.13952464788732394 0.6954225352112676 0.2574209838697679 0.9303430618924816
0 0.3371478873239437 0.3368544600938967 0.43162977645804407 0.5802013764905551
0 0.8125 0.7200704225352113 0.9080930897887324 0.9015727286252728
0 0.15933098591549297 0.994131455399061 0.25829254798155127 0.999
0 0.22579225352112675 0.29225352112676056 0.3009569576348939 0.5456031376049726
0 0.610475352112676 0.6825117370892019 0.7070376428907955 0.9338717654125063
0 0.15096830985915494 0.3039906103286385 0.2076800315537592 0.5579201933037978
0 0.9449823943661971 0.45305164319248825 0.999 0.7086543124159668
0 0.999 0.482981220657277 0.999 0.708049893649849
0 0.5492957746478874 0.999 0.6137547113667924 0.999
0 0.7253521126760564 0.999 0.8117406020630827 0.999
0 0.26672535211267606 0.999 0.3506748567992462 0.999
0 0.6223591549295775 0.999 0.6999901588226543 0.999
0 0.3543133802816901 0.999 0.4523088409417775 0.999
0 0.999 0.7869718309859155 0.999 0.9021203216954308
0 0.9678697183098591 0.7881455399061033 0.999 0.9138567221009941
0 0.999 0.7981220657276995 0.999 0.9138508673323193
0 0.8195422535211268 0.999 0.9006075958391192 0.999
0 0.999 0.9788732394366197 0.999 0.999
0 0.999 0.14964788732394366 0.999 0.3925178122726972
0 0.991637323943662 0.11913145539906103 0.999 0.2833807913994137
0 0.7746478873239436 0.0005868544600938967 0.9375991866693115 0.1872062283717957
0 0.653169014084507 0.004107981220657277 0.7730399784268994 0.18661730752275782
0 0.5316901408450704 0.07629107981220658 0.5715089391985717 0.07976743481231678
0 0.5044014084507042 0.004107981220657277 0.6335808092392382 0.15727458451806298
0 0.29577464788732394 0.002347417840375587 0.3748698174965285 0.18661834071722982
0 0.15713028169014084 0.002347417840375587 0.27501886871404485 0.18661834071722982
