0 0.18221830985915494 0.6402582159624414 0.29657472785657607 0.9702815386056559
0 0.6412852112676056 0.29401408450704225 0.7294712653119421 0.5902030433776367
0 0.5338908450704225 0.2828638497652582 0.635768533959036 0.60135982168441
0 0.4326584507042254 0.27699530516431925 0.5314997101889506 0.59784213890542
0 0.735475352112676 0.29694835680751175 0.8139368506372744 0.5937224481474134
0 0.12323943661971831 0.25821596244131456 0.2169351939099385 0.584355507064295
0 0.21963028169014084 0.26467136150234744 0.31988572610841104 0.591980826665785
0 0.6320422535211268 0.6813380281690141 0.7585246292898234 0.999
0 0.3265845070422535 0.2705399061032864 0.42503231315711165 0.5996064906654324
0 0.46346830985915494 0.6789906103286385 0.6243558678213649 0.9949066956512156
0 0.8204225352112676 0.30927230046948356 0.8988466450109105 0.5966494880865789
0 0.00044014084507042255 0.0005868544600938967 0.09418994712110693 0.19835646311357977
0 0.04137323943661972 0.6373239436619719 0.18440080403193812 0.9685226972161608
0 0.6971830985915493 0.0005868544600938967 0.7932670849037889 0.23239402179902577
0 0.6029929577464789 0.0005868544600938967 0.6947169925362031 0.22769918611827458
0 0.5057218309859155 0.0005868544600938967 0.6001295238419956 0.2247649138178051
0 0.40316901408450706 0.0005868544600938967 0.5051042389902797 0.21361467907602108
0 0.301056338028169 0.0017605633802816902 0.39731467590755803 0.20891915459895524
0 0.2051056338028169 0.0005868544600938967 0.30008578097103744 0.20598557109480042
0 0.12411971830985916 0.002347417840375587 0.20505100364511009 0.19835542991910776
0 0.9022887323943662 0.29870892018779344 0.9965218799593334 0.6148481755163216
0 0.9361795774647887 0.681924882629108 0.999 0.9960786825806167
0 0.8697183098591549 0.022887323943661973 0.915990440884745 0.23355464358923492
0 0.7918133802816901 0.00528169014084507 0.8698099412938901 0.23825981121470607
0 0.7548415492957746 0.7065727699530516 0.9252839605856974 0.999
0 0.2970950704225352 0.6889671361502347 0.4620171236485816 0.9931402775022592
0 0.015404929577464789 0.25997652582159625 0.11707068445000991 0.5825939104895413
