0 0.3283450704225352 0.16784037558685447 0.3902604115006943 0.40659164297207345
0 0.26452464788732394 0.17370892018779344 0.32118638879934536 0.40365392669003064
0 0.8296654929577465 0.482981220657277 0.8904799007513391 0.719786982851727
0 0.8943661971830986 0.46830985915492956 0.9635148036103948 0.7186218838854724
0 0.7403169014084507 0.4876760563380282 0.8249382408004364 0.7197842276664683
0 0.0897887323943662 0.15258215962441316 0.17513653664947432 0.40953486962463354
0 0.22315140845070422 0.465962441314554 0.30800037349980164 0.7186232614781017
0 0.3921654929577465 0.47476525821596244 0.4584541525119024 0.689275372501047
0 0.5365316901408451 0.4706572769953052 0.603637089925114 0.7027754358703079
0 0.6685739436619719 0.45715962441314556 0.7334205220318388 0.6845908687650157
0 0.17781690140845072 0.1637323943661972 0.2609252566455068 0.4036597814587053
0 0.46566901408450706 0.4835680751173709 0.5306048992015473 0.7074626947915978
0 0.3419894366197183 0.4665492957746479 0.39289525112824836 0.6564163443099914
0 0.49119718309859156 0.20481220657276994 0.5847309871553263 0.40363567358769203
0 0.005721830985915493 0.13321596244131456 0.09154677736312239 0.4083725258436377
0 0.7693661971830986 0.21009389671361503 0.8368092578357469 0.42534618902775023
0 0.8965669014084507 0.21009389671361503 0.9498694687933943 0.42534618902775023
0 0.8331866197183099 0.20129107981220656 0.8926790551849831 0.4218302282395468
0 0.9498239436619719 0.2282863849765258 0.999 0.42533551268487296
0 0.6602112676056338 0.198943661971831 0.7263819492660186 0.42183160583217616
0 0.17033450704225353 0.45129107981220656 0.2208757330514779 0.6722703690846173
0 0.6985035211267606 0.004107981220657277 0.7536538276755604 0.12558444367299257
0 0.5919894366197183 0.1965962441314554 0.6489471877479667 0.40950903976283365
0 0.8820422535211268 0.0011737089201877935 0.9357913546419362 0.12265189336330974
0 0.608274647887324 0.4630281690140845 0.6568625551725847 0.6552447017787476
0 0.4335387323943662 0.18955399061032863 0.48176340724806593 0.40833946362053386
0 0.9370598591549296 0.0005868544600938967 0.999 0.12558651006193655
0 0.47139084507042256 0.002347417840375587 0.5151974512125571 0.10563242522427208
0 0.5237676056338029 0.0005868544600938967 0.5798751022862527 0.11208885747977694
0 0.4128521126760563 0.0011737089201877935 0.4654873010067447 0.10093827833983557
0 0.7544014084507042 0.0029342723004694834 0.8068862669857171 0.11971658786836827
0 0.6430457746478874 0.0029342723004694834 0.696019786190736 0.12089029678855606
0 0.5818661971830986 0.002347417840375587 0.6392685448075779 0.1179563688862439
0 0.886443661971831 0.7711267605633803 0.9428316709234278 0.9126930007273689
0 0.8111795774647887 0.0029342723004694834 0.879044375185975 0.12851940476977672
0 0.34815140845070425 0.7687793427230047 0.417540426316703 0.9960277116533315
0 0.5761443661971831 0.767018779342723 0.6485140209655822 0.9948550359276157
0 0.7900528169014085 0.7711267605633803 0.867610011964392 0.999
0 0.4234154929577465 0.7717136150234741 0.4967326516316207 0.996025989662545
0 0.05897887323943662 0.761150234741784 0.13553742127058124 0.9578866489232736
0 0.27596830985915494 0.7623239436619719 0.34538909845516763 0.9919235188124049
0 0.13732394366197184 0.7681924882629108 0.21340786798254316 0.9561219527651039
0 0.7121478873239436 0.7705399061032864 0.7862182447679033 0.9854632981771694
0 0.21170774647887325 0.7681924882629108 0.2710335793369371 0.9561219527651039
0 0.4982394366197183 0.7752347417840375 0.5662419720789525 0.9590520922876854
0 0.6500880281690141 0.7723004694835681 0.6982173908326721 0.9531852696775331
0 0.00044014084507042255 0.784037558685446 0.04533431331829002 0.9960187573012409
0 0.06294014084507042 0.0005868544600938967 0.12277159324786749 0.09154895137649055
0 0.12191901408450705 0.002347417840375587 0.18084422578605436 0.09800331724305142
0 0.17737676056338028 0.0035211267605633804 0.2340768588201746 0.09917633736692455
0 0.23283450704225353 0.00528169014084507 0.2943517453754215 0.09800159525226478
0 0.9625880281690141 0.48532863849765256 0.999 0.7280015677004122
