0 0.522887323943662 0.40316901408450706 0.6186078841003769 0.6816882810950208
0 0.6197183098591549 0.4061032863849765 0.710114560603055 0.676991723423483
0 0.6993838028169014 0.3779342723004695 0.8007485106501686 0.670552855474002
0 0.43617957746478875 0.3949530516431925 0.5160932308197778 0.6494161073640592
0 0.1580105633802817 0.04929577464788732 0.23012411506893476 0.2769663757191034
0 0.363556338028169 0.0534037558685446 0.41489280090755803 0.2611188945094668
0 0.2438380281690141 0.046948356807511735 0.3057905642481651 0.2605358284291036
0 0.040492957746478875 0.05868544600938967 0.12894344500099186 0.2857636822499945
0 0.08230633802816902 0.4495305164319249 0.14080884404136085 0.6441023881945822
0 0.37544014084507044 0.42194835680751175 0.42192982388167033 0.6288603589455355
0 0.29401408450704225 0.42077464788732394 0.3656276346459036 0.6499878083052304
0 0.4665492957746479 0.022300469483568074 0.5235622582324935 0.2605502931517115
0 0.8199823943661971 0.4213615023474178 0.8970862753545923 0.6599639897286693
0 0.6773767605633803 0.013497652582159625 0.7505821405103154 0.26172916804425933
0 0.22095070422535212 0.41431924882629106 0.2776316238097599 0.6664235215675902
0 0.1483274647887324 0.43838028169014087 0.2103220389679627 0.6669962557032335
0 0.7869718309859155 0.02640845070422535 0.8482451708490378 0.26289530020498575
0 0.010123239436619719 0.7687793427230047 0.09242512181362825 0.999
0 0.5787852112676056 0.014084507042253521 0.6388297600302519 0.2764001851484494
0 0.015404929577464789 0.4454225352112676 0.07041575487254513 0.6423442356014019
0 0.9432218309859155 0.0005868544600938967 0.999 0.2758212518459741
0 0.5308098591549296 0.02112676056338028 0.5701889041112874 0.2763960523705614
0 0.9154929577464789 0.7505868544600939 0.964825927395358 0.999
0 0.8679577464788732 0.0005868544600938967 0.9406391031045427 0.27347383400559855
0 0.9014084507042254 0.3902582159624413 0.9569095913509224 0.6318132287465009
0 0.2051056338028169 0.7582159624413145 0.2895224006893473 0.999
0 0.29973591549295775 0.7482394366197183 0.39995610214987104 0.999
0 0.8556338028169014 0.7717136150234741 0.924359316107915 0.999
0 0.610475352112676 0.7734741784037559 0.6740270795105138 0.999
0 0.09419014084507042 0.7646713615023474 0.18261699377603652 0.999
0 0.6914612676056338 0.7711267605633803 0.7633400258505256 0.999
0 0.5004401408450704 0.7640845070422535 0.544233961205614 0.999
0 0.4432218309859155 0.7764084507042254 0.492322525602559 0.999
0 0.5761443661971831 0.767018779342723 0.6216654294162864 0.9484935335801978
0 0.5242077464788732 0.7775821596244131 0.575473500111585 0.9819380386387181
0 0.7662852112676056 0.7693661971830986 0.8222859660161674 0.9837034235932025
