0 0.4238556338028169 0.36795774647887325 0.5491092184710376 0.6993145787872777
0 0.23371478873239437 0.3779342723004695 0.38414009032186075 0.7081115409200114
0 0.8116197183098591 0.3931924882629108 0.916016012447927 0.6200744175538363
0 0.7174295774647887 0.3562206572769953 0.7958990186718905 0.627138368158875
0 0.1073943661971831 0.3597417840375587 0.23498794262051184 0.6353522642112456
0 0.5752640845070423 0.036384976525821594 0.6885672253149177 0.24880493839405762
0 0.7095070422535211 0.004107981220657277 0.8355151817595715 0.2605609694945888
0 0.4242957746478873 0.041666666666666664 0.5495491655921444 0.2611257824726134
0 0.6029929577464789 0.36032863849765256 0.7110022038038087 0.6406336099539334
0 0.71875 0.7312206572769953 0.8148244938380281 0.8915896592386873
0 0.6183978873239436 0.7476525821596244 0.7083545783946638 0.8915800160902819
0 0.11355633802816902 0.04929577464788732 0.18304861076671294 0.24527623487403294
0 0.19982394366197184 0.01584507042253521 0.25695430284169807 0.22769023176618397
0 0.335387323943662 0.7253521126760564 0.4509967485369966 0.9309123520465515
0 0.8512323943661971 0.03169014084507042 0.9490091406714939 0.2646527640018515
0 0.3023767605633803 0.020539906103286387 0.4122788834680619 0.18426024653397693
0 0.8380281690140845 0.7370892018779343 0.9212860791509621 0.8763279992946725
0 0.999 0.4923708920187793 0.999 0.6147345241244022
0 0.9823943661971831 0.48708920187793425 0.999 0.6106296424871608
0 0.999 0.6895539906103286 0.999 0.8100413415548061
0 0.999 0.5041079812206573 0.999 0.6112065094006921
0 0.5404929577464789 0.744131455399061 0.6075966140150764 0.9344224580660803
0 0.29577464788732394 0.999 0.357704324538782 0.999
0 0.5365316901408451 0.999 0.6115596251363816 0.999
0 0.17077464788732394 0.999 0.26532976467962704 0.999
0 0.3926056338028169 0.999 0.48442226864709387 0.999
0 0.6584507042253521 0.999 0.7356256819083515 0.999
0 0.999 0.8902582159624414 0.999 0.999
0 0.999 0.9019953051643192 0.999 0.999
0 0.852112676056338 0.999 0.907635513786947 0.999
0 0.954225352112676 0.903755868544601 0.9890166261654434 0.9918405188564879
0 0.1311619718309859 0.7282863849765259 0.2596253688504265 0.947342554938394
0 0.9788732394366197 0.16607981220657278 0.999 0.38605277006325905
0 0.9449823943661971 0.999 0.977577032396846 0.999
0 0.999 0.999 0.999 0.999
0 0.999 0.999 0.999 0.999
0 0.0044014084507042256 0.999 0.08758609092937908 0.999
