0 0.5730633802816901 0.24178403755868544 0.684166785484031 0.39891914082302893
0 0.7055457746478874 0.7359154929577465 0.7871014323174965 0.8686995801097666
0 0.8257042253521126 0.198943661971831 0.9393372780698274 0.4042259720293592
0 0.7064260563380281 0.465962441314554 0.8029461152921048 0.5760176276752849
0 0.23503521126760563 0.25410798122065725 0.3145972556288435 0.42062552348519916
0 0.33274647887323944 0.28169014084507044 0.4329521362328903 0.40711168418964494
0 0.7200704225352113 0.18427230046948356 0.7998591239337434 0.38604209372038173
0 0.8076584507042254 0.7406103286384976 0.9045740939917675 0.8669362615442262
0 0.3613556338028169 0.4524647887323944 0.4567071498090657 0.5701570042319646
0 0.3816021126760563 0.7318075117370892 0.46946232301378693 0.8651808641363046
0 0.4630281690140845 0.24295774647887325 0.5534933854889903 0.41124239568868615
0 0.1073943661971831 0.318075117370892 0.19097385811346954 0.44406216248980585
0 0.9612676056338029 0.25 0.999 0.4206279342723005
0 0.999 0.6784037558685446 0.999 0.8751887301902179
0 0.9308978873239436 0.4694835680751174 0.999 0.5836446692675615
0 0.7570422535211268 0.306924882629108 0.8002829919658798 0.38890438680596884
0 0.4951584507042254 0.9407276995305164 0.5724052999776831 0.9912319673124821
0 0.3926056338028169 0.9360328638497653 0.4654962123090657 0.999
0 0.5946302816901409 0.7294600938967136 0.6832770113196787 0.8376000821045207
0 0.2733274647887324 0.738849765258216 0.3546332185454275 0.8434631163349423
0 0.491637323943662 0.9982394366197183 0.5724068497693909 0.999
0 0.1694542253521127 0.7365023474178404 0.25124583880926404 0.8540278742092619
0 0.999 0.9911971830985915 0.999 0.999
0 0.8996478873239436 0.9460093896713615 0.9952026197679031 0.999
0 0.7046654929577465 0.9424882629107981 0.7778588620189447 0.999
0 0.23327464788732394 0.4565727699530516 0.35377056573596505 0.5836522460270229
0 0.12015845070422536 0.4765258215962441 0.22177809927345762 0.5683823205272323
0 0.8116197183098591 0.4583333333333333 0.9155758716028566 0.5871723395931142
0 0.999 0.25997652582159625 0.999 0.43588029546606716
0 0.9172535211267606 0.7429577464788732 0.999 0.8804325365337565
0 0.4823943661971831 0.6490610328638498 0.575051763043047 0.816520504088695
0 0.2130281690140845 0.00528169014084507 0.2833569418270184 0.07217999900813331
0 0.34375 0.00528169014084507 0.42942616637323944 0.0557480741255042
0 0.4581866197183099 0.01056338028169014 0.5248863615230113 0.042247321959928585
0 0.8617957746478874 0.0035211267605633804 0.9358002659442571 0.06924675990213582
0 0.06866197183098592 0.0017605633802816902 0.15665991990676453 0.05927126727501157
0 0.999 0.4800469483568075 0.999 0.603591521743922
0 0.477112676056338 0.4278169014084507 0.5662512708292006 0.5584343797526945
0 0.2935739436619718 0.9407276995305164 0.3753109269614164 0.999
0 0.2007042253521127 0.926056338028169 0.28952433792898236 0.999
0 0.7627640845070423 0.9642018779342723 0.7624283608782979 0.9636360317617756
0 0.8028169014084507 0.9512910798122066 0.881688901011704 0.999
