0 0.7579225352112676 0.009976525821596244 0.8636628862080936 0.15081574147545682
0 0.002640845070422535 0.31161971830985913 0.06998123202241618 0.5937138381934801
0 0.8802816901408451 0.007629107981220657 0.9749646647490577 0.1543382458286495
0 0.7293133802816901 0.3039906103286385 0.8077775909417775 0.5984131510502767
0 0.6518485915492958 0.31396713615023475 0.7153821088945647 0.6054495498027287
0 0.33494718309859156 0.2793427230046948 0.4021413084581432 0.6089909960545747
0 0.198943661971831 0.29107981220657275 0.2864441269093434 0.5902047653684234
0 0.0761443661971831 0.3051643192488263 0.17646296462755406 0.626581476338469
0 0.19630281690140844 0.784037558685446 0.26575866953481453 0.999
0 0.32702464788732394 0.7306338028169014 0.39158141520779605 0.999
0 0.5066021126760564 0.33215962441314556 0.5547946293518151 0.5989834743988186
0 0.4454225352112676 0.3210093896713615 0.5072863457151359 0.6007505813440895
0 0.38116197183098594 0.004107981220657277 0.43777237589268 0.16138256573872026
0 0.4498239436619718 0.01056338028169014 0.5358935634050783 0.15198910599748727
0 0.08582746478873239 0.6965962441314554 0.19494461819331482 0.8974785233309088
0 0.0664612676056338 0.007042253521126761 0.1227700434561595 0.16607567942868476
0 0.13732394366197184 0.01056338028169014 0.19008040319381075 0.16255248627917743
0 0.2891725352112676 0.009976525821596244 0.36474948391936124 0.16255283067733475
0 0.608274647887324 0.3397887323943662 0.6476195974261059 0.5637677296171395
0 0.6584507042253521 0.01232394366197183 0.7461890621900417 0.15257492726310917
0 0.5470950704225352 0.008215962441314555 0.6529282151978774 0.15551161035067995
0 0.9216549295774648 0.2904929577464789 0.9943126518795874 0.6195478327712756
0 0.809419014084507 0.30809859154929575 0.8856472627578853 0.5937159045824241
0 0.875 0.7347417840375586 0.9776078345070423 0.999
0 0.610475352112676 0.7652582159624414 0.6612629950034715 0.999
0 0.6690140845070423 0.7623239436619719 0.721536525490974 0.999
0 0.26848591549295775 0.75 0.3295473213400119 0.999
0 0.5404929577464789 0.7517605633802817 0.5935121069728229 0.999
0 0.4537852112676056 0.7505868544600939 0.5116840734105337 0.999
0 0.7345950704225352 0.7476525821596244 0.7910499141415394 0.999
0 0.3921654929577465 0.7470657276995305 0.4443696454696489 0.999
0 0.9815140845070423 0.7394366197183099 0.999 0.962594227335846
0 0.4471830985915493 0.999 0.5856306412418171 0.999
0 0.0017605633802816902 0.6936619718309859 0.06690063355485022 0.9250624049461086
0 0.7962147887323944 0.755868544600939 0.8636460322232692 0.999
0 0.1993838028169014 0.005868544600938967 0.27235942614312636 0.16314209592452997
0 0.0030809859154929575 0.005868544600938967 0.05765709463648086 0.1866162743282858
0 0.29225352112676056 0.2734741784037559 0.3330579870065463 0.5943230785338006
0 0.6945422535211268 0.999 0.872493599360246 0.999
