0 0.5081426056338029 0.26965962441314556 0.16329225352112675 0.49002347417840375
0 0.8257042253521126 0.426056338028169 0.10211267605633803 0.19131455399061034
0 1.0435739436619718 0.9113849765258216 0.10827464788732394 0.2476525821596244
0 0.28741197183098594 0.30633802816901406 0.08890845070422536 0.3744131455399061
0 0.6360035211267606 0.29225352112676056 0.08274647887323944 0.3955399061032864
0 0.1643926056338028 0.29107981220657275 0.11047535211267606 0.43427230046948356
0 0.7134683098591549 0.3958333333333333 0.051056338028169015 0.22476525821596244
0 0.9647887323943662 0.3767605633802817 0.07042253521126761 0.2605633802816901
0 1.0633802816901408 0.3785211267605634 0.09066901408450705 0.2828638497652582
0 0.9126320422535211 0.8195422535211268 0.10255281690140845 0.3503521126760563
0 0.8307658450704225 0.874706572769953 0.06558098591549295 0.24002347417840375
0 0.0880281690140845 0.7617370892018779 0.0897887323943662 0.34507042253521125
0 0.20004401408450703 0.7919600938967136 0.06734154929577464 0.29518779342723006
0 0.051276408450704226 0.2585093896713615 0.10079225352112677 0.48884976525821594
0 0.43309859154929575 0.9360328638497653 0.0 0.0
0 0.7106073943661971 0.8471244131455399 0.1694542253521127 0.3362676056338028
0 0.02442781690140845 0.7901995305164319 0.042693661971830985 0.375
0 0.5481954225352113 0.9410211267605634 0.1113556338028169 0.13791079812206572
