0 0.2834507042253521 0.9565727699530516 0.4923928474013093 0.999
0 0.4537852112676056 0.046948356807511735 0.6802580170725054 0.20595836364037118
0 0.36047535211267606 0.551056338028169 0.5636617626091054 0.7884090044964622
0 0.5805457746478874 0.5545774647887324 0.7875965907682008 0.7942754827084573
0 0.6751760563380281 0.2300469483568075 0.9429246584259076 0.4094894090678657
0 0.12544014084507044 0.4865023474178404 0.3436947886704027 0.8078130854768675
0 0.39436619718309857 0.22124413145539906 0.6631186768498314 0.4112551384205074
0 0.17649647887323944 0.20774647887323944 0.39913006316951005 0.3883757356344641
0 0.7015845070422535 0.04636150234741784 0.9468743025937314 0.21945636062068816
0 0.9639084507042254 0.25821596244131456 0.999 0.5485573849985673
0 0.9471830985915493 0.6332159624413145 0.999 0.9262715868765016
0 0.999 0.6666666666666666 0.999 0.9115805946791862
0 0.999 0.28169014084507044 0.999 0.5491304635323679
0 0.8151408450704225 0.5199530516431925 0.9028102373041064 0.7749296050166413
0 0.999 0.011150234741784037 0.999 0.14553336253829707
0 0.6342429577464789 0.9894366197183099 0.9130130972897241 0.999
0 0.5092429577464789 0.9894366197183099 0.6177336078531046 0.999
0 0.15889084507042253 0.8773474178403756 0.2644547135365007 0.999
0 0.926056338028169 0.999 0.999 0.999
