0 0.320862676056338 0.5985915492957746 0.47961229635736957 0.999
0 0.46170774647887325 0.09389671361502347 0.6146735441256695 0.471189027750226
0 0.2970950704225352 0.09154929577464789 0.44925303914153936 0.47881951332407596
0 0.7922535211267606 0.1402582159624413 0.9120632686966871 0.5046125245211488
0 0.6285211267605634 0.061619718309859156 0.7774522354195597 0.48059764101038155
0 0.005721830985915493 0.13145539906103287 0.15712776327861536 0.48173036654984686
0 0.16153169014084506 0.12441314553990611 0.2648936920377901 0.4887767528488615
0 0.17649647887323944 0.5598591549295775 0.30538006316951005 0.9673944488527408
0 0.4779929577464789 0.5803990610328639 0.6027825735221186 0.9662086859970463
0 0.08318661971830986 0.5880281690140845 0.17778028757934933 0.9210164153937711
0 0.016285211267605633 0.5915492957746479 0.07173578995982939 0.926882893605766
0 0.9273767605633803 0.13028169014084506 0.999 0.5104869238907624
0 0.999 0.13321596244131456 0.999 0.4840767511957504
0 0.7750880281690141 0.6068075117370892 0.8913842042129538 0.9926016387841918
0 0.999 0.6050469483568075 0.999 0.9673679301946263
0 0.625 0.619131455399061 0.7470840669014085 0.9878995707421366
0 0.1056338028169014 0.999 0.18657322455861933 0.999
0 0.9084507042253521 0.6120892018779343 0.999 0.9861431401397429
