0 0.4069102112676056 0.4879694835680751 0.34110915492957744 0.43720657276995306
0 0.811399647887324 0.6792840375586855 0.22755281690140844 0.16490610328638497
0 0.746919014084507 0.9084507042253521 0.2262323943661972 0.13849765258215962
0 0.18970070422535212 1.0812793427230047 0.17869718309859156 0.11913145539906103
0 0.417693661971831 0.056338028169014086 0.2227112676056338 0.09507042253521127
0 0.7273327464788732 0.045774647887323945 0.22139084507042253 0.0903755868544601
0 0.991637323943662 0.051643192488262914 0.261443661971831 0.10211267605633803
0 0.9841549295774648 0.7517605633802817 0.0 0.0
0 1.044674295774648 1.039906103286385 0.09991197183098592 0.19131455399061034
0 0.19674295774647887 0.6693075117370892 0.06602112676056338 0.09800469483568075
0 0.13204225352112675 0.6942488262910798 0.06073943661971831 0.11032863849765258
