0 0.644806338028169 0.9354460093896714 0.7343112648160087 0.999
0 0.0801056338028169 0.6660798122065728 0.16985910843582622 0.8886936151336816
0 0.7693661971830986 0.6291079812206573 0.864978271920254 0.8529171901518658
0 0.1813380281690141 0.6813380281690141 0.2569624392481651 0.8839898251008398
0 0.5752640845070423 0.6414319248826291 0.6832855351740725 0.8699287371332848
0 0.49119718309859156 0.6543427230046949 0.5803295787046221 0.8681605969935419
0 0.7178697183098591 0.642018779342723 0.7650889657929975 0.8546701767726861
0 0.00044014084507042255 0.6062206572769953 0.06338008796617735 0.8670151287222553
0 0.4238556338028169 0.659037558685446 0.4804472466400516 0.8212094850007714
0 0.8741197183098591 0.6185446009389671 0.9388758275887721 0.8370783188961626
0 0.9436619718309859 0.6384976525821596 0.999 0.8276769379973109
0 0.999 0.6625586854460094 0.999 0.8276628176728604
0 0.999 0.6455399061032864 0.999 0.8253253873790474
0 0.5585387323943662 0.9289906103286385 0.6454407840086293 0.999
0 0.16549295774647887 0.9677230046948356 0.2697334978178933 0.999
0 0.058098591549295774 0.9694835680751174 0.1469814706903392 0.999
0 0.3617957746478873 0.8855633802816901 0.4923583645358064 0.999
0 0.2764084507042254 0.9360328638497653 0.3335051019143027 0.999
0 0.940580985915493 0.8896713615023474 0.999 0.999
0 0.999 0.8908450704225352 0.999 0.999
0 0.999 0.8890845070422535 0.999 0.999
0 0.999 0.37265258215962443 0.999 0.5097578329916904
0 0.75 0.9107981220657277 0.7976452464788732 0.999
0 0.8129401408450704 0.9172535211267606 0.8627583890225153 0.999
0 0.8657570422535211 0.9278169014084507 0.9217140153863321 0.999
0 0.0008802816901408451 0.6073943661971831 0.0642601759323547 0.8681881488461284
