0 0.33934859154929575 0.4078638497652582 0.06690140845070422 0.15375586854460094
0 0.6377640845070423 0.40316901408450706 0.06954225352112677 0.13615023474178403
0 0.7165492957746479 0.40874413145539906 0.07482394366197183 0.14730046948356806
0 0.7920334507042254 0.40316901408450706 0.06910211267605634 0.14906103286384975
0 0.40360915492957744 0.6220657276995305 0.056338028169014086 0.07863849765258216
0 0.6404049295774648 0.1522887323943662 0.06954225352112677 0.15199530516431925
0 0.2557218309859155 0.4096244131455399 0.051056338028169015 0.14553990610328638
0 0.7407570422535211 0.6399647887323944 0.06073943661971831 0.12969483568075119
0 0.1586707746478873 0.153462441314554 0.07526408450704225 0.1613849765258216
0 0.5994718309859155 0.6390845070422535 0.06866197183098592 0.11737089201877934
0 0.38754401408450706 0.14407276995305165 0.06998239436619719 0.159037558685446
0 0.48811619718309857 0.3908450704225352 0.05369718309859155 0.09507042253521127
0 0.4766725352112676 0.1789906103286385 0.07834507042253522 0.09507042253521127
0 0.29599471830985913 0.8474178403755869 0.058538732394366196 0.0892018779342723
0 0.965669014084507 0.7053990610328639 0.05721830985915493 0.10328638497652583
0 0.7273327464788732 0.1402582159624413 0.0743838028169014 0.1619718309859155
0 0.25088028169014087 0.1487676056338028 0.06778169014084508 0.1449530516431925
0 0.5618397887323944 0.4011150234741784 0.0682218309859155 0.1449530516431925
0 0.8149207746478874 0.1511150234741784 0.06205985915492958 0.17312206572769953
0 0.4762323943661972 0.6214788732394366 0.04841549295774648 0.0892018779342723
0 0.07064260563380281 0.16901408450704225 0.07262323943661972 0.1431924882629108
0 0.6564700704225352 0.8477112676056338 0.04181338028169014 0.0897887323943662
0 0.671875 0.6426056338028169 0.061179577464788734 0.12441314553990611
0 0.10695422535211267 0.420481220657277 0.06426056338028169 0.1426056338028169
0 0.5600792253521126 0.17312206572769953 0.06998239436619719 0.0903755868544601
0 0.16835387323943662 0.8380281690140845 0.06382042253521127 0.10093896713615023
0 0.5831866197183099 0.8345070422535211 0.04137323943661972 0.07394366197183098
0 0.535431338028169 0.6129694835680751 0.042693661971830985 0.06866197183098592
0 1.028169014084507 0.2262323943661972 0.07130281690140845 0.12265258215962441
0 1.0330105633802817 0.716255868544601 0.05721830985915493 0.11326291079812206
0 0.909330985915493 0.4213615023474178 0.09859154929577464 0.14084507042253522
0 1.032350352112676 0.4709507042253521 0.09551056338028169 0.13908450704225353
0 0.8039172535211268 0.6214788732394366 0.058538732394366196 0.09741784037558686
0 1.113556338028169 0.20980046948356806 0.056338028169014086 0.1637323943661972
0 0.45686619718309857 0.8509389671361502 0.04841549295774648 0.08568075117370892
0 0.09419014084507042 0.8415492957746479 0.051056338028169015 0.10093896713615023
0 0.8683978873239436 0.8556338028169014 0.056338028169014086 0.107981220657277
0 0.2662852112676056 1.0372652582159625 0.12147887323943662 0.09565727699530517
0 0.7337147887323944 1.0718896713615023 0.14348591549295775 0.1238262910798122
0 0.43309859154929575 1.0404929577464788 0.15316901408450703 0.08215962441314555
0 0.0724031690140845 0.6282276995305164 0.042693661971830985 0.11561032863849766
0 0.8536531690140845 1.0651408450704225 0.07174295774647887 0.11032863849765258
0 0.7172095070422535 0.823943661971831 0.053257042253521125 0.04812206572769953
0 0.03961267605633803 0.4154929577464789 0.07746478873239436 0.1607981220657277
0 0.954225352112676 0.8911384976525821 0.06338028169014084 0.1073943661971831
0 1.0305897887323943 0.8955399061032864 0.047975352112676055 0.09507042253521127
0 1.1100352112676057 0.9017018779342723 0.061619718309859156 0.08626760563380281
0 1.0149647887323943 1.073356807511737 0.06338028169014084 0.08098591549295775
0 0.9315580985915493 1.0721830985915493 0.06734154929577464 0.06572769953051644
0 0.018045774647887324 0.17136150234741784 0.02992957746478873 0.16549295774647887
