0 0.9555457746478874 0.4818075117370892 0.999 0.7250693617888867
0 0.815580985915493 0.4865023474178404 0.916454409777326 0.6892684845379003
0 0.6597711267605634 0.47007042253521125 0.7963645373561794 0.7168602873107188
0 0.53125 0.45481220657276994 0.6542556117957746 0.7162823872027155
0 0.999 0.4800469483568075 0.999 0.7215492682227953
0 0.04357394366197183 0.13497652582159625 0.19496321569381075 0.5128315865458793
0 0.6232394366197183 0.17136150234741784 0.7536869544733188 0.3285379333906412
0 0.23371478873239437 0.14553990610328638 0.39426332975848044 0.5063699883180145
0 0.7623239436619719 0.1766431924882629 0.8843475686867684 0.334990232868258
0 0.26848591549295775 0.6443661971830986 0.40173041993156117 0.9579551841565828
0 0.9251760563380281 0.17136150234741784 0.999 0.3326459146112985
0 0.005721830985915493 0.999 0.10959255201100972 0.999
0 0.0008802816901408451 0.6426056338028169 0.08494679565066456 0.9491534004496462
0 0.136443661971831 0.6355633802816901 0.2697462835994842 0.9544392233683794
0 0.999 0.1766431924882629 0.999 0.34379304976966646
0 0.4044894366197183 0.4460093896713615 0.5310719676775442 0.6006772245365778
0 0.12632042253521128 0.999 0.24290214770134896 0.999
0 0.258362676056338 0.999 0.35375952347004563 0.999
0 0.4238556338028169 0.7963615023474179 0.5557113311470938 0.999
0 0.5704225352112676 0.7946009389671361 0.6828475252926006 0.999
0 0.6985035211267606 0.823943661971831 0.8430024192248562 0.999
0 0.9132922535211268 0.8151408450704225 0.999 0.999
0 0.999 0.8151408450704225 0.999 0.999
0 0.417693661971831 0.12147887323943662 0.6168936207473716 0.33032777061429613
