0 0.22579225352112675 0.11208920187793427 0.3159217463672882 0.3021642669003064
0 0.653169014084507 0.8280516431924883 0.7290258939198572 0.9572605330732438
0 0.25528169014084506 0.5815727699530516 0.3374756682701845 0.7197291239612952
0 0.8499119718309859 0.82981220657277 0.9318442288856379 0.9437618472966122
0 0.06470070422535211 0.5551643192488263 0.15270039581680223 0.6669277204699243
0 0.6465669014084507 0.15610328638497653 0.7514759828779012 0.30565956379906983
0 0.4471830985915493 0.5980046948356808 0.5372151482840707 0.7396725324560823
0 0.5404929577464789 0.14612676056338028 0.6388466140150764 0.3091865453283079
0 0.3362676056338028 0.32922535211267606 0.4228273470045626 0.48278801329101373
0 0.7733274647887324 0.14730046948356806 0.8689377960102163 0.30390416639114815
0 0.3226232394366197 0.13908450704225353 0.42107278906714934 0.29745358890431794
0 0.7636443661971831 0.6255868544600939 0.8482554382191033 0.7731070499680398
0 0.43661971830985913 0.3227699530516432 0.5248958539972227 0.48807349181158943
0 0.5444542253521126 0.33392018779342725 0.641045574724757 0.4868932393264123
0 0.4273767605633803 0.1402582159624413 0.5310618940314421 0.3039082991690361
0 0.3538732394366197 0.6038732394366197 0.42634072480658597 0.7144343466904715
0 0.7623239436619719 0.34624413145539906 0.8649813715036698 0.5121207487491459
0 0.11795774647887323 0.1443661971830986 0.20945512423130333 0.2833659822786484
0 0.1443661971830986 0.3257042253521127 0.21956674023011308 0.46283702803676524
0 0.2442781690140845 0.795774647887324 0.3401213564396945 0.9273498975071084
0 0.23547535211267606 0.3374413145539906 0.3172379069753025 0.4681118302144636
0 0.6540492957746479 0.3485915492957746 0.7536733937958738 0.49216631951332407
0 0.5519366197183099 0.6103286384976526 0.6348803095863915 0.7508155348365625
0 0.15713028169014084 0.590962441314554 0.23672661519291807 0.7208973225109656
0 0.8617957746478874 0.6302816901408451 0.9582474490428486 0.7871888018250347
0 0.8820422535211268 0.15258215962441316 0.9613195236560207 0.3303095175119575
0 0.999 0.5528169014084507 0.999 0.8048398961846194
0 0.4476232394366197 0.823943661971831 0.5178487573770085 0.9513943992594063
0 0.3595950704225352 0.8075117370892019 0.432060037380976 0.9349721175251824
0 0.5558978873239436 0.8392018779342723 0.6155123688876215 0.9531460082875972
0 0.7522007042253521 0.8526995305164319 0.8310949820844079 0.9689831575525139
0 0.08274647887323944 0.7963615023474179 0.16413611510612974 0.9355655155502656
0 0.11179577464788733 0.999 0.17512685045129936 0.999
0 0.8441901408450704 0.999 0.9120404092689942 0.999
0 0.007922535211267605 0.15610328638497653 0.09506693550386829 0.28511965769578346
0 0.022007042253521125 0.35093896713615025 0.12499031380182504 0.46282221891599995
0 0.8754401408450704 0.3591549295774648 0.9635231337408252 0.5080051907690273
0 0.00044014084507042255 0.607981220657277 0.03961248233237453 0.7214741894244969
0 0.17913732394366197 0.8485915492957746 0.25696340786798255 0.9302531739734179
0 0.0030809859154929575 0.8104460093896714 0.06337892562239635 0.9021065457691376
0 0.753080985915493 0.999 0.8214114960449316 0.999
0 0.6483274647887324 0.999 0.7294681657285261 0.999
0 0.5475352112676056 0.999 0.6326815426006744 0.999
0 0.45686619718309857 0.999 0.5424925764977188 0.999
0 0.3701584507042254 0.999 0.4479004584283872 0.999
0 0.289612676056338 0.999 0.3563866141390597 0.999
0 0.19674295774647887 0.9911971830985915 0.26839932088127355 0.999
0 0.011883802816901408 0.9894366197183099 0.09242434691777425 0.999
0 0.999 0.8685446009389671 0.999 0.9754292578632987
0 0.9933978873239436 0.897887323943662 0.999 0.999
0 0.653169014084507 0.6062206572769953 0.726825189694505 0.743775692102537
