0 0.8683978873239436 0.6167840375586855 0.11179577464788733 0.3204225352112676
0 0.7460387323943662 0.6446596244131455 0.10387323943661972 0.3268779342723005
0 0.18265845070422534 0.6197183098591549 0.0994718309859155 0.37089201877934275
0 0.07966549295774648 0.6185446009389671 0.09066901408450705 0.3438967136150235
0 0.2889524647887324 0.6100352112676056 0.0682218309859155 0.29284037558685444
0 0.15096830985915494 0.17077464788732394 0.12764084507042253 0.2699530516431925
0 0.6665933098591549 0.1681338028169014 0.12191901408450705 0.29988262910798125
0 0.8336267605633803 0.10768779342723005 0.08450704225352113 0.19307511737089203
0 0.2735475352112676 0.16607981220657278 0.09375 0.2699530516431925
0 0.7383362676056338 0.11473004694835681 0.06998239436619719 0.20715962441314553
0 0.04379401408450704 0.1880868544600939 0.08142605633802817 0.24706572769953053
0 0.9977992957746479 0.6150234741784038 0.12147887323943662 0.3403755868544601
0 0.9251760563380281 0.11150234741784038 0.09419014084507042 0.20774647887323944
0 1.112455985915493 0.24471830985915494 0.05941901408450704 0.18427230046948356
0 0.6819982394366197 1.0601525821596245 0.10519366197183098 0.1613849765258216
0 0.0880281690140845 1.0472417840375587 0.05545774647887324 0.159037558685446
0 0.1485475352112676 1.0463615023474178 0.06382042253521127 0.18896713615023475
0 0.2169894366197183 1.0463615023474178 0.045774647887323945 0.17136150234741784
0 0.2871919014084507 1.0522300469483568 0.06910211267605634 0.1772300469483568
0 0.8657570422535211 1.0645539906103287 0.051056338028169015 0.15258215962441316
0 0.02464788732394366 1.050762910798122 0.043133802816901406 0.17194835680751175
0 0.7871919014084507 1.062793427230047 0.09463028169014084 0.15610328638497653
0 1.0543573943661972 1.0557511737089202 0.09815140845070422 0.16314553990610328
0 0.9381602112676056 1.0636737089201878 0.07086267605633803 0.15316901408450703
