0 0.144806338028169 0.40199530516431925 0.2723834479146003 0.6805152609711477
0 0.999 0.5551643192488263 0.999 0.8200967345544314
0 0.27596830985915494 0.7723004694835681 0.3722376900044634 0.999
0 0.2984154929577465 0.4465962441314554 0.40303766923725454 0.6869444857722234
0 0.40492957746478875 0.21830985915492956 0.5161069852211863 0.34318174304040205
0 0.4278169014084507 0.5404929577464789 0.5623117003074787 0.8095419642266746
0 0.6985035211267606 0.5686619718309859 0.8394812924642928 0.8241967946174701
0 0.5889084507042254 0.5586854460093896 0.6929626283227535 0.8036627432828584
0 0.6619718309859155 0.2007042253521127 0.8042861039476294 0.44589160550155393
0 0.5352112676056338 0.1954225352112676 0.6450109105336242 0.43885245156384317
0 0.00044014084507042255 0.38967136150234744 0.09330966543096608 0.6816962022526394
0 0.8186619718309859 0.23708920187793428 0.9102910818785956 0.4388279992946726
0 0.9119718309859155 0.5586854460093896 0.999 0.8236157949260509
0 0.4850352112676056 0.9084507042253521 0.5385189105584209 0.999
0 0.5536971830985915 0.9014084507042254 0.6023091121553263 0.999
0 0.035651408450704226 0.7752347417840375 0.13642797033078755 0.999
0 0.4005281690140845 0.8990610328638498 0.4610913168270185 0.999
0 0.6835387323943662 0.903169014084507 0.7391357664029955 0.999
0 0.6192781690140845 0.9025821596244131 0.6705020782706804 0.999
0 0.999 0.8902582159624414 0.999 0.999
0 0.7544014084507042 0.8884976525821596 0.7976433092392382 0.999
0 0.6205985915492958 0.0005868544600938967 0.749726849211466 0.05927195607132624
0 0.7632042253521126 0.0035211267605633804 0.8843471812388415 0.057509670700257885
0 0.14392605633802816 0.7852112676056338 0.2556584832498512 0.999
0 0.03433098591549296 0.002347417840375587 0.21037221347450902 0.24236951442615
0 0.22579225352112675 0.005868544600938967 0.3916259717194009 0.2406068846569243
0 0.9559859154929577 0.20774647887323944 0.999 0.46290625206638897
0 0.999 0.2112676056338028 0.999 0.46290418567744496
