0 0.3886443661971831 0.20715962441314553 0.08362676056338028 0.19718309859154928
0 0.715669014084507 0.5190727699530516 0.07394366197183098 0.20246478873239437
0 0.8058978873239436 0.5237676056338029 0.07306338028169014 0.18251173708920188
0 0.30149647887323944 0.21214788732394366 0.07130281690140845 0.19072769953051644
0 0.27838908450704225 0.5 0.08670774647887323 0.20539906103286384
0 0.19982394366197184 0.505868544600939 0.06602112676056338 0.18192488262910797
0 0.4467429577464789 0.5017605633802817 0.07394366197183098 0.21244131455399062
0 0.8600352112676056 0.8139671361502347 0.07834507042253522 0.215962441314554
0 0.3644366197183099 0.5052816901408451 0.07482394366197183 0.20539906103286384
0 0.3714788732394366 0.823650234741784 0.07658450704225352 0.20715962441314553
0 0.8085387323943662 0.22946009389671362 0.06954225352112677 0.1772300469483568
0 0.4845950704225352 0.21566901408450703 0.07834507042253522 0.19072769953051644
0 0.2163292253521127 0.21508215962441316 0.08142605633802817 0.17546948356807512
0 0.488556338028169 0.7884389671361502 0.07658450704225352 0.1742957746478873
0 0.1289612676056338 0.2092136150234742 0.08274647887323944 0.19307511737089203
0 0.7706866197183099 0.7828638497652582 0.06514084507042253 0.1596244131455399
0 0.1331426056338028 0.4897300469483568 0.04533450704225352 0.14612676056338028
0 0.735475352112676 0.23151408450704225 0.06866197183098592 0.16607981220657278
0 0.6558098591549296 0.20892018779342722 0.05369718309859155 0.16549295774647887
0 0.5545774647887324 0.20422535211267606 0.04665492957746479 0.19014084507042253
0 0.02772887323943662 0.7866784037558685 0.05457746478873239 0.26467136150234744
0 0.514524647887324 0.5096830985915493 0.05193661971830986 0.2106807511737089
0 0.04709507042253521 0.21889671361502347 0.08538732394366197 0.18427230046948356
0 0.0761443661971831 0.766725352112676 0.040492957746478875 0.2142018779342723
0 0.9925176056338029 0.21801643192488263 0.08098591549295775 0.1977699530516432
0 0.8963468309859155 0.2136150234741784 0.08142605633802817 0.1960093896713615
0 0.8866637323943662 0.5299295774647887 0.06734154929577464 0.17370892018779344
0 1.0768045774647887 0.21625586854460094 0.07878521126760564 0.21654929577464788
0 0.9678697183098591 0.5296361502347418 0.0801056338028169 0.18485915492957747
0 1.0512764084507042 0.5322769953051644 0.06558098591549295 0.18309859154929578
0 0.9311179577464789 0.8145539906103286 0.050616197183098594 0.19248826291079812
0 1.001980633802817 0.8116197183098591 0.04709507042253521 0.17018779342723006
0 1.1161971830985915 0.8025234741784038 0.05545774647887324 0.17312206572769953
0 1.1139964788732395 0.533744131455399 0.04665492957746479 0.19307511737089203
0 0.1056338028169014 1.079518779342723 0.10387323943661972 0.10622065727699531
0 0.8276848591549296 1.0836267605633803 0.08582746478873239 0.10152582159624413
0 0.7356954225352113 1.0883215962441315 0.09110915492957747 0.10504694835680752
0 0.46963028169014087 1.0824530516431925 0.08450704225352113 0.11678403755868545
0 0.2013644366197183 1.0663145539906103 0.09022887323943662 0.1431924882629108
0 0.3670774647887324 1.0765845070422535 0.08274647887323944 0.11561032863849766
0 0.2860915492957746 1.0724765258215962 0.06073943661971831 0.13791079812206572
0 0.704225352112676 0.7661384976525821 0.0528169014084507 0.1637323943661972
0 0.12015845070422536 0.7532276995305164 0.04225352112676056 0.20715962441314553
0 0.6580105633802817 1.0836267605633803 0.05457746478873239 0.10152582159624413
0 0.9238556338028169 1.085680751173709 0.0880281690140845 0.11032863849765258
0 1.0127640845070423 1.0886150234741785 0.07570422535211267 0.10446009389671361
0 1.1003521126760563 1.0824530516431925 0.07746478873239436 0.11678403755868545
0 1.0514964788732395 0.795481220657277 0.04753521126760563 0.17781690140845072
0 0.025088028169014086 0.49735915492957744 0.04929577464788732 0.18603286384976525
0 0.08560739436619719 0.48738262910798125 0.04005281690140845 0.159037558685446
0 0.4317781690140845 0.795481220657277 0.03609154929577465 0.17781690140845072
0 0.02640845070422535 1.067781690140845 0.04665492957746479 0.14612676056338028
