0 0.030369718309859156 0.007629107981220657 0.165039449947927 0.3057466965328749
0 0.8085387323943662 0.004107981220657277 0.9402251149945446 0.2582135516542132
0 0.19454225352112675 0.4107981220657277 0.2882066275292601 0.5889607992241399
0 0.7037852112676056 0.002347417840375587 0.7862219255232097 0.28344932663272276
0 0.17649647887323944 0.005868544600938967 0.3423518941554255 0.3656068846569243
0 0.6029929577464789 0.409037558685446 0.687234598170006 0.5783984521369216
0 0.7117077464788732 0.38791079812206575 0.82098956525243 0.5924953575128391
0 0.8591549295774648 0.75 0.9115936818091649 0.8904049295774648
0 0.5118838028169014 0.42077464788732394 0.5851620229741122 0.6335558834226013
0 0.5004401408450704 0.7235915492957746 0.6102550879661773 0.8863124462738874
0 0.8327464788732394 0.4014084507042254 0.9256898122892284 0.5649052767308074
0 0.36399647887323944 0.040492957746478875 0.5161250015497917 0.3556100393440455
0 0.3600352112676056 0.7147887323943662 0.4756337873189843 0.8957072836077499
0 0.12367957746478873 0.6737089201877934 0.22309697201696094 0.9098158985210165
0 0.28829225352112675 0.43133802816901406 0.4065632516489784 0.624160012894267
0 0.6170774647887324 0.7323943661971831 0.7409255821017655 0.9080208953250016
0 0.5735035211267606 0.0005868544600938967 0.6969306762671097 0.3028165570102934
0 0.5981514084507042 0.6009389671361502 0.7026416587110692 0.6516426414512111
0 0.999 0.5645539906103286 0.999 0.6880489706627874
0 0.999 0.7752347417840375 0.999 0.8798267401750094
0 0.999 0.10446009389671361 0.999 0.25169926050827657
0 0.999 0.7799295774647887 0.999 0.8827582572902202
0 0.9498239436619719 0.7711267605633803 0.9912192676304304 0.8792422965020168
0 0.999 0.11443661971830986 0.999 0.2376088986973484
0 0.999 0.34683098591549294 0.999 0.48101711796601204
0 0.9661091549295775 0.5645539906103286 0.999 0.6768987359210032
0 0.24031690140845072 0.6995305164319249 0.35376746615254906 0.9180167074434086
0 0.14656690140845072 0.999 0.20151999696240824 0.999
0 0.5845070422535211 0.999 0.6348659740130926 0.999
0 0.804137323943662 0.999 0.8486777564595318 0.999
0 0.6588908450704225 0.999 0.7144987276210077 0.999
0 0.3182218309859155 0.999 0.36209585306734776 0.999
0 0.4449823943661972 0.999 0.4852794971855783 0.999
0 0.7306338028169014 0.999 0.7848896858262249 0.999
0 0.8525528169014085 0.999 0.9063148975277722 0.999
0 0.37940140845070425 0.999 0.4232485029012101 0.999
0 0.8279049295774648 0.7470657276995305 0.8627518024077564 0.8675193276245895
0 0.999 0.9730046948356808 0.999 0.999
0 0.9828345070422535 0.971830985915493 0.999 0.999
0 0.06073943661971831 0.3908450704225352 0.19055425200853005 0.6505922270713482
0 0.7279929577464789 0.8532863849765259 0.8509119749305694 0.9666353953139809
0 0.9286971830985915 0.9495305164319249 0.9696616649722278 0.999
0 0.999 0.5651408450704225 0.999 0.6557716309594658
0 0.24295774647887325 0.9911971830985915 0.3062310925411625 0.999
