0 0.9608274647887324 0.5193661971830986 0.11179577464788733 0.357981220657277
0 0.45774647887323944 0.5363849765258216 0.07130281690140845 0.3415492957746479
0 0.31117957746478875 0.5275821596244131 0.07042253521126761 0.38497652582159625
0 0.6276408450704225 0.5551643192488263 0.058098591549295774 0.284037558685446
0 0.7790492957746479 0.5466549295774648 0.06426056338028169 0.3045774647887324
0 0.7944542253521126 0.10622065727699531 0.07834507042253522 0.19248826291079812
0 0.7084066901408451 0.5539906103286385 0.06205985915492958 0.2852112676056338
0 0.319762323943662 0.11883802816901408 0.11223591549295775 0.23650234741784038
0 0.5550176056338029 0.551349765258216 0.0528169014084507 0.2975352112676056
0 0.3849031690140845 0.5334507042253521 0.06558098591549295 0.34976525821596244
0 0.17055457746478872 0.5595657276995305 0.06382042253521127 0.30809859154929575
0 0.18419894366197184 0.1164906103286385 0.08494718309859155 0.20950704225352113
0 0.45356514084507044 0.10328638497652583 0.06470070422535211 0.20539906103286384
0 0.6923415492957746 0.11942488262910798 0.08626760563380281 0.20363849765258216
0 0.2480193661971831 0.5434272300469484 0.06470070422535211 0.3368544600938967
0 0.5719630281690141 0.10768779342723005 0.04709507042253521 0.18720657276995306
0 0.5147447183098591 0.11032863849765258 0.04621478873239437 0.18896713615023475
0 0.04863556338028169 0.12940140845070422 0.09463028169014084 0.24002347417840375
0 0.4933978873239437 0.818075117370892 0.1443661971830986 0.04342723004694836
0 0.0662411971830986 0.4621478873239437 0.12367957746478873 0.2916666666666667
0 0.8483714788732394 0.5223004694835681 0.0664612676056338 0.3380281690140845
0 1.049955985915493 0.48708920187793425 0.07086267605633803 0.3380281690140845
0 0.9940580985915493 0.12177230046948356 0.09375 0.22359154929577466
0 0.8736795774647887 0.10181924882629108 0.058098591549295774 0.1813380281690141
0 0.48173415492957744 0.965669014084507 0.1544894366197183 0.052230046948356805
0 0.4936179577464789 0.857981220657277 0.14392605633802816 0.04929577464788732
0 0.3074383802816901 1.0126173708920188 0.16329225352112675 0.08157276995305164
0 0.32504401408450706 0.8670774647887324 0.11487676056338028 0.04988262910798122
0 0.48547535211267606 1.0193661971830985 0.1329225352112676 0.04342723004694836
0 0.7929137323943662 0.9512910798122066 0.17121478873239437 0.2112676056338028
0 0.6172975352112676 1.0146713615023475 0.0664612676056338 0.05046948356807512
0 0.6192781690140845 0.8679577464788732 0.05545774647887324 0.07863849765258216
0 0.32944542253521125 0.9413145539906104 0.1544894366197183 0.06572769953051644
0 1.025088028169014 0.8571009389671361 0.09242957746478873 0.1613849765258216
0 1.0726232394366197 0.12206572769953052 0.05193661971830986 0.215962441314554
