0 0.5600792253521126 0.3380281690140845 0.09903169014084508 0.15023474178403756
0 0.2662852112676056 0.5821596244131455 0.07482394366197183 0.12910798122065728
0 0.45356514084507044 0.3374413145539906 0.09022887323943662 0.17370892018779344
0 0.8433098591549296 1.0654342723004695 0.09330985915492958 0.1449530516431925
0 0.14590669014084506 0.3359741784037559 0.07790492957746478 0.11443661971830986
0 0.5602992957746479 0.7984154929577465 0.08538732394366197 0.13908450704225353
0 0.4595070422535211 0.6106220657276995 0.08362676056338028 0.10622065727699531
0 0.5543573943661971 0.6335093896713615 0.09198943661971831 0.13791079812206572
0 0.3417693661971831 0.32922535211267606 0.08934859154929578 0.13497652582159625
0 0.129181338028169 0.14700704225352113 0.09551056338028169 0.14964788732394366
0 0.660431338028169 0.6502347417840375 0.08582746478873239 0.15492957746478872
0 0.24075704225352113 0.14700704225352113 0.08274647887323944 0.159037558685446
0 0.24097711267605634 0.31690140845070425 0.08758802816901408 0.142018779342723
0 0.6879401408450704 0.12940140845070422 0.08626760563380281 0.16725352112676056
0 0.35255281690140844 0.5977112676056338 0.08626760563380281 0.09330985915492958
0 0.6696742957746479 0.33832159624413144 0.08318661971830986 0.17546948356807512
0 0.5536971830985915 0.12030516431924883 0.11355633802816902 0.14553990610328638
0 0.18904049295774647 0.7529342723004695 0.07086267605633803 0.12441314553990611
0 0.7757482394366197 0.6235328638497653 0.08494718309859155 0.18955399061032863
0 0.3701584507042254 0.7934272300469484 0.0818661971830986 0.11971830985915492
0 0.27838908450704225 0.7696596244131455 0.07350352112676056 0.12265258215962441
0 0.07856514084507042 0.5883215962441315 0.05941901408450704 0.11913145539906103
0 0.7984154929577465 0.15316901408450703 0.0897887323943662 0.2347417840375587
0 0.8745598591549296 0.12881455399061034 0.04665492957746479 0.20246478873239437
0 0.8525528169014085 0.6757629107981221 0.05985915492957746 0.14612676056338028
0 0.16637323943661972 0.5759976525821596 0.06690140845070422 0.10152582159624413
0 0.8785211267605634 0.34330985915492956 0.0625 0.1772300469483568
0 1.0688820422535212 0.7288732394366197 0.05413732394366197 0.25704225352112675
0 1.0994718309859155 0.2869718309859155 0.08274647887323944 0.38967136150234744
0 0.757262323943662 1.033744131455399 0.08670774647887323 0.1426056338028169
0 0.6577904929577465 0.8089788732394366 0.08142605633802817 0.11443661971830986
0 0.7585827464788732 0.8174882629107981 0.07966549295774648 0.1255868544600939
0 0.9663292253521126 1.0701291079812207 0.07526408450704225 0.1073943661971831
0 0.38974471830985913 0.9994131455399061 0.07350352112676056 0.107981220657277
0 0.46434859154929575 0.7893192488262911 0.08538732394366197 0.12793427230046947
0 0.29577464788732394 0.9741784037558685 0.07394366197183098 0.12441314553990611
0 0.5642605633802817 1.017605633802817 0.07658450704225352 0.12323943661971831
0 0.20598591549295775 0.9683098591549296 0.06954225352112677 0.12323943661971831
0 0.4742517605633803 1.005868544600939 0.06734154929577464 0.10915492957746478
0 0.6577904929577465 1.028462441314554 0.08142605633802817 0.12617370892018778
0 1.0464348591549295 1.0390258215962442 0.061179577464788734 0.18251173708920188
0 0.8567341549295775 0.823943661971831 0.0488556338028169 0.12441314553990611
0 0.030149647887323945 0.16784037558685447 0.05941901408450704 0.14084507042253522
0 0.33274647887323944 0.15375586854460094 0.0880281690140845 0.16901408450704225
0 0.4269366197183099 0.16285211267605634 0.07570422535211267 0.1742957746478873
0 0.7821302816901409 0.35827464788732394 0.09419014084507042 0.16255868544600938
0 0.1073943661971831 0.738849765258216 0.07570422535211267 0.09859154929577464
0 0.030809859154929578 0.778462441314554 0.05017605633802817 0.08039906103286384
0 0.042913732394366196 0.9389671361502347 0.0761443661971831 0.13615023474178403
0 0.13204225352112675 0.9222417840375586 0.07394366197183098 0.09683098591549295
0 0.05457746478873239 1.0883215962441315 0.09330985915492958 0.08392018779342723
0 0.04401408450704225 0.3345070422535211 0.0818661971830986 0.12910798122065728
0 0.15074823943661972 1.0956572769953052 0.07790492957746478 0.08098591549295775
