0 0.394806338028169 0.6120892018779343 0.46505510284417767 0.7197112152571139
0 0.5299295774647887 0.10915492957746478 0.5882350662071018 0.26284674006480196
0 0.1487676056338028 0.5751173708920188 0.19799790158202737 0.7009535696180211
0 0.4665492957746479 0.3755868544600939 0.524002399077564 0.49038991381780517
0 0.5378521126760564 0.3714788732394366 0.5979146777673081 0.49508716028565763
0 0.21742957746478872 0.5886150234741784 0.28335500458738344 0.6991850850801208
0 0.08362676056338028 0.568075117370892 0.13640685441876613 0.6974365756353458
0 0.301056338028169 0.5698356807511737 0.3929132674568538 0.7115200494831273
0 0.144806338028169 0.3392018779342723 0.20020034932305097 0.4675239425598977
0 0.4581866197183099 0.1073943661971831 0.5209250939173775 0.24876326621702044
0 0.06338028169014084 0.3444835680751174 0.11969041360841104 0.48395276785911084
0 0.06338028169014084 0.7746478873239436 0.10516576572108709 0.8763059578126033
0 0.40316901408450706 0.36678403755868544 0.45844930941281486 0.4886345164098834
0 0.8252640845070423 0.3937793427230047 0.892682542216326 0.5250036506204677
0 0.4647887323943662 0.625 0.5262038781987701 0.7103139671361502
0 0.08362676056338028 0.10387323943661972 0.11572023470045625 0.2575681495073729
0 0.03477112676056338 0.11326291079812206 0.0792100479195596 0.22587249829178513
0 0.11795774647887323 0.7775821596244131 0.16632132141440192 0.8751305269016288
0 0.12632042253521128 0.10622065727699531 0.1663176406590954 0.2487639550133351
0 0.018045774647887324 0.34917840375586856 0.06249205731749653 0.4774946136128193
0 0.6047535211267606 0.36619718309859156 0.6590648091896449 0.469855518085036
0 0.3125 0.7928403755868545 0.3955490757042254 0.8974220420331063
0 0.5950704225352113 0.11384976525821597 0.6568683668914898 0.26988623840067005
0 0.5374119718309859 0.6144366197183099 0.5860310686743702 0.71149387522317
0 0.6016725352112676 0.590962441314554 0.666988700468657 0.7220710314311535
0 0.9986795774647887 0.12323943661971831 0.999 0.2775098360113734
0 0.9097711267605634 0.3902582159624413 0.9762721077787145 0.5250057170094117
0 0.9216549295774648 0.11619718309859155 0.9929922293443761 0.2751665509488858
0 0.999 0.125 0.999 0.2663585680751174
0 0.999 0.37910798122065725 0.999 0.536749349776279
0 0.8345070422535211 0.12089201877934272 0.9085235444356279 0.27399008684343934
0 0.14392605633802816 0.988849765258216 0.19623946916534418 0.999
0 0.2055457746478873 0.9958920187793427 0.2635538971062289 0.999
0 0.46258802816901406 0.8080985915492958 0.5143210440016862 0.9120844491833632
0 0.8072183098591549 0.8339201877934272 0.8623207665889705 0.9537359623311071
0 0.04225352112676056 0.9853286384976526 0.09153069827415196 0.999
0 0.10431338028169014 0.999 0.14167943953332673 0.999
0 0.5867077464788732 0.8257042253521126 0.6515903575059512 0.9320271688818356
0 0.653169014084507 0.8186619718309859 0.7021773023705613 0.9361392828803808
0 0.4044894366197183 0.8080985915492958 0.45492760148036104 0.9114975947232693
0 0.5224471830985915 0.8374413145539906 0.58691793697927 0.9220437550970927
0 0.1795774647887324 0.7881455399061033 0.2169103972426106 0.880406017875642
0 0.013204225352112676 0.7658450704225352 0.047969540393771076 0.8751374148647755
0 0.8745598591549296 0.8303990610328639 0.9322735211887522 0.9402403761378915
0 0.3970070422535211 0.999 0.5455999088722475 0.999
0 0.8811619718309859 0.999 0.999 0.999
0 0.2918133802816901 0.9929577464788732 0.3990793074910732 0.999
0 0.999 0.8438967136150235 0.999 0.9595986521633714
0 0.23591549295774647 0.3421361502347418 0.3216391217020433 0.48336729099164627
0 0.5625 0.999 0.6929742517605634 0.999
0 0.999 0.999 0.999 0.999
0 0.7491197183098591 0.8274647887323944 0.796325211391589 0.9373078258282087
0 0.007042253521126761 0.5598591549295775 0.04709197083911922 0.6839437446273887
0 0.8098591549295775 0.6097417840375586 0.864960449315612 0.7197125928497432
0 0.0030809859154929575 0.9565727699530516 0.0448930101294386 0.999
0 0.00044014084507042255 0.07629107981220658 0.03433079219152946 0.26462658974189424
0 0.8679577464788732 0.607981220657277 0.9208327650763737 0.6903709030395204
0 0.926056338028169 0.6115023474178404 0.9723036723864313 0.664547240406445
0 0.3089788732394366 0.10211267605633803 0.3629802029607221 0.18655979303048337
0 0.2658450704225352 0.10211267605633803 0.315023835796469 0.18832035641076508
