0 0.7706866197183099 0.29460093896713613 0.8649776907483634 0.4458365017963808
0 0.10607394366197183 0.6965962441314554 0.1680871153416981 0.8610935468050872
0 0.6461267605633803 0.09096244131455399 0.7365113878694703 0.2170827685203553
0 0.4850352112676056 0.505868544600939 0.5768111640795477 0.6511115794926051
0 0.5787852112676056 0.5105633802816901 0.6634776473541956 0.6522825332275343
0 0.488556338028169 0.29577464788732394 0.583411726963896 0.4458358130000661
0 0.6188380281690141 0.7112676056338029 0.701752271994644 0.8810379884943463
0 0.25308098591549294 0.6995305164319249 0.3370364960449316 0.8628523881945822
0 0.5338908450704225 0.6995305164319249 0.6177227593111486 0.8810448764574931
0 0.44938380281690143 0.6936619718309859 0.531932489523408 0.8792877570587846
0 0.4612676056338028 0.09389671361502347 0.5495328927792105 0.22999184465163436
0 0.40757042253521125 0.3039906103286385 0.48529596372247574 0.4634366252286804
0 0.386443661971831 0.5105633802816901 0.48222427655723077 0.6499351153871586
0 0.585387323943662 0.2916666666666667 0.6700768541707994 0.4517067683881064
0 0.35563380281690143 0.6995305164319249 0.449227273854394 0.8828054398377747
0 0.7473591549295775 0.5076291079812206 0.8592661271325134 0.6434814383169124
0 0.6663732394366197 0.5117370892018779 0.7439848709333466 0.64934757213075
0 0.7904929577464789 0.7112676056338029 0.8790534802122595 0.8798642795741586
0 0.363556338028169 0.09213615023474178 0.4624280121751636 0.23468771352685755
0 0.31514084507042256 0.29460093896713613 0.4030303077266415 0.45463931869778923
0 0.1742957746478873 0.6965962441314554 0.24244089094425708 0.8634409646454628
0 0.09815140845070422 0.5134976525821596 0.16324905307726642 0.6458254121757147
0 0.16549295774647887 0.5105633802816901 0.23012082176155527 0.6511088243073465
0 0.6725352112676056 0.2934272300469484 0.7668694827415196 0.44583719059269544
0 0.8609154929577465 0.5105633802816901 0.94196262522317 0.6434797163261258
0 0.5484154929577465 0.09800469483568075 0.6458853805048602 0.2200129080429368
0 0.3067781690140845 0.505868544600939 0.3898297631298353 0.646416743811854
0 0.23591549295774647 0.5205399061032864 0.3106356005752827 0.655210950759329
0 0.16505281690140844 0.3227699530516432 0.27633580421791315 0.4692941490885847
0 0.03653169014084507 0.5134976525821596 0.09945575189694505 0.6393700131146819
0 0.7376760563380281 0.07746478873239436 0.8517879946935132 0.205353600476096
0 0.02992957746478873 0.3227699530516432 0.09725795353104542 0.46635987678811525
0 0.00044014084507042255 0.5164319248826291 0.04005262317744495 0.6440631268046463
0 0.10079225352112677 0.3210093896713615 0.1707302850996826 0.47281630904362004
0 0.8785211267605634 0.7259389671361502 0.9710041720392779 0.8722265616390046
0 0.445862676056338 0.9313380281690141 0.5240115041038484 0.9953454589036567
0 0.7011443661971831 0.7347417840375586 0.7879836512472723 0.8798505036478652
0 0.5308098591549296 0.9295774647887324 0.606280453407062 0.999
0 0.6056338028169014 0.9307511737089202 0.6872334358262249 0.999
0 0.34683098591549294 0.9389671361502347 0.44130861312239633 0.999
0 0.026848591549295774 0.6954225352112676 0.09769945044386034 0.8581599633009324
0 0.2601232394366197 0.9019953051643192 0.3357129739263043 0.997123242191805
0 0.1993838028169014 0.9066901408450704 0.25607421487552073 0.999
0 0.13028169014084506 0.9008215962441315 0.1971257562983535 0.9971239309881196
0 0.06954225352112677 0.9019953051643192 0.1267299549940488 0.9953626788115233
0 0.009242957746478873 0.8990610328638498 0.0717388895432454 0.9982986731027795
0 0.6936619718309859 0.9272300469483568 0.7708214515969054 0.999
0 0.7715669014084507 0.9254694835680751 0.8596956131595913 0.999
0 0.8639964788732394 0.9301643192488263 0.9410809874652847 0.999
0 0.9401408450704225 0.9184272300469484 0.999 0.9988741624236813
