0 0.7442781690140845 0.6367370892018779 0.8707111451720889 0.9344854829288721
0 0.3899647887323944 0.25938967136150237 0.4795818816951002 0.5332984802398113
0 0.7240316901408451 0.2705399061032864 0.8117411832349732 0.5767191667217704
0 0.8142605633802817 0.2746478873239437 0.9019303430618925 0.5843458639158897
0 0.27992957746478875 0.2323943661971831 0.3823591859254116 0.5520936652780534
0 0.6175176056338029 0.2652582159624413 0.7180380644341401 0.5778959752253742
0 0.48547535211267606 0.26467136150234744 0.5627264633133306 0.5379902163371465
0 0.11267605633802817 0.2312206572769953 0.1922919559611188 0.5303807390508938
0 0.014084507042253521 0.22417840375586853 0.10782830787542155 0.5192346370869977
0 0.19982394366197184 0.2300469483568075 0.28160219016564175 0.5438790804293681
0 0.08098591549295775 0.6566901408450704 0.25260519986113866 0.9591216607154666
0 0.621919014084507 0.625 0.7400431694480262 0.93918720657277
0 0.4784330985915493 0.6238262910798122 0.6137859009249157 0.9609015103925588
0 0.45994718309859156 0.0005868544600938967 0.5433715021201151 0.1919010640525469
0 0.784330985915493 0.0005868544600938967 0.8882991500942273 0.22124378705724174
0 0.6852992957746479 0.0005868544600938967 0.7747863999578456 0.21361467907602108
0 0.00044014084507042255 0.6120892018779343 0.08802797529012102 0.9667769429566444
0 0.5845070422535211 0.0005868544600938967 0.6775596359849236 0.20305129879433093
0 0.31866197183098594 0.6097417840375586 0.4241555184983138 0.8218252689060812
0 0.8930457746478874 0.002347417840375587 0.9899238354865106 0.2259375895435209
0 0.36399647887323944 0.007042253521126761 0.4483433114089466 0.1813338953911261
0 0.25528169014084506 0.0005868544600938967 0.3568418654532831 0.1707743034891666
0 0.04929577464788732 0.0005868544600938967 0.1390628099583416 0.15668979644691308
0 0.9084507042253521 0.29107981220657275 0.9978395903590558 0.5855099296876722
0 0.1624119718309859 0.0035211267605633804 0.2516890792377504 0.17194629041856774
0 0.9185739436619719 0.664906103286385 0.999 0.9732013461835174
