0 0.2962147887323944 0.8761737089201878 0.4250456801105931 0.999
0 0.3578345070422535 0.4823943661971831 0.45934954467119615 0.7074633835879124
0 0.24867957746478872 0.482981220657277 0.3440806868056933 0.7156790016310698
0 0.4524647887323944 0.8585680751173709 0.5961916968359452 0.999
0 0.6100352112676056 0.4859154929577465 0.7070378366147589 0.7649730542881704
0 0.7328345070422535 0.5158450704225352 0.8341844918542948 0.7631949266018647
0 0.3226232394366197 0.03169014084507042 0.4223932116023606 0.36089689545725057
0 0.15845070422535212 0.8374413145539906 0.2750182875421543 0.999
0 0.7359154929577465 0.8438967136150235 0.8214190512795081 0.999
0 0.636443661971831 0.857981220657277 0.7461987483882166 0.999
0 0.5272887323943662 0.09154929577464789 0.6326904539029955 0.3291716260001323
0 0.1949823943661972 0.02464788732394366 0.29348812394614165 0.3562061925543874
0 0.6610915492957746 0.0539906103286385 0.7972442378744297 0.366165498468117
0 0.4705105633802817 0.49589201877934275 0.5816591062661178 0.7702488896603408
0 0.17077464788732394 0.5017605633802817 0.22571708862328901 0.7455975583548238
0 0.8543133802816901 0.5762910798122066 0.9283211648854394 0.7561172000705328
0 0.9727112676056338 0.6390845070422535 0.999 0.8734512414864776
0 0.8054577464788732 0.06044600938967136 0.9503497104989088 0.3661617100883863
0 0.999 0.03697183098591549 0.999 0.2100721996297031
0 0.999 0.95481220657277 0.999 0.999
0 0.9793133802816901 0.9471830985915493 0.999 0.999
0 0.8314260563380281 0.8397887323943662 0.9309720836019639 0.999
0 0.999 0.960093896713615 0.999 0.999
0 0.999 0.6426056338028169 0.999 0.8605383769754679
0 0.999 0.31572769953051644 0.999 0.4575611926645948
