0 0.0035211267605633804 0.7007042253521126 0.07570267556040468 0.9344479435297229
0 0.035651408450704226 0.3967136150234742 0.1276251534293791 0.6458939474090238
0 0.5946302816901409 0.11326291079812206 0.6696326451224955 0.35439362505234856
0 0.4432218309859155 0.11971830985915492 0.512128863630728 0.3555635455928056
0 0.4278169014084507 0.4107981220657277 0.48396662988494343 0.6288669025105248
0 0.21522887323943662 0.11502347417840375 0.2956799168691728 0.35087146509731315
0 0.6712147887323944 0.11619718309859155 0.7413418948993256 0.35556561198174963
0 0.8745598591549296 0.13673708920187794 0.9459178873859353 0.3590746848068064
0 0.5713028169014085 0.4055164319248826 0.6463154477038286 0.650583617117415
0 0.7975352112676056 0.4078638497652582 0.8742088313330688 0.6476479672243161
0 0.809419014084507 0.15434272300469484 0.8662810655747867 0.35554322610152306
0 0.3727992957746479 0.12265258215962441 0.4426176059437612 0.355561823602019
0 0.26188380281690143 0.4025821596244131 0.3396734666360841 0.6458905034274505
0 0.10519366197183098 0.6895539906103286 0.19141496757835746 0.9315202147942427
0 0.13600352112676056 0.39906103286384975 0.19228168859105335 0.6335686261544227
0 0.2984154929577465 0.125 0.3695869650119024 0.3508656103286385
0 0.9322183098591549 0.4166666666666667 0.996068565884745 0.6429479655712049
0 0.02772887323943662 0.1396713615023474 0.09769906299593335 0.3526175637549869
0 0.19630281690140844 0.40199530516431925 0.25827627516861734 0.6429565755251383
0 0.355193661971831 0.4102112676056338 0.42149859433892084 0.6288672469086821
0 0.14172535211267606 0.15082159624413147 0.19139888848938702 0.34967674788952813
0 0.5171654929577465 0.11619718309859155 0.59528293772317 0.3543919030615618
0 0.488556338028169 0.4043427230046948 0.5653659523160087 0.6458894702329785
0 0.6421654929577465 0.40492957746478875 0.7180272158921841 0.6564525061165113
0 0.7451584507042254 0.1396713615023474 0.8046896309635986 0.35907296281601975
0 0.8644366197183099 0.4137323943661972 0.9239153007835748 0.6411891241817099
0 0.9533450704225352 0.1596244131455399 0.999 0.3631692344993277
0 0.7196302816901409 0.40316901408450706 0.7954579092070025 0.6476507224095748
0 0.19014084507042253 0.7030516431924883 0.30581419857171194 0.9332728570169058
0 0.4375 0.7077464788732394 0.5477827904929577 0.9332701018316472
0 0.5602992957746479 0.7001173708920188 0.6740491640423527 0.9438379592893826
0 0.6786971830985915 0.6983568075117371 0.7919547987750446 0.9362098845026339
0 0.31294014084507044 0.7036384976525821 0.434281276346459 0.9332725126187486
0 0.7891725352112676 0.7007042253521126 0.8975399768771077 0.9362085069100046
0 0.9049295774647887 0.6983568075117371 0.9969608584606229 0.9409047201833851
