0 0.3358274647887324 0.585093896713615 0.4157852872073993 0.8629195458352619
0 0.6117957746478874 0.5997652582159625 0.6969138222822853 0.8646714992616104
0 0.7922535211267606 0.6619718309859155 0.8781724236262647 0.8581795939959003
0 0.5162852112676056 0.5892018779342723 0.6040861420725054 0.8500063369260948
0 0.4273767605633803 0.5886150234741784 0.5042133024821464 0.857048934845379
0 0.707306338028169 0.6625586854460094 0.78445981235122 0.8628740852784942
0 0.2847711267605634 0.6320422535211268 0.3136950831308272 0.8270938719169477
0 0.1382042253521127 0.7059859154929577 0.18391804391489783 0.8112054073265886
0 0.047975352112676055 0.7276995305164319 0.0822852221161476 0.8123663735149551
0 0.24779929577464788 0.6473004694835681 0.28554234185925415 0.8270849175648571
0 0.19674295774647887 0.6279342723004695 0.2397901659516961 0.7161807897463025
0 0.5959507042253521 0.9284037558685446 0.6639102329646895 0.999
0 0.48063380281690143 0.9301643192488263 0.5829750731501686 0.999
0 0.7878521126760564 0.9465962441314554 0.8706919664997024 0.999
0 0.3727992957746479 0.9366197183098591 0.4628640848170006 0.999
0 0.6848591549295775 0.9700704225352113 0.7615823683296965 0.999
0 0.2852112676056338 0.9336854460093896 0.35154700208292006 0.999
0 0.03697183098591549 0.937206572769953 0.14390978352509423 0.999
0 0.18441901408450703 0.9190140845070423 0.2732462944480262 0.999
0 0.09330985915492958 0.7253521126760564 0.13244132488593532 0.8111940421873967
0 0.1932218309859155 0.721830985915493 0.24419312419410832 0.8059144184354956
0 0.8974471830985915 0.9536384976525821 0.9723162644440588 0.999
0 0.0044014084507042256 0.7247652582159625 0.035649471211069234 0.8264526025479954
