0 0.20092429577464788 1.0539906103286385 0.0761443661971831 0.14906103286384975
0 0.8314260563380281 1.0727699530516432 0.08714788732394366 0.13145539906103287
0 0.3107394366197183 1.0663145539906103 0.07306338028169014 0.1467136150234742
0 0.6161971830985915 0.14700704225352113 0.07834507042253522 0.15316901408450703
0 0.6139964788732394 0.6384976525821596 0.09507042253521127 0.17370892018779344
0 0.1894806338028169 0.7802230046948356 0.08582746478873239 0.0733568075117371
0 0.1914612676056338 0.352406103286385 0.08626760563380281 0.1238262910798122
0 0.8369278169014085 0.7872652582159625 0.09463028169014084 0.13791079812206572
0 0.727112676056338 0.8160211267605634 0.09507042253521127 0.1238262910798122
0 0.7381161971830986 0.6373239436619719 0.08450704225352113 0.1467136150234742
0 0.8358274647887324 0.5982981220657277 0.07570422535211267 0.17194835680751175
0 0.18023767605633803 0.16549295774647887 0.08846830985915492 0.14084507042253522
0 0.18970070422535212 0.6232394366197183 0.0721830985915493 0.10915492957746478
0 0.5008802816901409 0.16519953051643194 0.10299295774647887 0.18016431924882628
0 0.29071302816901406 0.7822769953051644 0.0840669014084507 0.06807511737089202
0 0.5002200704225352 0.3436032863849765 0.09991197183098592 0.13556338028169015
0 0.7398767605633803 0.15639671361502347 0.09066901408450705 0.13673708920187794
0 0.39106514084507044 0.352112676056338 0.09639084507042253 0.107981220657277
0 0.2847711267605634 0.3453638497652582 0.07042253521126761 0.12852112676056338
0 0.09397007042253522 0.6261737089201878 0.0743838028169014 0.15375586854460094
0 0.3866637323943662 0.7928403755868545 0.0682218309859155 0.06572769953051644
0 0.737455985915493 0.3221830985915493 0.08758802816901408 0.09389671361502347
0 0.6137764084507042 0.3078051643192488 0.1034330985915493 0.0733568075117371
0 0.28213028169014087 0.1766431924882629 0.09330985915492958 0.1467136150234742
0 0.2951144366197183 0.6387910798122066 0.08494718309859155 0.1613849765258216
0 0.06998239436619719 0.18163145539906103 0.08538732394366197 0.1414319248826291
0 0.5037411971830986 0.6628521126760564 0.1034330985915493 0.12969483568075119
0 0.39370598591549294 0.630868544600939 0.0840669014084507 0.14788732394366197
0 0.07900528169014084 0.35357981220657275 0.0743838028169014 0.11561032863849766
0 0.6175176056338029 0.8315727699530516 0.09154929577464789 0.11854460093896714
0 0.9381602112676056 0.619424882629108 0.10959507042253522 0.20481220657276994
0 1.0508362676056338 0.6443661971830986 0.08758802816901408 0.1643192488262911
0 0.8463908450704225 0.30839201877934275 0.09330985915492958 0.0721830985915493
0 0.6146566901408451 1.0660211267605635 0.09639084507042253 0.13204225352112675
0 0.721830985915493 1.0757042253521127 0.09066901408450705 0.09624413145539906
0 0.11773767605633803 1.0522300469483568 0.07702464788732394 0.09859154929577464
0 0.4027288732394366 1.0754107981220657 0.0880281690140845 0.1238262910798122
0 0.5037411971830986 1.0877347417840375 0.08142605633802817 0.08274647887323944
0 0.5028609154929577 0.7907863849765259 0.08494718309859155 0.0733568075117371
0 0.9359595070422535 1.004988262910798 0.09198943661971831 0.0534037558685446
0 0.9403609154929577 0.812206572769953 0.09110915492957747 0.15258215962441316
0 0.9313380281690141 1.073356807511737 0.0994718309859155 0.07394366197183098
0 1.0653609154929577 1.080105633802817 0.12279929577464789 0.09683098591549295
0 1.0481954225352113 0.7943075117370892 0.07702464788732394 0.07687793427230047
0 0.3886443661971831 0.1795774647887324 0.07922535211267606 0.14084507042253522
0 0.8543133802816901 0.18661971830985916 0.09066901408450705 0.1607981220657277
0 0.9606073943661971 0.25880281690140844 0.08670774647887323 0.3286384976525822
0 1.0746038732394365 0.2711267605633803 0.07526408450704225 0.3204225352112676
0 0.030589788732394367 0.7708333333333334 0.042693661971830985 0.13204225352112675
