0 0.45048415492957744 0.24794600938967137 0.10695422535211267 0.3573943661971831
0 0.20752640845070422 0.6734154929577465 0.0664612676056338 0.22946009389671362
0 0.09639084507042253 0.27582159624413144 0.1426056338028169 0.3474178403755869
0 0.7746478873239436 0.7009976525821596 0.0818661971830986 0.2517605633802817
0 0.44212147887323944 0.931631455399061 0.09903169014084508 0.11913145539906103
0 0.6591109154929577 0.9900234741784038 0.07350352112676056 0.20305164319248825
0 0.2680457746478873 0.9865023474178404 0.10387323943661972 0.2112676056338028
0 0.5572183098591549 1.0243544600938967 0.1267605633802817 0.232981220657277
0 1.0765845070422535 0.9568661971830986 0.10211267605633803 0.13673708920187794
0 1.0660211267605635 0.2153755868544601 0.10123239436619719 0.3333333333333333
0 0.9546654929577465 0.23092723004694835 0.13996478873239437 0.3609154929577465
0 0.8664172535211268 0.9903169014084507 0.09463028169014084 0.23650234741784038
0 0.08604753521126761 0.6745892018779343 0.05501760563380282 0.22124413145539906
0 0.1423855633802817 0.6751760563380281 0.047975352112676055 0.21654929577464788
0 0.846830985915493 0.6936619718309859 0.05017605633802817 0.21009389671361503
0 0.17297535211267606 0.966255868544601 0.09066901408450705 0.20129107981220656
0 0.5684419014084507 0.31220657276995306 0.10959507042253522 0.2147887323943662
0 0.7147887323943662 0.24677230046948356 0.12323943661971831 0.3785211267605634
0 0.8298855633802817 0.2106807511737089 0.0488556338028169 0.3368544600938967
0 0.9764524647887324 0.9521713615023474 0.07526408450704225 0.13908450704225353
0 0.07482394366197183 0.98268779342723 0.07042253521126761 0.22476525821596244
0 0.5464348591549296 0.6376173708920188 0.09198943661971831 0.25880281690140844
0 0.6485475352112676 0.647593896713615 0.07878521126760564 0.272887323943662
0 1.1047535211267605 0.6813380281690141 0.0721830985915493 0.2605633802816901
0 0.9630281690140845 0.6235328638497653 0.11795774647887323 0.18603286384976525
0 0.9245158450704225 0.7012910798122066 0.08670774647887323 0.176056338028169
