0 0.1875 0.9178403755868545 0.2732449383802817 0.999
0 0.7662852112676056 0.159037558685446 0.8627789237626463 0.4371132408693161
0 0.6685739436619719 0.159037558685446 0.7549874234402896 0.43300525964865877
0 0.5189260563380281 0.517018779342723 0.6023244163484428 0.7590862565848927
0 0.608274647887324 0.5205399061032864 0.7065984706655425 0.7796240962992351
0 0.7200704225352113 0.5164319248826291 0.8258274337928982 0.8318565540346933
0 0.3296654929577465 0.19307511737089203 0.4039041965259869 0.41420594183252885
0 0.5730633802816901 0.14906103286384975 0.6520365037938901 0.37373881394784986
0 0.4903169014084507 0.13262910798122066 0.5578827830539576 0.363185076814565
0 0.8882042253521126 0.14906103286384975 0.9441513185627851 0.4335979688774273
0 0.4269366197183099 0.5264084507042254 0.5134564539525888 0.7667098541955961
0 0.4154929577464789 0.19131455399061034 0.4756093780995834 0.3784088529612731
0 0.014964788732394365 0.5240610328638498 0.09946524437115652 0.7802088843703852
0 0.10387323943661972 0.562793427230047 0.1548838586094029 0.7766650273314378
0 0.34463028169014087 0.5375586854460094 0.4109398634323547 0.7115389913817806
0 0.00044014084507042255 0.16725352112676056 0.0897885386704027 0.4371084192951134
0 0.827024647887324 0.5269953051643192 0.9261324715458242 0.8183527022857017
0 0.965669014084507 0.18192488262910797 0.999 0.44590262624258853
0 0.999 0.5404929577464789 0.999 0.8248001801891159
0 0.6778169014084507 0.903169014084507 0.7364974397440983 0.999
0 0.41065140845070425 0.9084507042253521 0.4681291146969847 0.999
0 0.49295774647887325 0.8961267605633803 0.5490788038087681 0.999
0 0.8380281690140845 0.9125586854460094 0.932729741122793 0.999
0 0.7526408450704225 0.903169014084507 0.8165701404731205 0.999
0 0.10871478873239436 0.9172535211267606 0.16060355863171988 0.999
0 0.6003521126760564 0.914906103286385 0.6656688591053362 0.999
0 0.055897887323943664 0.9137323943661971 0.10648948156367785 0.999
0 0.009683098591549295 0.92018779342723 0.05853447046716921 0.999
0 0.352112676056338 0.9014084507042254 0.41181685181511607 0.999
0 0.5576584507042254 0.9014084507042254 0.604508072865007 0.999
0 0.999 0.9812206572769953 0.999 0.999
0 0.999 0.8908450704225352 0.999 0.9742424618131323
0 0.09242957746478873 0.16960093896713616 0.14036424754512994 0.43886760508276573
