0 0.670774647887324 0.4694835680751174 0.7765533562289229 0.7532456082346978
0 0.7808098591549296 0.46830985915492956 0.8746563336887522 0.7274247007868809
0 0.3644366197183099 0.4184272300469484 0.45934663881174365 0.7761628948180476
0 0.03301056338028169 0.04929577464788732 0.13510871013935727 0.2881166104608874
0 0.14744718309859156 0.03755868544600939 0.2552167926130728 0.2986868787057242
0 0.2737676056338028 0.47769953051643194 0.34010837693414003 0.7831703641252837
0 0.1329225352112676 0.45129107981220656 0.19404360803907955 0.7685145005400164
0 0.8816021126760564 0.4454225352112676 0.9463549286475899 0.7162878975732329
0 0.2706866197183099 0.01584507042253521 0.3383491696216029 0.26466206275209947
0 0.21170774647887325 0.4448356807511737 0.2622307624355287 0.7773211058211554
0 0.07350352112676056 0.47476525821596244 0.12628807063330688 0.7702612879940047
0 0.011443661971830986 0.4953051643192488 0.061174540641737746 0.7790520509599066
0 0.999 0.46830985915492956 0.999 0.7908049824770218
0 0.7337147887323944 0.007042253521126761 0.8403460762373537 0.29224938834887254
0 0.9330985915492958 0.4671361502347418 0.999 0.782589708832022
0 0.8560739436619719 0.01232394366197183 0.9578098266093037 0.2693589648217946
0 0.9977992957746479 0.011737089201877934 0.999 0.2834438162622055
0 0.01936619718309859 0.999 0.11046682825828208 0.999
0 0.007482394366197183 0.9671361502347418 0.1051903686644515 0.999
0 0.015404929577464789 0.999 0.12939462811198174 0.999
0 0.0044014084507042256 0.8532863849765259 0.13027975290121008 0.9097105126848729
0 0.999 0.8896713615023474 0.999 0.999
0 0.20642605633802816 0.8879107981220657 0.4211239321935132 0.999
0 0.8772007042253521 0.8826291079812206 0.999 0.999
0 0.34639084507042256 0.004107981220657277 0.40037570825481056 0.32511496010491747
