0 0.28433098591549294 0.24413145539906103 0.36915302333366395 0.38013842050739494
0 0.999 0.47300469483568075 0.999 0.6217881427847208
0 0.4639084507042254 0.4653755868544601 0.5455704628297957 0.5672151551720338
0 0.8054577464788732 0.24002347417840375 0.8539588654284864 0.37192486885318166
0 0.21522887323943662 0.45481220657276994 0.268831325319877 0.565460790958584
0 0.38028169014084506 0.465962441314554 0.45801924221384643 0.569562228614252
0 0.6588908450704225 0.4688967136150235 0.715819150156219 0.5883398493464701
0 0.6976232394366197 0.26467136150234744 0.744851398222079 0.38540805671273337
0 0.28169014084507044 0.46068075117370894 0.33966474905772664 0.5642836380568229
0 0.7623239436619719 0.460093896713615 0.8341715123487403 0.5924529965394874
0 0.565580985915493 0.4753521126760563 0.6366348675238048 0.5865754975864577
0 0.8617957746478874 0.47007042253521125 0.9195150546766515 0.6059447943529723
0 0.45598591549295775 0.6830985915492958 0.5015598653540965 0.780702406929842
0 0.5871478873239436 0.6942488262910798 0.6485091778664948 0.7777615910643831
0 0.7522007042253521 0.25586854460093894 0.7914823060280699 0.38189209592452994
0 0.6782570422535211 0.7089201877934272 0.7373775277102758 0.7812741078710133
0 0.5140845070422535 0.687206572769953 0.5556716177345764 0.7812868506028345
0 0.9300176056338029 0.4647887323943662 0.9687808021101963 0.6100558751570456
0 0.20378521126760563 0.6737089201877934 0.2516708691851815 0.770731391478763
0 0.7596830985915493 0.7130281690140845 0.8209684493404087 0.7842059693843815
0 0.5290492957746479 0.2699530516431925 0.5750312283029161 0.37601528576781507
0 0.999 0.1942488262910798 0.999 0.37371229528973526
0 0.9009683098591549 0.23943661971830985 0.9467865456382661 0.3789674667724658
0 0.176056338028169 0.2681924882629108 0.24111969351319182 0.3625186663801274
0 0.26276408450704225 0.6719483568075117 0.3137047693290022 0.7736666969737046
0 0.9080105633802817 0.00528169014084507 0.9687904883083713 0.09624103187198307
0 0.38776408450704225 0.6883802816901409 0.4395300334135092 0.7795255984262381
0 0.14348591549295775 0.4583333333333333 0.19007769105832178 0.5513742175273865
0 0.9551056338028169 0.18016431924882628 0.999 0.3707862885450418
0 0.9018485915492958 0.7036384976525821 0.9806770032607617 0.822357019661002
0 0.9775528169014085 0.45715962441314556 0.999 0.6235580049152505
0 0.985475352112676 0.693075117370892 0.999 0.8247106366682095
0 0.999 0.1795774647887324 0.999 0.3344016564173775
0 0.999 0.7165492957746479 0.999 0.8334996776433247
0 0.8569542253521126 0.2535211267605634 0.8922284532458837 0.38717516365800436
0 0.2605633802816901 0.863849765258216 0.34935714639952387 0.999
0 0.366637323943662 0.8538732394366197 0.45230341667079943 0.999
0 0.13556338028169015 0.8550469483568075 0.22749314992065064 0.9948033762040159
0 0.7367957746478874 0.8796948356807511 0.8104151427048205 0.977770132138685
0 0.999 0.8996478873239436 0.999 0.999
0 0.999 0.9043427230046949 0.999 0.9877321932376734
0 0.9375 0.9078638497652582 0.9881437059859155 0.9906643991491987
0 0.13160211267605634 0.6496478873239436 0.19096320329547709 0.7818957465449977
