0 0.36399647887323944 0.8221830985915493 0.48619542408500294 0.999
0 0.2169894366197183 0.8157276995305164 0.3476157616916286 0.999
0 0.999 0.8515258215962441 0.999 0.999
0 0.8169014084507042 0.062206572769953054 0.9499045328307876 0.35148931539156697
0 0.15580985915492956 0.534037558685446 0.2895440977732593 0.7044988042495978
0 0.6056338028169014 0.5410798122065728 0.8351207597698869 0.7479219015186581
0 0.4753521126760563 0.15610328638497653 0.6124668344574489 0.33676285018404634
0 0.18794014084507044 0.10269953051643192 0.31989967423378296 0.3673106223412462
0 0.34903169014084506 0.5522300469483568 0.5407794754884944 0.7502627757940444
0 0.6496478873239436 0.11208920187793427 0.7897668803312835 0.3761079288721374
0 0.0409330985915493 0.07394366197183098 0.16415451888266216 0.37260918799180054
0 0.3657570422535211 0.2746478873239437 0.43513831116097995 0.3572331878595517
0 0.8741197183098591 0.5610328638497653 0.999 0.7402810840000882
0 0.9762323943661971 0.06044600938967136 0.999 0.36557485562829245
0 0.5915492957746479 0.4278169014084507 0.82588400119024 0.5285048022879059
0 0.6813380281690141 0.8368544600938967 0.8425698336143622 0.999
0 0.5215669014084507 0.8280516431924883 0.6577810004835349 0.999
0 0.8644366197183099 0.8345070422535211 0.9855350190934339 0.999
0 0.007042253521126761 0.5416666666666666 0.1390814074588375 0.7479215571205008
0 0.21919014084507044 0.426056338028169 0.3841464832126562 0.5296795444025656
0 0.09595070422535211 0.4595070422535211 0.21166551465483038 0.5232045146465648
0 0.11267605633802817 0.8063380281690141 0.1804081531442174 0.999
