0 0.18419894366197184 0.3400821596244131 0.18529929577464788 0.16607981220657278
0 0.608274647887324 0.3283450704225352 0.20334507042253522 0.20246478873239437
0 0.6881602112676056 0.710387323943662 0.207306338028169 0.17077464788732394
0 0.42891725352112675 0.7250586854460094 0.2011443661971831 0.20129107981220656
0 0.8102992957746479 0.32365023474178406 0.13908450704225353 0.15786384976525822
0 0.413512323943662 0.32188967136150237 0.1500880281690141 0.1813380281690141
0 0.12984154929577466 0.6942488262910798 0.16637323943661972 0.24178403755868544
0 0.7130281690140845 0.0528169014084507 0.2227112676056338 0.08333333333333333
0 0.4350792253521127 0.5478286384976526 0.19674295774647887 0.08509389671361503
0 0.8014964788732394 0.18661971830985916 0.13732394366197184 0.06807511737089202
0 0.058538732394366196 0.33480046948356806 0.08538732394366197 0.1437793427230047
0 0.19344190140845072 0.05575117370892019 0.22579225352112675 0.11032863849765258
0 0.4467429577464789 0.04812206572769953 0.21654929577464788 0.0892018779342723
0 0.9443221830985915 0.7188967136150235 0.22315140845070422 0.1784037558685446
0 0.9938380281690141 0.3371478873239437 0.1329225352112676 0.1437793427230047
0 1.0580985915492958 0.5390258215962441 0.12235915492957747 0.07570422535211267
0 1.0132042253521127 0.18397887323943662 0.14612676056338028 0.06866197183098592
0 0.9828345070422535 0.04753521126760563 0.24911971830985916 0.09389671361502347
0 0.8860035211267606 0.9069835680751174 0.1698943661971831 0.061619718309859156
0 0.2110475352112676 0.9994131455399061 0.19234154929577466 0.15375586854460094
0 0.5913292253521126 0.9586267605633803 0.1430457746478873 0.04988262910798122
0 0.5928697183098591 1.04518779342723 0.13204225352112675 0.0539906103286385
0 0.05677816901408451 0.9844483568075117 0.09242957746478873 0.1813380281690141
0 0.5928697183098591 0.8993544600938967 0.136443661971831 0.04988262910798122
0 0.4077904929577465 1.090669014084507 0.13512323943661972 0.06396713615023474
0 0.5840669014084507 1.1041666666666667 0.12852112676056338 0.04401408450704225
0 0.4480633802816901 0.9190140845070423 0.10387323943661972 0.07981220657276995
0 0.9256161971830986 0.943368544600939 0.14084507042253522 0.09330985915492958
0 0.9326584507042254 1.113849765258216 0.15669014084507044 0.056338028169014086
0 0.9430017605633803 1.0299295774647887 0.16153169014084506 0.08215962441314555
