0 0.7473591549295775 0.6226525821596244 0.8315372538930768 0.8006909315832397
0 0.5242077464788732 0.03227699530516432 0.6278502606749653 0.17838481396989134
0 0.1073943661971831 0.009976525821596244 0.2363083651557231 0.20069837058343803
0 0.14216549295774647 0.9266431924882629 0.21516630039922635 0.999
0 0.7689260563380281 0.022887323943661973 0.9098728318414006 0.20479877504463398
0 0.2601232394366197 0.2863849765258216 0.39337142463052965 0.4828131543564989
0 0.6624119718309859 0.3397887323943662 0.7373845017729617 0.503908574687562
0 0.4335387323943662 0.301056338028169 0.5262176326001786 0.47517543642134497
0 0.5602992957746479 0.3362676056338028 0.6397181781268597 0.49921580539575483
0 0.7588028169014085 0.318075117370892 0.8341730621404483 0.4962922094381626
0 0.6439260563380281 0.0357981220657277 0.7277095395878794 0.19422781800348254
0 0.027288732394366196 0.2282863849765258 0.08449503136778416 0.31970170986797153
0 0.028609154929577465 0.48063380281690143 0.07569163329448522 0.5666193463598492
0 0.5360915492957746 0.7365023474178404 0.663496438578655 0.8240982967444731
0 0.13776408450704225 0.45481220657276994 0.1777562658078754 0.5408129036346404
0 0.08274647887323944 0.4665492957746479 0.12276287566951002 0.55078254149309
0 0.269806338028169 0.06924882629107981 0.35815589509769885 0.17132086336485267
0 0.4581866197183099 0.6097417840375586 0.5103617136356873 0.783679728999978
0 0.029049295774647887 0.13262910798122066 0.08625481985221185 0.20532122704930678
0 0.3591549295774648 0.7605633802816901 0.4439440339218409 0.8346475567017126
0 0.1034330985915493 0.23708920187793428 0.1685284185305495 0.3108937269942031
0 0.3855633802816901 0.034624413145539906 0.4831049456952986 0.17251489177632304
0 0.8389084507042254 0.29518779342723006 0.9186448466326125 0.51156385692874
0 0.9295774647887324 0.017605633802816902 0.999 0.21595210936983403
0 0.929137323943662 0.3274647887323944 0.999 0.5180003140911195
0 0.8371478873239436 0.6197183098591549 0.9151244947679031 0.7930635455928057
0 0.9313380281690141 0.5839201877934272 0.999 0.8511831454296988
0 0.035651408450704226 0.9964788732394366 0.08977304075332275 0.999
0 0.09639084507042253 0.9911971830985915 0.13376039135340212 0.999
0 0.12632042253521128 0.7136150234741784 0.1896451054478278 0.81824318367167
