0 0.11839788732394366 0.630868544600939 0.19140915585945248 0.7067893963940136
0 0.10607394366197183 0.7177230046948356 0.20241810125719104 0.8012219935418458
0 0.20774647887323944 0.630868544600939 0.3330951820075382 0.710310523154577
0 0.2051056338028169 0.7341549295774648 0.3220928232245586 0.8029729137737222
0 0.3371478873239437 0.6607981220657277 0.45143611448621307 0.806537090303952
0 0.4652288732394366 0.6860328638497653 0.5944255154607221 0.7566396520752056
0 0.47315140845070425 0.778169014084507 0.5926614650490973 0.8240738444753025
0 0.605193661971831 0.6607981220657277 0.7233251788459631 0.7584150245762525
0 0.6117957746478874 0.7764084507042254 0.7290441039724261 0.827596004430338
0 0.7319542253521126 0.630868544600939 0.830223611696588 0.7279161569573939
0 0.7319542253521126 0.7447183098591549 0.830223611696588 0.815290658268862
0 0.8384683098591549 0.5539906103286385 0.9446133502157309 0.673383808327272
0 0.8424295774647887 0.687793427230047 0.9582559728972426 0.8311691353126585
0 0.7596830985915493 0.9759389671361502 0.9248416887770283 0.999
0 0.5572183098591549 0.8973004694835681 0.7554765764481254 0.999
0 0.5862676056338029 0.999 0.7449004103848443 0.999
0 0.2438380281690141 0.9759389671361502 0.3863363388960524 0.999
0 0.2557218309859155 0.8673708920187794 0.3982149111659393 0.9701482565187683
0 0.4102112676056338 0.8779342723004695 0.5447138154632017 0.9877476911547532
0 0.40096830985915494 0.999 0.5557214047931959 0.999
0 0.1500880281690141 0.3855633802816901 0.21032126407210872 0.4933183313495999
0 0.2918133802816901 0.3744131455399061 0.33833987087135486 0.506235673036655
0 0.3648767605633803 0.34624413145539906 0.4184133464962309 0.49334140602614124
0 0.4357394366197183 0.3174882629107981 0.5182941287690934 0.5062690796579161
0 0.539612676056338 0.40492957746478875 0.6423681282235668 0.5026966375719103
0 0.6505281690140845 0.25528169014084506 0.7074601548551875 0.5186295295245652
0 0.7117077464788732 0.2805164319248826 0.7686128046890498 0.5221358471643633
0 0.7759683098591549 0.3104460093896714 0.8328450843706606 0.5080337758160859
0 0.8305457746478874 0.3215962441314554 0.8662717668245388 0.5009849787299698
0 0.8798415492957746 0.36384976525821594 0.9261092246702044 0.43288506469174987
0 0.9027288732394366 0.44072769953051644 0.9542681651086093 0.5132390095660032
0 0.999 0.3761737089201878 0.999 0.4363989590910093
0 0.999 0.38028169014084506 0.999 0.447546783045692
0 0.999 0.4460093896713615 0.999 0.525559853644559
0 0.999 0.45129107981220656 0.999 0.5220356273005797
0 0.999 0.5845070422535211 0.999 0.8382720029094756
0 0.999 0.5862676056338029 0.999 0.8382709697150036
0 0.999 0.9507042253521126 0.999 0.999
0 0.999 0.9630281690140845 0.999 0.999
0 0.5224471830985915 0.27875586854460094 0.6397348383877207 0.3302354719081311
0 0.5264084507042254 0.33568075117370894 0.6436943624776831 0.40121145495823135
