0 0.6012323943661971 0.6572769953051644 0.19014084507042253 0.1572769953051643
0 0.8411091549295775 0.1875 0.22535211267605634 0.34683098591549294
0 0.34286971830985913 0.2153755868544601 0.22359154929577466 0.2640845070422535
0 0.11993838028169014 0.22769953051643194 0.19674295774647887 0.2699530516431925
0 0.8272447183098591 0.6716549295774648 0.18441901408450703 0.15669014084507044
0 0.8371478873239436 0.5017605633802817 0.20598591549295775 0.11502347417840375
0 0.34000880281690143 0.6387910798122066 0.2205105633802817 0.1637323943661972
0 0.5928697183098591 0.21185446009389672 0.24911971830985916 0.284037558685446
0 0.33934859154929575 0.4835680751173709 0.22799295774647887 0.1056338028169014
0 0.6045334507042254 0.494424882629108 0.18705985915492956 0.0733568075117371
0 0.16263204225352113 0.6396713615023474 0.11575704225352113 0.1431924882629108
0 1.046875 0.6440727699530516 0.18617957746478872 0.2282863849765258
0 0.8131602112676056 0.9803403755868545 0.1694542253521127 0.16255868544600938
0 0.6353433098591549 0.9404342723004695 0.13512323943661972 0.16490610328638497
0 0.4597271126760563 0.9278169014084507 0.1430457746478873 0.1443661971830986
0 0.30391725352112675 0.9143192488262911 0.13160211267605634 0.14906103286384975
0 0.8351672535211268 0.8324530516431925 0.14216549295774647 0.06514084507042253
0 0.0721830985915493 0.9069835680751174 0.12235915492957747 0.18720657276995306
0 0.16087147887323944 0.5325704225352113 0.11663732394366197 0.06514084507042253
0 0.02442781690140845 0.6443661971830986 0.047975352112676055 0.1607981220657277
