0 0.34330985915492956 0.6514084507042254 0.13556338028169015 0.22652582159624413
0 0.20444542253521128 0.3104460093896714 0.27244718309859156 0.22769953051643194
0 0.855193661971831 0.721244131455399 0.22975352112676056 0.2147887323943662
0 0.13182218309859156 0.6757629107981221 0.18705985915492956 0.27523474178403756
0 0.8688380281690141 0.13849765258215962 0.2984154929577465 0.1467136150234742
0 0.5360915492957746 0.12529342723004694 0.2676056338028169 0.11091549295774648
0 0.5858274647887324 0.6511150234741784 0.18397887323943662 0.1742957746478873
0 0.8598151408450704 0.3494718309859155 0.34110915492957744 0.26467136150234744
0 0.5319102112676056 0.3342136150234742 0.3076584507042254 0.20715962441314553
0 0.238556338028169 1.079225352112676 0.2007042253521127 0.12323943661971831
0 0.4742517605633803 1.067488262910798 0.16153169014084506 0.13145539906103287
0 0.6773767605633803 1.0718896713615023 0.17869718309859156 0.1238262910798122
0 0.4727112676056338 0.9468896713615024 0.1619718309859155 0.0698356807511737
0 0.8877640845070423 1.051349765258216 0.1892605633802817 0.13438967136150234
