0 0.05039612676056338 0.6804577464788732 0.09727112676056338 0.1414319248826291
0 0.14370598591549297 0.6772300469483568 0.07878521126760564 0.11032863849765258
0 0.3494718309859155 0.7039319248826291 0.07658450704225352 0.09800469483568075
0 0.42077464788732394 0.7133215962441315 0.06602112676056338 0.10035211267605634
0 0.5448943661971831 0.7106807511737089 0.058098591549295774 0.0880281690140845
0 0.6109154929577465 0.7168427230046949 0.06073943661971831 0.10035211267605634
0 0.6778169014084507 0.7203638497652582 0.04401408450704225 0.10387323943661972
0 0.7306338028169014 0.7080399061032864 0.04401408450704225 0.07570422535211267
0 0.789612676056338 1.0240610328638498 0.06866197183098592 0.07629107981220658
0 0.4454225352112676 1.028169014084507 0.07394366197183098 0.09859154929577464
0 0.5391725352112676 1.0428403755868545 0.05457746478873239 0.1068075117370892
0 0.6234595070422535 1.0387323943661972 0.07262323943661972 0.11267605633802817
0 1.0473151408450705 1.0730633802816902 0.053257042253521125 0.12969483568075119
0 1.104093309859155 1.068075117370892 0.042693661971830985 0.12206572769953052
0 0.8219630281690141 0.7315140845070423 0.050616197183098594 0.12969483568075119
0 0.8912852112676056 0.7194835680751174 0.0625 0.09859154929577464
0 0.9685299295774648 0.7221244131455399 0.042693661971830985 0.10035211267605634
0 0.8175616197183099 0.5519366197183099 0.05413732394366197 0.12265258215962441
0 0.8893045774647887 0.5443075117370892 0.032130281690140844 0.13086854460093897
0 0.2893926056338028 0.8817488262910798 0.10607394366197183 0.12617370892018778
0 0.4297975352112676 0.8661971830985915 0.06382042253521127 0.1056338028169014
0 0.4951584507042254 0.8547535211267606 0.04929577464788732 0.07922535211267606
0 0.5600792253521126 0.8697183098591549 0.06470070422535211 0.0880281690140845
0 0.6712147887323944 0.8840962441314554 0.11883802816901408 0.09330985915492958
0 0.7898327464788732 0.8617957746478874 0.047975352112676055 0.041666666666666664
0 0.8809419014084507 0.8755868544600939 0.07790492957746478 0.06572769953051644
0 0.04467429577464789 0.8876173708920188 0.06998239436619719 0.14847417840375587
0 0.1133362676056338 0.8791079812206573 0.05677816901408451 0.11032863849765258
0 0.6175176056338029 0.551056338028169 0.06602112676056338 0.13849765258215962
0 0.6848591549295775 0.5331572769953051 0.0528169014084507 0.11561032863849766
0 0.8180017605633803 0.3447769953051643 0.042693661971830985 0.13321596244131456
0 0.8956866197183099 0.3550469483568075 0.07130281690140845 0.1431924882629108
0 0.9980193661971831 0.36032863849765256 0.04005281690140845 0.13262910798122066
0 0.6654929577464789 0.34917840375586856 0.07130281690140845 0.15140845070422534
0 0.5988116197183099 0.3515258215962441 0.05149647887323944 0.15375586854460094
0 0.5378521126760564 0.3438967136150235 0.05193661971830986 0.13497652582159625
0 0.47579225352112675 0.34066901408450706 0.0625 0.1449530516431925
0 0.4040492957746479 0.34330985915492956 0.07130281690140845 0.15375586854460094
0 0.3204225352112676 0.3283450704225352 0.09066901408450705 0.1073943661971831
0 0.23173415492957747 0.3368544600938967 0.0761443661971831 0.11384976525821597
0 0.15536971830985916 0.33949530516431925 0.07130281690140845 0.12969483568075119
0 0.07768485915492958 0.3301056338028169 0.07350352112676056 0.1073943661971831
0 0.8956866197183099 0.0801056338028169 0.06073943661971831 0.15199530516431925
0 0.8290052816901409 0.08157276995305164 0.06998239436619719 0.1619718309859155
0 0.7449383802816901 0.08333333333333333 0.06734154929577464 0.14788732394366197
0 0.6681338028169014 0.07834507042253522 0.06602112676056338 0.15551643192488263
0 0.6038732394366197 0.08509389671361503 0.04665492957746479 0.15845070422535212
0 0.5488556338028169 0.08333333333333333 0.058098591549295774 0.1619718309859155
0 0.4951584507042254 0.0988849765258216 0.04401408450704225 0.18955399061032863
0 0.4011883802816901 0.11032863849765258 0.050616197183098594 0.20539906103286384
0 0.4491637323943662 0.11267605633802817 0.037411971830985914 0.20422535211267606
0 0.9936179577464789 0.10768779342723005 0.05677816901408451 0.20363849765258216
0 0.34242957746478875 0.5217136150234741 0.06690140845070422 0.09624413145539906
0 0.2607834507042254 0.5158450704225352 0.07526408450704225 0.09859154929577464
0 0.183318661971831 0.5217136150234741 0.06205985915492958 0.1068075117370892
0 0.03939260563380282 0.5149647887323944 0.06205985915492958 0.10035211267605634
0 0.10101232394366197 0.5217136150234741 0.047975352112676055 0.09624413145539906
0 0.930237676056338 1.057511737089202 0.06205985915492958 0.08450704225352113
