0 0.8393485915492958 0.323943661971831 0.14788732394366197 0.1467136150234742
0 0.6434859154929577 0.6657863849765259 0.08098591549295775 0.13556338028169015
0 0.2007042253521127 1.090962441314554 0.0818661971830986 0.11619718309859155
0 0.5922095070422535 0.27523474178403756 0.12191901408450705 0.24413145539906103
0 0.30391725352112675 0.6669600938967136 0.11047535211267606 0.1238262910798122
0 0.19190140845070422 0.6669600938967136 0.09683098591549295 0.12852112676056338
0 0.42077464788732394 0.6426056338028169 0.0994718309859155 0.15140845070422534
0 0.4665492957746479 0.2720070422535211 0.11707746478873239 0.2505868544600939
0 0.711487676056338 0.27230046948356806 0.10871478873239436 0.22652582159624413
0 0.22579225352112675 0.284037558685446 0.10651408450704225 0.215962441314554
0 0.3457306338028169 0.2687793427230047 0.10695422535211267 0.2335680751173709
0 0.5292693661971831 0.6455399061032864 0.09991197183098592 0.15610328638497653
0 0.758362676056338 0.6555164319248826 0.10827464788732394 0.1643192488262911
0 0.9779929577464789 0.6781103286384976 0.08714788732394366 0.11443661971830986
0 0.9777728873239436 0.21948356807511737 0.050616197183098594 0.11502347417840375
0 0.554137323943662 0.8794014084507042 0.05017605633802817 0.13791079812206572
0 0.445862676056338 0.8626760563380281 0.04665492957746479 0.10915492957746478
0 0.6775968309859155 0.8823356807511737 0.05149647887323944 0.13204225352112675
0 0.28014964788732394 1.085093896713615 0.047975352112676055 0.10328638497652583
0 0.4949383802816901 0.8732394366197183 0.04357394366197183 0.11502347417840375
0 0.856294014084507 0.8893779342723005 0.047975352112676055 0.11208920187793427
0 0.616637323943662 0.8802816901408451 0.043133802816901406 0.1396713615023474
0 0.375 1.0871478873239437 0.0448943661971831 0.09565727699530517
0 0.6080545774647887 1.0839201877934272 0.05677816901408451 0.09389671361502347
0 0.32526408450704225 1.0786384976525822 0.04137323943661972 0.09859154929577464
0 0.38600352112676056 0.8573943661971831 0.04401408450704225 0.10093896713615023
0 0.7676056338028169 0.858274647887324 0.05369718309859155 0.10856807511737089
0 0.4269366197183099 1.091255868544601 0.05017605633802817 0.0721830985915493
0 0.7220510563380281 0.8617957746478874 0.035651408450704226 0.09800469483568075
0 0.6709947183098591 1.0777582159624413 0.037411971830985914 0.08626760563380281
0 0.9892165492957746 0.8958333333333334 0.061179577464788734 0.1073943661971831
0 0.9258362676056338 0.8955399061032864 0.04533450704225352 0.1267605633802817
0 1.0922095070422535 0.9759389671361502 0.09991197183098592 0.31103286384976525
