0 0.3329665492957746 0.3890845070422535 0.10079225352112677 0.16314553990610328
0 0.4654489436619718 0.40669014084507044 0.09022887323943662 0.1936619718309859
0 0.4139524647887324 0.6387910798122066 0.047975352112676055 0.11913145539906103
0 0.5644806338028169 0.4157863849765258 0.06910211267605634 0.1954225352112676
0 0.7491197183098591 0.6549295774647887 0.09066901408450705 0.15845070422535212
0 0.11641725352112677 0.11737089201877934 0.0682218309859155 0.16549295774647887
0 0.17495598591549297 0.6569835680751174 0.08142605633802817 0.16490610328638497
0 0.625 0.653755868544601 0.09066901408450705 0.1267605633802817
0 0.7330545774647887 0.1481807511737089 0.08054577464788733 0.20833333333333334
0 0.15074823943661972 0.3846830985915493 0.0743838028169014 0.16490610328638497
0 0.6650528169014085 0.4119718309859155 0.07482394366197183 0.18309859154929578
0 0.7605633802816901 0.414612676056338 0.06690140845070422 0.1965962441314554
0 0.5946302816901409 0.10974178403755869 0.14348591549295775 0.19131455399061034
0 0.4082306338028169 0.08890845070422536 0.11223591549295775 0.159037558685446
0 0.5149647887323944 0.636443661971831 0.04753521126760563 0.1238262910798122
0 0.2948943661971831 0.6575704225352113 0.06073943661971831 0.15316901408450703
0 0.9335387323943662 0.8019366197183099 0.05193661971830986 0.13204225352112675
0 0.26936619718309857 0.13321596244131456 0.0721830985915493 0.11854460093896714
0 0.2577024647887324 0.369424882629108 0.03477112676056338 0.13556338028169015
0 0.9709507042253521 0.5495892018779343 0.08362676056338028 0.159037558685446
0 1.0768045774647887 0.551056338028169 0.08494718309859155 0.1643192488262911
0 0.972931338028169 0.10504694835680752 0.0664612676056338 0.1255868544600939
0 1.0501760563380282 0.09683098591549295 0.05369718309859155 0.12910798122065728
0 1.0288292253521127 0.7910798122065728 0.058538732394366196 0.15610328638497653
0 0.8926056338028169 0.5575117370892019 0.058098591549295774 0.15375586854460094
0 0.2616637323943662 0.8867370892018779 0.19234154929577466 0.13732394366197184
0 0.41087147887323944 0.8961267605633803 0.07878521126760564 0.13145539906103287
0 0.6610915492957746 0.9154929577464789 0.0625 0.14906103286384975
0 0.5035211267605634 0.8832159624413145 0.0528169014084507 0.09741784037558686
0 0.7352552816901409 0.9014084507042254 0.047975352112676055 0.1056338028169014
0 0.5814260563380281 0.9099178403755869 0.0528169014084507 0.11561032863849766
0 1.0924295774647887 0.8230633802816901 0.04137323943661972 0.08744131455399061
0 0.893705985915493 1.000293427230047 0.047975352112676055 0.06514084507042253
0 0.8871038732394366 0.806631455399061 0.04621478873239437 0.1437793427230047
