0 0.5856073943661971 0.22007042253521128 0.2055457746478873 0.15375586854460094
0 0.7955545774647887 0.545774647887324 0.15713028169014084 0.15023474178403756
0 0.8169014084507042 0.23767605633802816 0.18221830985915494 0.14788732394366197
0 0.6258802816901409 0.5249413145539906 0.14788732394366197 0.1813380281690141
0 0.45598591549295775 0.5120305164319249 0.14788732394366197 0.18016431924882628
0 0.8243838028169014 0.3931924882629108 0.13732394366197184 0.06455399061032864
0 0.5774647887323944 0.7147887323943662 0.20158450704225353 0.05985915492957746
0 0.29731514084507044 0.5181924882629108 0.15889084507042253 0.16784037558685447
0 0.8109595070422535 0.7285798122065728 0.17913732394366197 0.06514084507042253
0 0.32504401408450706 0.21948356807511737 0.24867957746478872 0.19248826291079812
0 0.06294014084507042 0.5120305164319249 0.11179577464788733 0.19307511737089203
0 0.4390404929577465 0.38028169014084506 0.144806338028169 0.062206572769953054
0 0.5880281690140845 0.0710093896713615 0.19102112676056338 0.07863849765258216
0 0.8384683098591549 0.07863849765258216 0.22007042253521128 0.11384976525821597
0 0.2673855633802817 0.38791079812206575 0.12984154929577466 0.06572769953051644
0 0.304137323943662 0.07306338028169014 0.2262323943661972 0.09800469483568075
0 0.13358274647887325 0.24911971830985916 0.14392605633802816 0.13673708920187794
0 1.0413732394366197 0.19512910798122066 0.17693661971830985 0.23767605633802816
0 0.33252640845070425 0.9019953051643192 0.22139084507042253 0.21830985915492956
0 0.10607394366197183 0.8761737089201878 0.2112676056338028 0.19953051643192488
0 0.59375 0.8782276995305164 0.20950704225352113 0.18955399061032863
0 0.8342869718309859 0.9178403755868545 0.18794014084507044 0.1807511737089202
0 0.08846830985915492 1.1115023474178405 0.12059859154929578 0.04929577464788732
0 0.42077464788732394 1.1006455399061033 0.12059859154929578 0.061619718309859156
0 0.09264964788732394 1.0422535211267605 0.14392605633802816 0.04812206572769953
0 0.269806338028169 1.0836267605633803 0.14700704225352113 0.08157276995305164
0 1.0787852112676057 0.9237089201877934 0.0994718309859155 0.1960093896713615
0 0.11553697183098592 0.1335093896713615 0.08934859154929578 0.041666666666666664
0 1.091549295774648 0.5595657276995305 0.09683098591549295 0.20598591549295775
