0 0.3578345070422535 0.8650234741784038 0.4391030657979567 0.9812998688531818
0 0.4467429577464789 0.8450704225352113 0.515208299754513 0.964879653507902
0 0.7821302816901409 0.9395539906103286 0.8640923722351717 0.999
0 0.6509683098591549 0.25997652582159625 0.7123015104269986 0.47461268983226435
0 0.7588028169014085 0.585093896713615 0.8249301043939694 0.7807599214221164
0 0.46258802816901406 0.2546948356807512 0.5438104806214045 0.46639982697436577
0 0.45774647887323944 0.5774647887323944 0.5310485270779607 0.7690273093962838
0 0.6786971830985915 0.5886150234741784 0.7426590241271573 0.7901475263946748
0 0.3772007042253521 0.5839201877934272 0.43381285180271767 0.7725446477771165
0 0.5497359154929577 0.2529342723004695 0.6313601514456457 0.45055578974630256
0 0.3102992957746479 0.2505868544600939 0.3687014527747471 0.45642571193987086
0 0.889524647887324 0.2546948356807512 0.9525134134472327 0.46581297251427184
0 0.1382042253521127 0.5727699530516432 0.225731424196588 0.7531849941590073
0 0.38600352112676056 0.25528169014084506 0.45185475197133507 0.45055441215367326
0 0.19630281690140844 0.2511737089201878 0.27456148643622297 0.4716835835041548
0 0.5378521126760564 0.5874413145539906 0.5979146777673081 0.7725425813881724
0 0.10299295774647887 0.2605633802816901 0.18305326014183693 0.485762580175891
0 0.5999119718309859 0.57981220657277 0.6674296162095814 0.7743076219444995
0 0.7306338028169014 0.2717136150234742 0.798534052023408 0.4722583840287421
0 0.26276408450704225 0.5639671361502347 0.314585051019143 0.7672746671736207
0 0.3261443661971831 0.5633802816901409 0.3744163096979766 0.7661013026515903
0 0.9106514084507042 0.5733568075117371 0.9859548189223369 0.7672691568031034
0 0.3164612676056338 0.008215962441314555 0.3942269096533426 0.12206090612532787
0 0.8142605633802817 0.2505868544600939 0.86803949799147 0.45642571193987086
0 0.8283450704225352 0.5710093896713615 0.8953220312190042 0.7725522245365778
0 0.9568661971830986 0.2805164319248826 0.999 0.48692457955872953
0 0.22579225352112675 0.8550469483568075 0.2705872393250347 0.9848268503824197
0 0.2772887323943662 0.8585680751173709 0.3251420384100377 0.9901064741343208
0 0.17253521126760563 0.8568075117370892 0.2208747644316604 0.9619384932442857
0 0.3529929577464789 0.999 0.4663939291559215 0.999
0 0.8340669014084507 0.704225352112676 0.8882772592863519 0.7836242808966475
0 0.010123239436619719 0.7435446009389671 0.11487230491221981 0.9755026146708105
0 0.5963908450704225 0.948943661971831 0.6837163772688951 0.999
0 0.8772007042253521 0.9084507042253521 0.9714448940562389 0.999
0 0.6808978873239436 0.9366197183098591 0.7686263653664948 0.999
0 0.07174295774647887 0.004107981220657277 0.17690504271225946 0.1197158990720536
0 0.18970070422535212 0.002347417840375587 0.2943707303238445 0.13497514822896692
0 0.39920774647887325 0.004107981220657277 0.4949827430693315 0.12969242489364985
0 0.5092429577464789 0.01232394366197183 0.6076103684164849 0.13849042022085564
0 0.6298415492957746 0.0005868544600938967 0.7083495415716128 0.1332156180431572
0 0.7235915492957746 0.0005868544600938967 0.8108610952687958 0.13145505466287552
0 0.8600352112676056 0.005868544600938967 0.9529665337978576 0.13145195507945956
