0 0.9036091549295775 0.3315727699530516 0.1681338028169014 0.25938967136150237
0 0.5572183098591549 0.3453638497652582 0.15140845070422534 0.198943661971831
0 0.44784330985915494 0.6651995305164319 0.19234154929577466 0.20950704225352113
0 0.7262323943661971 0.33832159624413144 0.15845070422535212 0.21654929577464788
0 0.7671654929577465 0.6807511737089202 0.06690140845070422 0.21948356807511737
0 0.6945422535211268 0.1657863849765258 0.15845070422535212 0.0886150234741784
0 0.10431338028169014 0.6408450704225352 0.09419014084507042 0.17488262910798122
0 0.20444542253521128 0.6499413145539906 0.09110915492957747 0.1742957746478873
0 0.3985475352112676 0.33039906103286387 0.12720070422535212 0.22183098591549297
0 0.22183098591549297 0.3799882629107981 0.12852112676056338 0.1426056338028169
0 0.06205985915492958 0.36795774647887325 0.12323943661971831 0.1572769953051643
0 0.6382042253521126 0.6575704225352113 0.1382042253521127 0.21185446009389672
0 0.6808978873239436 0.8606220657276995 0.176056338028169 0.04870892018779343
0 0.055897887323943664 0.23796948356807512 0.09419014084507042 0.07570422535211267
0 0.9075704225352113 0.681924882629108 0.1522887323943662 0.23826291079812206
0 1.0776848591549295 0.289612676056338 0.12632042253521128 0.3644366197183099
0 0.8934859154929577 0.13849765258215962 0.15757042253521128 0.05868544600938967
0 0.6595510563380281 1.040199530516432 0.2539612676056338 0.19072769953051644
0 0.46016725352112675 1.0196596244131455 0.1430457746478873 0.18838028169014084
0 0.09022887323943662 0.8230633802816901 0.1602112676056338 0.05575117370892019
0 0.2550616197183099 0.9961854460093896 0.17649647887323944 0.2282863849765258
0 0.8851232394366197 0.9947183098591549 0.14964788732394366 0.284037558685446
0 1.0928697183098592 0.7526408450704225 0.09419014084507042 0.06279342723004695
0 0.20950704225352113 0.2300469483568075 0.15845070422535212 0.12441314553990611
0 0.08054577464788733 0.9671361502347418 0.14964788732394366 0.15610328638497653
0 1.0928697183098592 0.6273474178403756 0.09419014084507042 0.13732394366197184
0 1.0757042253521127 1.096830985915493 0.13028169014084506 0.07746478873239436
