0 0.363556338028169 0.23708920187793428 0.4835547727385439 0.37486086314443784
0 0.31205985915492956 0.45011737089201875 0.38146476238593535 0.580721762106284
0 0.542693661971831 0.17194835680751175 0.6617329693389209 0.34438265941501905
0 0.6139964788732394 0.6965962441314554 0.6639022902821861 0.8241217158191717
0 0.47491197183098594 0.460093896713615 0.5297205493081729 0.5672182547554497
0 0.6527288732394366 0.4636150234741784 0.6973359467987502 0.5871692400096983
0 0.31954225352112675 0.704225352112676 0.37045794795179526 0.8159012762018119
0 0.5290492957746479 0.45598591549295775 0.5789924959085498 0.567220665542551
0 0.5893485915492958 0.4583333333333333 0.6353039838945647 0.5701535602503912
0 0.4234154929577465 0.46068075117370894 0.4707643417724658 0.5619362202164473
0 0.8648767605633803 0.7276995305164319 0.9247953887497521 0.8745729462849082
0 0.6742957746478874 0.7012910798122066 0.721534200803412 0.8100344535916596
0 0.417693661971831 0.7206572769953051 0.47164714187413215 0.8305629945557539
0 0.2266725352112676 0.6895539906103286 0.26926642934189643 0.7959568345125526
0 0.8525528169014085 0.46068075117370894 0.8979522214714343 0.5631099291366352
0 0.7557218309859155 0.7083333333333334 0.8126075167997421 0.8094434663536777
0 0.49119718309859156 0.727112676056338 0.5455584519440587 0.8569676568802487
0 0.5691021126760564 0.7112676056338029 0.6102248670278715 0.8440661575084308
0 0.17913732394366197 0.6901408450704225 0.22263242195248958 0.7900879455134564
0 0.8252640845070423 0.25704225352112675 0.9296543732022415 0.3771965714474641
0 0.27596830985915494 0.7030516431924883 0.3154595209903789 0.8112071293173753
0 0.37808098591549294 0.46068075117370894 0.42280894322803014 0.5490254220943817
0 0.1289612676056338 0.13908450704225353 0.2279361966251736 0.228791617073332
0 0.8195422535211268 0.4624413145539906 0.8587942155574291 0.5678037316229143
0 0.7310739436619719 0.23884976525821597 0.8007345625247966 0.35842790506733674
0 0.375 0.7077464788732394 0.41268705985915494 0.8276362990147457
0 0.7064260563380281 0.46068075117370894 0.7496890730385837 0.5625230746765413
0 0.9423415492957746 0.25997652582159625 0.999 0.36839203255526903
0 0.7222711267605634 0.7083333333333334 0.7584849158773062 0.8082697574334898
0 0.12455985915492958 0.24882629107981222 0.22177616203382264 0.3578351958385682
0 0.167693661971831 0.5023474178403756 0.21207407849385043 0.5847990918909387
0 0.7711267605633803 0.4706572769953052 0.8200831308272168 0.5842308349313408
0 0.9286971830985915 0.7353286384976526 0.9736229325778616 0.8552022719257644
0 0.920774647887324 0.47300469483568075 0.9670243069331482 0.5595815700147678
0 0.8327464788732394 0.721244131455399 0.8728729108807776 0.8499288473406952
0 0.49471830985915494 0.9753521126760564 0.5420357753917874 0.999
0 0.7777288732394366 0.9747652582159625 0.8200802249677643 0.999
0 0.5959507042253521 0.9818075117370892 0.6401426273308868 0.999
0 0.4392605633802817 0.9700704225352113 0.48528201559710377 0.999
0 0.335387323943662 0.9307511737089202 0.37749322741023605 0.999
0 0.5536971830985915 0.9618544600938967 0.5979077037046221 0.999
0 0.16725352112676056 0.9254694835680751 0.2133946947530252 0.9935883395049483
0 0.04929577464788732 0.999 0.1465452043245388 0.999
0 0.8829225352112676 0.954225352112676 0.9331501221235865 0.999
0 0.8257042253521126 0.9524647887323944 0.8750767146895457 0.999
0 0.9366197183098591 0.9583333333333334 0.9872638117437016 0.999
0 0.37588028169014087 0.10035211267605634 0.49103174283376316 0.23350918303246712
