0 0.11597711267605634 0.4084507042253521 0.20642605633802816 0.3438967136150235
0 0.44630281690140844 0.8198356807511737 0.20246478873239437 0.44014084507042256
0 0.4311179577464789 0.3274647887323944 0.19674295774647887 0.4213615023474178
0 0.6610915492957746 0.8218896713615024 0.20598591549295775 0.4254694835680751
0 0.6819982394366197 0.30663145539906106 0.2266725352112676 0.4841549295774648
0 0.8932658450704225 0.32511737089201875 0.18882042253521128 0.4507042253521127
0 0.09815140845070422 0.11825117370892019 0.17693661971830985 0.12852112676056338
0 0.10387323943661972 0.1960093896713615 0.17165492957746478 0.05868544600938967
0 0.9106514084507042 0.8436032863849765 0.20422535211267606 0.443075117370892
0 0.22601232394366197 0.7309272300469484 0.19762323943661972 0.5005868544600939
