0 0.2984154929577465 0.19131455399061034 0.4558545706457052 0.4194886651678459
0 0.12852112676056338 0.8456572769953051 0.29835892556040466 0.999
0 0.0035211267605633804 0.8415492957746479 0.09242802767308074 0.999
0 0.641725352112676 0.5886150234741784 0.8298231842640349 0.7842789817937358
0 0.6346830985915493 0.17253521126760563 0.7827312134249157 0.4018940521060636
0 0.47491197183098594 0.18720657276995306 0.614227591561694 0.39719060647137916
0 0.39524647887323944 0.6302816901408451 0.6085408246131719 0.76840945910203
0 0.3058978873239437 0.6097417840375586 0.37178437592987507 0.7783980388591328
0 0.5664612676056338 0.002347417840375587 0.7928844800758778 0.09506904494258193
0 0.2108274647887324 0.5093896713615024 0.2811572062214838 0.600053175075492
0 0.1386443661971831 0.642018779342723 0.25257982202192025 0.776031679120104
0 0.878080985915493 0.6026995305164319 0.999 0.7930735331393682
0 0.8129401408450704 0.16842723004694835 0.9327407833887126 0.42067580561616963
0 0.9634683098591549 0.17136150234741784 0.999 0.3825285437192797
0 0.9964788732394366 0.46068075117370894 0.999 0.5460911497939122
0 0.8362676056338029 0.007629107981220657 0.999 0.0845025650774758
0 0.6778169014084507 0.9284037558685446 0.8716206791807181 0.999
0 0.414612676056338 0.9612676056338029 0.6138139908996231 0.999
0 0.2953345070422535 0.8585680751173709 0.34053902530499897 0.999
0 0.9357394366197183 0.8931924882629108 0.999 0.999
0 0.9251760563380281 0.999 0.999 0.999
0 0.04709507042253521 0.22476525821596244 0.156669412380976 0.40421081851043666
0 0.22183098591549297 0.2335680751173709 0.3035995462209879 0.3842526008948842
0 0.999 0.19483568075117372 0.999 0.34906406356763425
0 0.999 0.5874413145539906 0.999 0.7173782621393462
0 0.289612676056338 0.0017605633802816902 0.479626050758778 0.11091445976327448
0 0.0682218309859155 0.022300469483568074 0.22268124039129142 0.10562071568692279
