0 0.7519806338028169 0.3529929577464789 0.1800176056338028 0.1965962441314554
0 0.8397887323943662 0.7479460093896714 0.17781690140845072 0.20129107981220656
0 0.43441901408450706 0.716255868544601 0.17517605633802816 0.22946009389671362
0 0.519806338028169 0.3474178403755869 0.20598591549295775 0.1807511737089202
0 0.6443661971830986 0.7077464788732394 0.1505281690140845 0.22300469483568075
0 0.23415492957746478 0.6696009389671361 0.1443661971830986 0.06924882629107981
0 0.370818661971831 0.07834507042253522 0.2733274647887324 0.14964788732394366
0 0.3232834507042254 0.4278169014084507 0.16593309859154928 0.0892018779342723
0 0.17649647887323944 0.11971830985915492 0.10211267605633803 0.0715962441314554
0 0.6500880281690141 0.08157276995305164 0.21214788732394366 0.13615023474178403
0 0.30633802816901406 0.33392018779342725 0.18397887323943662 0.09741784037558686
0 0.18023767605633803 0.04401408450704225 0.08934859154929578 0.06924882629107981
0 0.14414612676056338 0.44014084507042256 0.08758802816901408 0.09507042253521127
0 1.044674295774648 0.35827464788732394 0.16329225352112675 0.20011737089201878
0 0.8796214788732394 0.08656103286384977 0.2266725352112676 0.16607981220657278
0 0.9192341549295775 1.0196596244131455 0.16593309859154928 0.17312206572769953
0 0.39326584507042256 1.0478286384976525 0.15184859154929578 0.07687793427230047
0 0.7491197183098591 1.0234741784037558 0.12411971830985916 0.18779342723004694
0 0.4084507042253521 0.9606807511737089 0.13732394366197184 0.0715962441314554
0 0.2323943661971831 0.8075117370892019 0.14172535211267606 0.07746478873239436
0 0.5805457746478874 1.0446009389671362 0.15140845070422534 0.08098591549295775
0 0.5867077464788732 0.9598004694835681 0.136443661971831 0.07453051643192488
0 1.0820862676056338 1.029049295774648 0.09022887323943662 0.18955399061032863
0 1.0807658450704225 0.08656103286384977 0.10079225352112677 0.16960093896713616
0 0.2381161971830986 0.7347417840375586 0.176056338028169 0.046948356807511735
0 1.047975352112676 0.7350352112676056 0.1857394366197183 0.21889671361502347
