0 1.0347711267605635 0.983274647887324 0.21214788732394366 0.15786384976525822
0 0.6503080985915493 0.3095657276995305 0.2169894366197183 0.17546948356807512
0 0.8021566901408451 0.6282276995305164 0.24075704225352113 0.17781690140845072
0 0.457306338028169 0.7875586854460094 0.25880281690140844 0.22300469483568075
0 0.4198943661971831 0.3427230046948357 0.1487676056338028 0.22535211267605634
0 0.6441461267605634 0.13145539906103287 0.1993838028169014 0.06455399061032864
0 0.14040492957746478 0.31690140845070425 0.12411971830985916 0.21948356807511737
0 0.061619718309859156 0.13497652582159625 0.08626760563380281 0.08450704225352113
0 0.8807218309859155 0.26965962441314556 0.14788732394366197 0.3315727699530516
0 0.7702464788732394 0.9756455399061033 0.23415492957746478 0.16842723004694835
0 0.7731073943661971 0.8045774647887324 0.22755281690140844 0.15375586854460094
0 0.46963028169014087 0.9636150234741784 0.2227112676056338 0.13028169014084506
0 0.16109154929577466 0.8262910798122066 0.13468309859154928 0.11737089201877934
0 1.0413732394366197 0.7913732394366197 0.198943661971831 0.1954225352112676
0 0.04159330985915493 0.2981220657276995 0.08142605633802817 0.21244131455399062
