0 0.6956426056338029 1.0654342723004695 0.06205985915492958 0.13791079812206572
0 0.6342429577464789 1.0721830985915493 0.05017605633802817 0.12089201877934272
0 0.581205985915493 1.0724765258215962 0.047975352112676055 0.13438967136150234
0 0.5149647887323944 1.0721830985915493 0.05017605633802817 0.13732394366197184
0 0.9826144366197183 0.8315727699530516 0.13600352112676056 0.2676056338028169
0 1.0981514084507042 0.8931924882629108 0.08538732394366197 0.1596244131455399
0 0.8518926056338029 0.7928403755868545 0.12808098591549297 0.23826291079812206
0 0.7279929577464789 0.7928403755868545 0.09859154929577464 0.22769953051643194
0 0.6102552816901409 0.8198356807511737 0.12191901408450705 0.20539906103286384
0 0.48547535211267606 0.8333333333333334 0.10475352112676056 0.16784037558685447
0 0.6366637323943662 0.5208333333333334 0.13600352112676056 0.17077464788732394
0 0.5105633802816901 0.5269953051643192 0.09330985915492958 0.13849765258215962
0 1.0057218309859155 0.5202464788732394 0.1382042253521127 0.159037558685446
0 1.1126760563380282 0.4994131455399061 0.04929577464788732 0.1936619718309859
0 0.7680457746478874 0.25264084507042256 0.13204225352112675 0.10387323943661972
0 0.9456426056338029 0.25440140845070425 0.18882042253521128 0.13086854460093897
0 1.0886883802816902 0.2690727699530516 0.08142605633802817 0.11913145539906103
0 0.7959947183098591 0.12910798122065728 0.1694542253521127 0.09507042253521127
0 0.6232394366197183 0.13849765258215962 0.12940140845070422 0.11384976525821597
0 0.623899647887324 0.25088028169014087 0.13336267605633803 0.0897887323943662
0 0.4942781690140845 0.2505868544600939 0.10475352112676056 0.062206572769953054
0 0.49955985915492956 0.15082159624413147 0.10211267605633803 0.06572769953051644
0 0.09639084507042253 0.7083333333333334 0.0721830985915493 0.11384976525821597
0 0.2581426056338028 0.721244131455399 0.06734154929577464 0.12910798122065728
0 0.29379401408450706 0.5492957746478874 0.061179577464788734 0.13145539906103287
0 0.22139084507042253 0.551056338028169 0.06073943661971831 0.12441314553990611
0 0.27244718309859156 0.36913145539906106 0.05721830985915493 0.1643192488262911
0 0.08538732394366197 0.35944835680751175 0.09154929577464789 0.15551643192488263
0 0.18639964788732394 0.10768779342723005 0.0840669014084507 0.15551643192488263
0 0.26452464788732394 0.10416666666666667 0.04929577464788732 0.15199530516431925
0 0.06095950704225352 0.11443661971830986 0.08670774647887323 0.1619718309859155
0 0.17099471830985916 0.8644366197183099 0.08670774647887323 0.09507042253521127
0 0.14282570422535212 0.5349178403755869 0.07262323943661972 0.11208920187793427
0 0.06778169014084508 0.5460680751173709 0.04137323943661972 0.1449530516431925
0 0.29643485915492956 0.9870892018779343 0.0761443661971831 0.1431924882629108
0 0.3668573943661972 0.8342136150234741 0.07262323943661972 0.1238262910798122
0 0.20202464788732394 0.35357981220657275 0.06073943661971831 0.12265258215962441
0 0.12279929577464789 1.0196596244131455 0.07658450704225352 0.10152582159624413
0 0.05171654929577465 1.0102699530516432 0.047975352112676055 0.10387323943661972
0 0.20202464788732394 0.9964788732394366 0.06866197183098592 0.07981220657276995
0 0.8659771126760564 0.4950117370892019 0.08670774647887323 0.198943661971831
