0 0.999 0.1960093896713615 0.999 0.4183122010623994
0 0.20906690140845072 0.2746478873239437 0.2904009388638167 0.3942050188454672
0 0.6100352112676056 0.25704225352112675 0.6911927661922238 0.39480220525028104
0 0.8375880281690141 0.23943661971830985 0.8860750052692918 0.40537591747669116
0 0.7984154929577465 0.4876760563380282 0.8684866128992264 0.6041738990279707
0 0.508362676056338 0.4782863849765258 0.5763607558644118 0.586573775595671
0 0.5972711267605634 0.4800469483568075 0.6775540179899822 0.5877464513213868
0 0.6879401408450704 0.4794600938967136 0.7717042516985717 0.5801176877383235
0 0.3173415492957746 0.4665492957746479 0.37133919826175366 0.5548905227137473
0 0.417693661971831 0.47007042253521125 0.4879323531417378 0.5531278929445216
0 0.5 0.6936619718309859 0.5459947183098591 0.7812830622231038
0 0.7125880281690141 0.2306338028169014 0.7716934031566157 0.4077285012894267
0 0.6267605633802817 0.70481220657277 0.6894248413013291 0.7818633731182084
0 0.2632042253521127 0.4642018779342723 0.3075426037740528 0.552544482466001
0 0.5669014084507042 0.6983568075117371 0.6093455539575481 0.7748249079768124
0 0.2649647887323944 0.6795774647887324 0.31502422324439594 0.7648594028962508
0 0.43133802816901406 0.26291079812206575 0.5442643758678833 0.398906742489365
0 0.3173415492957746 0.6919014084507042 0.36737793065611984 0.7742418418964491
0 0.18661971830985916 0.6613849765258216 0.24683687512398333 0.7501987177367806
0 0.9159330985915493 0.18368544600938966 0.9894736209953382 0.4183194334237034
0 0.7830105633802817 0.2529342723004695 0.8359229707027376 0.40008630617822744
0 0.9511443661971831 0.7394366197183099 0.999 0.8475707531574422
0 0.999 0.721830985915493 0.999 0.8657735733650731
0 0.9009683098591549 0.49471830985915494 0.9604309118354493 0.6164937099120545
0 0.999 0.49061032863849763 0.999 0.6493599704644141
0 0.9713908450704225 0.4988262910798122 0.999 0.6428997498291784
0 0.9977992957746479 0.18309859154929578 0.999 0.4147986510612974
0 0.9586267605633803 0.01056338028169014 0.999 0.09858535012894266
0 0.1914612676056338 0.846830985915493 0.27852488500545525 0.9742682916749322
0 0.3067781690140845 0.8421361502347418 0.39599173496082124 0.9789658825409421
0 0.7090669014084507 0.721830985915493 0.7703745304131124 0.7976984559941811
0 0.7711267605633803 0.8967136150234741 0.8500127082920055 0.999
0 0.792693661971831 0.7300469483568075 0.8618870186346955 0.8023884701007296
0 0.41725352112676056 0.8526995305164319 0.4958550820769689 0.9502038148295091
0 0.4300176056338028 0.7130281690140845 0.48000439365949216 0.7889008050651326
0 0.999 0.9413145539906104 0.999 0.999
0 0.5470950704225352 0.125 0.5468542715359056 0.12492664319248827
0 0.2869718309859155 0.26467136150234744 0.4276905933842492 0.4006662726751747
0 0.1936619718309859 0.43896713615023475 0.24287250793493353 0.5525592915867663
0 0.8639964788732394 0.8879107981220657 0.9322781705638763 0.999
0 0.9859154929577465 0.9172535211267606 0.999 0.999
