0 0.7378961267605634 0.6464201877934272 0.20202464788732394 0.16490610328638497
0 0.3871038732394366 0.2021713615023474 0.23283450704225353 0.2904929577464789
0 0.6483274647887324 0.2007042253521127 0.25880281690140844 0.289906103286385
0 0.14568661971830985 0.21390845070422534 0.1954225352112676 0.2869718309859155
0 0.5255281690140845 0.6223591549295775 0.17253521126760563 0.25880281690140844
0 0.3320862676056338 0.6068075117370892 0.12191901408450705 0.2687793427230047
0 0.0682218309859155 0.6188380281690141 0.10915492957746478 0.18016431924882628
0 0.19630281690140844 0.4583333333333333 0.16901408450704225 0.09624413145539906
0 0.20796654929577466 0.6317488262910798 0.1307218309859155 0.20598591549295775
0 0.9264964788732394 0.6464201877934272 0.0994718309859155 0.1813380281690141
0 1.041593309859155 0.64231220657277 0.10607394366197183 0.16960093896713616
0 0.8686179577464789 0.198943661971831 0.1624119718309859 0.2863849765258216
0 0.5316901408450704 0.9571596244131455 0.1522887323943662 0.21948356807511737
0 0.32108274647887325 0.9606807511737089 0.1113556338028169 0.22887323943661972
0 0.2108274647887324 0.9410211267605634 0.07042253521126761 0.22124413145539906
0 0.13468309859154928 0.9375 0.0818661971830986 0.15082159624413147
0 0.8503521126760564 0.9595070422535211 0.09683098591549295 0.22652582159624413
0 0.9790933098591549 0.9565727699530516 0.13424295774647887 0.20892018779342722
0 0.6943221830985915 0.9797535211267606 0.12984154929577466 0.1073943661971831
0 0.5288292253521126 0.4480633802816901 0.16593309859154928 0.0534037558685446
0 0.3470510563380282 0.4404342723004695 0.13952464788732394 0.061619718309859156
