0 0.6923415492957746 1.0827464788732395 0.1681338028169014 0.11619718309859155
0 0.3402288732394366 0.5780516431924883 0.19454225352112675 0.23943661971830985
0 0.7526408450704225 0.5595657276995305 0.17341549295774647 0.2306338028169014
0 0.9203345070422535 0.14465962441314553 0.2306338028169014 0.23415492957746478
0 0.1133362676056338 0.5563380281690141 0.20202464788732394 0.22065727699530516
0 0.5607394366197183 0.36502347417840375 0.17869718309859156 0.09624413145539906
0 0.5598591549295775 0.5243544600938967 0.14700704225352113 0.1766431924882629
0 0.6659330985915493 0.11120892018779342 0.19806338028169015 0.20363849765258216
0 0.4357394366197183 0.12001173708920188 0.1382042253521127 0.22711267605633803
0 1.044894366197183 0.8397887323943662 0.11003521126760564 0.11971830985915492
0 0.965669014084507 0.4410211267605634 0.1936619718309859 0.14847417840375587
0 0.9579665492957746 0.6467136150234741 0.16505281690140844 0.2112676056338028
0 0.8996478873239436 0.8568075117370892 0.1522887323943662 0.09624413145539906
0 0.4570862676056338 0.8767605633802817 0.22139084507042253 0.142018779342723
0 0.20180457746478872 0.9119718309859155 0.20642605633802816 0.21244131455399062
0 0.20026408450704225 1.0918427230046948 0.20422535211267606 0.09330985915492958
0 0.7086267605633803 0.9063967136150235 0.17077464788732394 0.18955399061032863
0 0.9214348591549296 0.9688967136150235 0.15977112676056338 0.142018779342723
0 0.06470070422535211 0.13615023474178403 0.12059859154929578 0.26173708920187794
0 0.2112676056338028 0.12881455399061034 0.15492957746478872 0.23650234741784038
0 0.42297535211267606 1.09712441314554 0.2112676056338028 0.08744131455399061
0 0.4432218309859155 1.0046948356807512 0.2438380281690141 0.10093896713615023
0 1.1029929577464788 0.2796361502347418 0.061619718309859156 0.13556338028169015
0 1.1027728873239437 0.4404342723004695 0.05677816901408451 0.13204225352112675
0 1.0869278169014085 0.6558098591549296 0.09815140845070422 0.10387323943661972
