0 0.4608274647887324 0.2505868544600939 0.21742957746478872 0.17253521126760563
0 0.6987235915492958 0.2579225352112676 0.1738556338028169 0.13556338028169015
0 0.2462588028169014 0.5325704225352113 0.0840669014084507 0.17077464788732394
0 0.3512323943661972 0.5296361502347418 0.0994718309859155 0.18838028169014084
0 0.14524647887323944 0.5152582159624414 0.07658450704225352 0.1983568075117371
0 0.6965228873239436 0.5272887323943662 0.11751760563380281 0.12969483568075119
0 0.1056338028169014 0.1607981220657277 0.13380281690140844 0.09741784037558686
0 0.4779929577464789 0.721830985915493 0.09419014084507042 0.07863849765258216
0 0.109375 0.27582159624413144 0.11839788732394366 0.08333333333333333
0 0.5757042253521126 0.534330985915493 0.07394366197183098 0.1602112676056338
0 0.46963028169014087 0.5625 0.07306338028169014 0.11913145539906103
0 0.29599471830985913 0.2831572769953052 0.09110915492957747 0.08509389671361503
0 0.48151408450704225 0.8547535211267606 0.07746478873239436 0.13908450704225353
0 0.2125880281690141 0.2813967136150235 0.035211267605633804 0.08626760563380281
0 0.21720950704225353 0.17077464788732394 0.042693661971830985 0.09272300469483569
0 0.8609154929577465 0.5560446009389671 0.0818661971830986 0.159037558685446
0 0.9366197183098591 0.2529342723004695 0.23767605633802816 0.15845070422535212
0 1.1016725352112675 0.28169014084507044 0.058098591549295774 0.13849765258215962
0 0.8694982394366197 0.4099178403755869 0.12367957746478873 0.07687793427230047
0 0.6272007042253521 0.8386150234741784 0.14700704225352113 0.22183098591549297
0 0.8283450704225352 0.8685446009389671 0.18485915492957747 0.26291079812206575
0 0.15735035211267606 1.067488262910798 0.06470070422535211 0.12441314553990611
0 0.08494718309859155 1.074530516431925 0.06338028169014084 0.12323943661971831
0 0.203125 0.8330399061032864 0.08142605633802817 0.18720657276995306
0 0.11795774647887323 0.8424295774647887 0.061619718309859156 0.19072769953051644
0 0.5974911971830986 1.1047535211267605 0.09286971830985916 0.05457746478873239
0 0.7018045774647887 1.1065140845070423 0.08846830985915492 0.04401408450704225
0 0.5 1.0941901408450705 0.04841549295774648 0.07922535211267606
0 0.3824823943661972 0.8732394366197183 0.05985915492957746 0.13145539906103287
0 0.43045774647887325 1.0982981220657277 0.05897887323943662 0.07805164319248827
0 0.351012323943662 1.0774647887323943 0.04445422535211268 0.06690140845070422
0 0.043133802816901406 0.8415492957746479 0.0528169014084507 0.1795774647887324
0 0.2970950704225352 1.0724765258215962 0.040492957746478875 0.0733568075117371
