0 0.5765845070422535 0.5578051643192489 0.06514084507042253 0.1437793427230047
0 1.0994718309859155 0.8729460093896714 0.06866197183098592 0.18251173708920188
0 0.4753521126760563 0.892018779342723 0.08274647887323944 0.13262910798122066
0 0.43485915492957744 1.0724765258215962 0.07570422535211267 0.11443661971830986
0 0.3558538732394366 0.8999413145539906 0.0840669014084507 0.12147887323943662
0 0.8558538732394366 0.2863849765258216 0.061179577464788734 0.22535211267605634
0 0.9352992957746479 0.3095657276995305 0.03873239436619718 0.18251173708920188
0 0.7792693661971831 0.2890258215962441 0.06558098591549295 0.23415492957746478
0 0.2533010563380282 0.5460680751173709 0.04709507042253521 0.12969483568075119
0 0.429137323943662 0.5507629107981221 0.0625 0.12969483568075119
0 0.6588908450704225 0.5598591549295775 0.0528169014084507 0.17488262910798122
0 0.3131602112676056 0.5554577464788732 0.04445422535211268 0.13321596244131456
0 0.3668573943661972 0.5554577464788732 0.04357394366197183 0.1437793427230047
0 0.5022007042253521 0.5613262910798122 0.04137323943661972 0.1613849765258216
0 0.9601672535211268 0.596537558685446 0.06910211267605634 0.16725352112676056
0 0.7513204225352113 0.5827464788732394 0.0721830985915493 0.1596244131455399
0 0.844850352112676 0.9084507042253521 0.050616197183098594 0.14084507042253522
0 0.32922535211267606 1.079518779342723 0.05985915492957746 0.0886150234741784
0 0.5294894366197183 1.0927230046948357 0.07922535211267606 0.0903755868544601
0 0.706205985915493 1.108274647887324 0.0682218309859155 0.06631455399061033
0 0.819762323943662 1.0950704225352113 0.08758802816901408 0.06572769953051644
0 0.570862676056338 0.9078638497652582 0.04753521126760563 0.12910798122065728
0 0.6357834507042254 0.9257629107981221 0.07526408450704225 0.10856807511737089
0 0.6142165492957746 1.0977112676056338 0.07790492957746478 0.08039906103286384
0 0.9524647887323944 0.85768779342723 0.040492957746478875 0.1813380281690141
0 0.26606514084507044 1.0669014084507042 0.04181338028169014 0.09272300469483569
0 0.23657570422535212 0.8996478873239436 0.053257042253521125 0.09272300469483569
0 0.7860915492957746 0.9099178403755869 0.05193661971830986 0.16960093896713616
0 1.0162852112676057 0.8682511737089202 0.04929577464788732 0.18720657276995306
0 0.9055897887323944 0.8852699530516432 0.03653169014084507 0.17077464788732394
0 1.0569982394366197 1.1032863849765258 0.06910211267605634 0.05985915492957746
0 0.7295334507042254 0.9075704225352113 0.0409330985915493 0.16255868544600938
0 0.9126320422535211 1.0947769953051643 0.0761443661971831 0.08626760563380281
0 0.9883362676056338 1.0956572769953052 0.06205985915492958 0.08450704225352113
0 0.9872359154929577 0.3119131455399061 0.04929577464788732 0.18485915492957747
0 1.0576584507042253 0.2834507042253521 0.06602112676056338 0.2347417840375587
0 0.38116197183098594 0.30252347417840375 0.05457746478873239 0.16607981220657278
0 0.4357394366197183 0.30428403755868544 0.04929577464788732 0.16607981220657278
0 0.17737676056338028 0.2767018779342723 0.0448943661971831 0.20715962441314553
0 0.22205105633802816 0.2767018779342723 0.04621478873239437 0.22124413145539906
0 0.269806338028169 0.2811032863849765 0.03609154929577465 0.21948356807511737
0 0.49537852112676056 0.2828638497652582 0.06734154929577464 0.21244131455399062
0 0.559419014084507 0.2852112676056338 0.06866197183098592 0.22065727699530516
0 0.6309419014084507 0.2793427230046948 0.06205985915492958 0.21948356807511737
0 0.6952024647887324 0.2775821596244131 0.06382042253521127 0.215962441314554
0 1.1179577464788732 0.2887323943661972 0.04137323943661972 0.23826291079812206
0 0.17143485915492956 0.5355046948356808 0.05941901408450704 0.1414319248826291
0 0.17539612676056338 0.874706572769953 0.03653169014084507 0.15316901408450703
