0 0.3617957746478873 0.22300469483568075 0.48927737862031345 0.3819113822213405
0 0.8248239436619719 0.24589201877934272 0.9036862570670502 0.4112406736978994
0 0.6100352112676056 0.0035211267605633804 0.7087983999950407 0.13908244065330952
0 0.7244718309859155 0.22007042253521128 0.8042585951448125 0.4077347004562587
0 0.5048415492957746 0.22241784037558684 0.6128939957969648 0.3648929472767749
0 0.12191901408450705 0.5223004694835681 0.16543929620858958 0.6088484152174393
0 0.5933098591549296 0.5886150234741784 0.7228902685479072 0.7132695921223743
0 0.14964788732394366 0.16607981220657278 0.1971172324439595 0.24931568086138112
0 0.09815140845070422 0.3714788732394366 0.15048496857022417 0.4622233105203994
0 0.043133802816901406 0.732981220657277 0.09065002913608411 0.8499219593775487
0 0.628080985915493 0.21713615023474178 0.7083503164674668 0.40245473230620027
0 0.15580985915492956 0.35269953051643194 0.20019550622396348 0.45108409651965
0 0.09286971830985916 0.7617370892018779 0.1500471524127157 0.8452102481870881
0 0.07966549295774648 0.06690140845070422 0.13376775286401507 0.14021895457250544
0 0.08758802816901408 0.5205399061032864 0.12716215315661575 0.60415461273116
0 0.03961267605633803 0.15258215962441316 0.08669031132215829 0.23582594943684015
0 0.14084507042253522 0.06866197183098592 0.18743800833168023 0.14432590259869074
0 0.2579225352112676 0.579225352112676 0.30490408339119224 0.6475474029623752
0 0.03961267605633803 0.5269953051643192 0.08448960709680618 0.6053245332716172
0 0.5453345070422535 0.5046948356807511 0.5855874407979568 0.598295366880469
0 0.00044014084507042255 0.08568075117370892 0.036971637261951996 0.23175722960611872
0 0.71875 0.002347417840375587 0.8117435079225352 0.1390831294496242
0 0.24735915492957747 0.34800469483568075 0.2868629581184289 0.4258521099208711
0 0.008362676056338027 0.3532863849765258 0.05677448825877802 0.44814947982102316
0 0.006161971830985915 0.721244131455399 0.04577193575183495 0.8487551384205073
0 0.8851232394366197 0.5316901408450704 0.9467935197009522 0.654030698274152
0 0.9894366197183099 0.2494131455399061 0.999 0.45936067303665495
0 0.9110915492957746 0.25880281690140844 0.9727503998462608 0.41005938801825037
0 0.8503521126760564 0.020539906103286387 0.9736574154433645 0.17017573949172343
0 0.9828345070422535 0.5311032863849765 0.999 0.723866723423483
0 0.8243838028169014 0.5293427230046949 0.8803589860022812 0.6745719819700676
0 0.999 0.0029342723004694834 0.999 0.1672517991359739
0 0.23327464788732394 0.7805164319248826 0.28114732629934536 0.8581100255681191
0 0.17825704225352113 0.7769953051643192 0.23011520376661374 0.8575252374969693
0 0.2904929577464789 0.7681924882629108 0.32733693091648486 0.8422721875068879
0 0.460387323943662 0.005868544600938967 0.5662586323398136 0.11443317573673654
0 0.3503521126760563 0.009389671361502348 0.45495142952787143 0.09741233000506953
0 0.09375 0.1437793427230047 0.14432493397887325 0.24698135015098416
0 0.6945422535211268 0.8274647887323944 0.8223175430222178 0.9026834126826687
