0 0.00044014084507042255 0.4113849765258216 0.08890825698026186 0.6775754783001608
0 0.698943661971831 0.08215962441314555 0.7827029297262449 0.3497170424739359
0 0.3415492957746479 0.0534037558685446 0.4303074166831978 0.3356494109413917
0 0.2482394366197183 0.05927230046948357 0.33967947207895255 0.34151451156075735
0 0.3085387323943662 0.3967136150234742 0.3643008192198968 0.6306357314465826
0 0.11091549295774648 0.39436619718309857 0.19317301254711366 0.6658483766448456
0 0.20422535211267606 0.4055164319248826 0.2886425064471335 0.6482361992770393
0 0.5277288732394366 0.07042253521126761 0.6124437813057925 0.33739998677511074
0 0.4410211267605634 0.0698356807511737 0.517851663236461 0.3356397677929864
0 0.7975352112676056 0.08450704225352113 0.8746489721781393 0.3444339747404615
0 0.4581866197183099 0.3955399061032864 0.5376504460300535 0.6546974531067469
0 0.37808098591549294 0.4055164319248826 0.45361880238295976 0.6376728189953492
0 0.7447183098591549 0.4154929577464789 0.8302179937016465 0.6300378562454539
0 0.15977112676056338 0.0539906103286385 0.23452474862378495 0.3327147942427649
0 0.6192781690140845 0.0710093896713615 0.6810654585523706 0.3315310977760144
0 0.8838028169014085 0.08450704225352113 0.9599983262249553 0.3520630827216822
0 0.06029929577464789 0.1449530516431925 0.12981500911277524 0.3191637599462188
0 0.010123239436619719 0.14730046948356806 0.0620554035037691 0.32033609127377727
0 0.8820422535211268 0.43427230046948356 0.9789251574588376 0.6934071171945602
0 0.7411971830985915 0.7646713615023474 0.8042512336341996 0.9432132210319821
0 0.9511443661971831 0.10211267605633803 0.9982609399796667 0.35381331415724393
0 0.16461267605633803 0.7640845070422535 0.24156487118131323 0.9913356311578391
0 0.34903169014084506 0.7640845070422535 0.40433581351666337 0.991922485617933
0 0.2636443661971831 0.7723004694835681 0.32030649455713156 0.9907439551235425
0 0.08054577464788733 0.7593896713615024 0.15093285837383455 0.989577822962816
0 0.43309859154929575 0.7687793427230047 0.4879255728030153 0.9907460215124865
0 0.5162852112676056 0.7746478873239436 0.5798783955936322 0.9942637042914766
0 0.5933098591549296 0.7658450704225352 0.6735944939000198 0.9925083068835548
0 0.6782570422535211 0.7588028169014085 0.7360571051750645 0.946150937314025
0 0.0048415492957746475 0.7529342723004695 0.06733941833217616 0.99310273810311
0 0.8983274647887324 0.7582159624413145 0.9903616516440191 0.9884048028389429
0 0.8230633802816901 0.7570422535211268 0.8799194263291014 0.9438045526681214
