0 0.23151408450704225 0.27875586854460094 0.3242819040121008 0.4657988521898212
0 0.43045774647887325 0.2846244131455399 0.5213774393721484 0.47107709834909295
0 0.4766725352112676 0.7188967136150235 0.5618500561024599 0.8575593329145451
0 0.5220070422535211 0.2934272300469484 0.6023230602806983 0.46755080561616963
0 0.5699823943661971 0.0892018779342723 0.6612808176081134 0.2393842711983954
0 0.47183098591549294 0.08039906103286384 0.5658134546716922 0.24408427285150655
0 0.6043133802816901 0.2887323943661972 0.6894347212234676 0.46227187066058323
0 0.5928697183098591 0.5164319248826291 0.6801968003000397 0.6745795587295289
0 0.23723591549295775 0.5146713615023474 0.31811741376958935 0.6593223759615596
0 0.16637323943661972 0.5146713615023474 0.23452184276433247 0.6522801224404329
0 0.7235915492957746 0.7171361502347418 0.8174632079448522 0.859320929489299
0 0.5088028169014085 0.5117370892018779 0.5944063367883357 0.6751691683748815
0 0.13336267605633803 0.2887323943661972 0.22925468192074985 0.463445579580771
0 0.38688380281690143 0.7112676056338029 0.47210084339664743 0.8575638100905905
0 0.13380281690140844 0.12030516431924883 0.21164885439396944 0.24171343593643238
0 0.7654049295774648 0.5146713615023474 0.8526560717739535 0.6710594651634375
0 0.33098591549295775 0.2857981220657277 0.42811136183296966 0.4628604471114638
0 0.5611795774647887 0.7171361502347418 0.6392776498338623 0.8575603661090172
0 0.6637323943661971 0.08626760563380281 0.7492677234179727 0.24349397440983933
0 0.12367957746478873 0.6995305164319249 0.185685000185975 0.8522890079128921
0 0.25 0.7053990610328639 0.31327024647887325 0.8569803996120698
0 0.06073943661971831 0.687793427230047 0.12233242102261456 0.8517090414159448
0 0.6901408450704225 0.2934272300469484 0.7739039873041064 0.471071932376733
0 0.6813380281690141 0.5146713615023474 0.7646649040368975 0.6728200285437193
0 0.18529929577464788 0.687793427230047 0.25079872390150765 0.8528827503361327
0 0.3683978873239437 0.09213615023474178 0.4690279938876215 0.24525109380854768
0 0.4238556338028169 0.5134976525821596 0.5094965424146994 0.67223386287994
0 0.7759683098591549 0.2916666666666667 0.8684964928213649 0.47048611111111116
0 0.852112676056338 0.5164319248826291 0.9353643870263836 0.6722321408891534
0 0.8235035211267606 0.715962441314554 0.907207964999504 0.8552136370649562
0 0.8697183098591549 0.3268779342723005 0.9419587507438999 0.4739865739822346
0 0.7522007042253521 0.0880281690140845 0.861464700394267 0.24114552337499173
0 0.06205985915492958 0.11854460093896714 0.1346557835126959 0.24347503251118607
0 0.8613556338028169 0.08626760563380281 0.9604483469921643 0.24290711994974543
0 0.32438380281690143 0.5205399061032864 0.4215121550163658 0.6616663498203619
0 0.09507042253521127 0.505868544600939 0.16633139506050387 0.6546327062531685
0 0.07966549295774648 0.28169014084507044 0.13200718948373338 0.45816802221781394
0 0.2830105633802817 0.0892018779342723 0.3678331819703432 0.24055798011858318
0 0.00044014084507042255 0.5 0.03213008796617735 0.6540492957746479
0 0.2130281690140845 0.10387323943661972 0.27983581506645505 0.2364413889439926
0 0.00044014084507042255 0.12323943661971831 0.06293994712110693 0.23584316934470675
0 0.00044014084507042255 0.6907276995305164 0.060739242895754816 0.8517073194251582
0 0.9080105633802817 0.715962441314554 0.996519361547808 0.8493450924640172
0 0.9410211267605634 0.3257042253521127 0.999 0.47633468061892487
0 0.9366197183098591 0.5164319248826291 0.999 0.6734058498093412
0 0.21522887323943662 0.892018779342723 0.28511653658748265 0.999
0 0.06382042253521127 0.8832159624413145 0.1465388114337433 0.999
0 0.14700704225352113 0.8832159624413145 0.21824515535112082 0.999
0 0.641725352112676 0.7306338028169014 0.7250696631372744 0.860486717251868
0 0.0030809859154929575 0.8802816901408451 0.0642592073125372 0.999
0 0.7420774647887324 0.9049295774647887 0.8174550715383853 0.999
0 0.43705985915492956 0.9061032863849765 0.503768899709879 0.999
0 0.28125 0.8961267605633803 0.34010508362676056 0.999
0 0.3573943661971831 0.897887323943662 0.43250114684586394 0.999
0 0.5215669014084507 0.9078638497652582 0.5855979018919857 0.999
0 0.5928697183098591 0.903755868544601 0.6678728566380678 0.999
0 0.31558098591549294 0.7083333333333334 0.38542448019986114 0.8563918231611894
0 0.6698943661971831 0.903755868544601 0.7395819126909343 0.999
0 0.8235035211267606 0.8949530516431925 0.8957643030276731 0.999
0 0.0048415492957746475 0.2875586854460094 0.07526195354344375 0.461685704996804
0 0.032130281690140844 0.5017605633802817 0.09725698491122793 0.6481797179792369
0 0.894806338028169 0.8931924882629108 0.9758385535484031 0.999
