0 0.5554577464788732 0.636150234741784 0.6339984781045428 0.7983355925852454
0 0.999 0.3544600938967136 0.999 0.4716229694284644
0 0.47183098591549294 0.2822769953051643 0.6023451448125372 0.49337894542529037
0 0.37059859154929575 0.6173708920187794 0.45714322245090266 0.7836752518239327
0 0.304137323943662 0.26291079812206575 0.40567599589615155 0.4939771650245762
0 0.24559859154929578 0.6056338028169014 0.340120775267804 0.7602079613833234
0 0.9410211267605634 0.3538732394366197 0.999 0.4645810603054949
0 0.16901408450704225 0.29694835680751175 0.2833763142233684 0.5215393495558641
0 0.06602112676056338 0.5956572769953051 0.1681047442223765 0.7396739100487116
0 0.03433098591549296 0.2869718309859155 0.1315870022069034 0.509221260662567
0 0.09463028169014084 0.009976525821596244 0.15048651836193216 0.16431339405761644
0 0.7869718309859155 0.7394366197183099 0.8495655933842491 0.9097773259273954
0 0.4784330985915493 0.005868544600938967 0.5310394220516763 0.1883768377085675
0 0.5440140845070423 0.008215962441314555 0.5908697121106923 0.183680624435187
0 0.4709507042253521 0.630868544600939 0.5341237012745488 0.7901227297273469
0 0.02068661971830986 0.013497652582159625 0.07877610624132117 0.16372447320857855
0 0.5990316901408451 0.009976525821596244 0.6463032430941281 0.15903170391677138
0 0.43133802816901406 0.007042253521126761 0.46767986882562984 0.20422121933478807
0 0.3683978873239437 0.004694835680751174 0.4276547544510018 0.2024620335471357
0 0.1505281690140845 0.03169014084507042 0.18831402809462408 0.15960581564504397
0 0.8446302816901409 0.3362676056338028 0.9309662718830589 0.4675256645506844
0 0.999 0.5862676056338029 0.999 0.6903836457713417
0 0.999 0.5950704225352113 0.999 0.6950733154797328
0 0.8670774647887324 0.7523474178403756 0.9437204764679628 0.9097697491679341
0 0.3415492957746479 0.8620892018779343 0.3990574166831978 0.9777804640834049
0 0.5290492957746479 0.8796948356807511 0.6186051719648878 0.999
0 0.2051056338028169 0.8644366197183099 0.2864414147738544 0.999
0 0.08934859154929578 0.8661971830985915 0.17865785713400117 0.999
0 0.6452464788732394 0.8626760563380281 0.726828676725848 0.999
0 0.43221830985915494 0.8703051643192489 0.48264427011009725 0.9789493514293901
0 0.9735915492957746 0.7681924882629108 0.999 0.9150421405585312
0 0.8098591549295775 0.9741784037558685 0.8922491817099781 0.999
0 0.9352992957746479 0.9894366197183099 0.999 0.999
