0 0.6496478873239436 0.943075117370892 0.7470732183594525 0.999
0 0.6161971830985915 0.3685446009389671 0.6938308991271573 0.5150419339196367
0 0.35563380281690143 0.16784037558685447 0.46727304850228124 0.3115212204368622
0 0.4960387323943662 0.397887323943662 0.5746056167551081 0.5314566388943992
0 0.999 0.9102112676056338 0.999 0.999
0 0.5990316901408451 0.18720657276995306 0.6960391585870859 0.3144441275981397
0 0.3587147887323944 0.3673708920187793 0.4479054952514382 0.5168031860962331
0 0.48811619718309857 0.18544600938967137 0.5834119206878596 0.31972685093345676
0 0.9903169014084507 0.2494131455399061 0.999 0.4124123162291432
0 0.9335387323943662 0.9055164319248826 0.999 0.999
0 0.7200704225352113 0.38086854460093894 0.7840140535112081 0.536161462121713
0 0.4647887323943662 0.7640845070422535 0.5600947232691926 0.866922485617933
0 0.23767605633802816 0.3438967136150235 0.3344024313132315 0.49158222023848885
0 0.23547535211267606 0.13615023474178403 0.33660410415840114 0.28630507615332057
0 0.5721830985915493 0.7928403755868545 0.6678819616643523 0.8839243894509468
0 0.605193661971831 0.017018779342723004 0.7074801084234279 0.12792428475390685
0 0.71875 0.1772300469483568 0.8069019586267606 0.3203185269677533
0 0.7161091549295775 0.007629107981220657 0.81570593787195 0.12323495944367299
0 0.999 0.4454225352112676 0.999 0.561945174568538
0 0.9788732394366197 0.4460093896713615 0.999 0.5466866142079393
0 0.9529049295774648 0.7030516431924883 0.999 0.8217705095990654
0 0.511443661971831 0.9102112676056338 0.5992467237403294 0.999
0 0.628080985915493 0.999 0.7382798939322556 0.999
0 0.2363556338028169 0.755868544600939 0.3361635758654037 0.9238521898212436
0 0.34683098591549294 0.7494131455399061 0.4391079088970442 0.9039029265577818
0 0.258362676056338 0.9483568075117371 0.3467172699489189 0.999
0 0.6826584507042254 0.7828638497652582 0.7923931961044436 0.8944936245013114
0 0.41813380281690143 0.999 0.46416455378397137 0.999
0 0.9977992957746479 0.9002347417840375 0.999 0.999
0 0.999 0.9172535211267606 0.999 0.999
0 0.999 0.999 0.999 0.999
0 0.999 0.7265258215962441 0.999 0.8364280951751196
0 0.999 0.2664319248826291 0.999 0.4118154742224867
0 0.22975352112676056 0.005868544600938967 0.34496929862626463 0.09741439639401354
0 0.35651408450704225 0.0005868544600938967 0.45758956246280497 0.09741749597742952
0 0.477112676056338 0.007629107981220657 0.5790153553362428 0.11267157916198285
