0 0.3648767605633803 0.27523474178403756 0.4479027831159492 0.5966694631797042
0 0.516725352112676 0.2963615023474178 0.6190507370809364 0.5802251399634112
0 0.27024647887323944 0.6596244131455399 0.3449514760216227 0.9192138354382948
0 0.6267605633802817 0.30633802816901406 0.7096713201745686 0.5937169377768962
0 0.4449823943661972 0.676056338028169 0.526652736622198 0.9174436289096078
0 0.26672535211267606 0.289906103286385 0.3541959835598096 0.607811087967555
0 0.07922535211267606 0.6578638497652582 0.17954259447530252 0.9203885775529546
0 0.616637323943662 0.6519953051643192 0.6911898603327713 0.9004389698913355
0 0.3600352112676056 0.6742957746478874 0.4276584352063083 0.9086418452026714
0 0.1795774647887324 0.2676056338028169 0.2626850451299345 0.5702654896515241
0 0.7064260563380281 0.659037558685446 0.7738968195174569 0.9068902361744804
0 0.7359154929577465 0.2975352112676056 0.8324225724062686 0.5878535591483172
0 0.19190140845070422 0.6696009389671361 0.260038775788534 0.8710859149419208
0 0.5391725352112676 0.6696009389671361 0.6071570543418965 0.875193896162578
0 0.8653169014084507 0.6549295774647887 0.9375592795328309 0.8922212854592343
0 0.457306338028169 0.2834507042253521 0.5090416785484031 0.5062890547510415
0 0.00044014084507042255 0.2711267605633803 0.09110896120561397 0.5761319678635192
0 0.00044014084507042255 0.6519953051643192 0.07130262317744496 0.9297816928960303
0 0.7231514084507042 0.058098591549295774 0.7800514298378297 0.24057623322092175
0 0.5290492957746479 0.05046948356807512 0.5961579888662963 0.2212145132138685
0 0.8345070422535211 0.014671361502347418 0.9195270655623885 0.23532002854371928
0 0.030369718309859156 0.0017605633802816902 0.10694085839863123 0.20481117337829796
0 0.9423415492957746 0.653169014084507 0.999 0.8904617552734245
0 0.11399647887323944 0.0005868544600938967 0.17556602267655227 0.2071592800149882
0 0.59375 0.04929577464788732 0.6603900748239436 0.2135860940289625
0 0.6602112676056338 0.06924882629107981 0.7127375830688355 0.21533494787189492
0 0.9322183098591549 0.022887323943661973 0.999 0.24411802387092507
0 0.13996478873239437 0.2881455399061033 0.183036987328903 0.48633324792259036
0 0.7878521126760564 0.6514084507042254 0.8570476003025194 0.9027867321298685
0 0.9018485915492958 0.3104460093896714 0.9701136229790716 0.5579164049240671
0 0.8362676056338029 0.29694835680751175 0.8979593892580837 0.5532294904009345
0 0.971830985915493 0.2963615023474178 0.999 0.5714223230620027
