0 0.8373679577464789 0.34242957746478875 0.09727112676056338 0.18603286384976525
0 0.5411531690140845 0.6927816901408451 0.08318661971830986 0.1977699530516432
0 0.2847711267605634 0.9424882629107981 0.08098591549295775 0.15610328638497653
0 0.2962147887323944 0.3160211267605634 0.0448943661971831 0.2764084507042254
0 0.8615757042253521 0.9797535211267606 0.10695422535211267 0.125
0 0.0605193661971831 0.46566901408450706 0.04973591549295775 0.20363849765258216
0 0.5741637323943662 0.06954225352112677 0.15272887323943662 0.10504694835680752
0 0.3686179577464789 0.6740023474178404 0.06470070422535211 0.19190140845070422
0 0.7161091549295775 0.34976525821596244 0.09066901408450705 0.18661971830985916
0 0.4452024647887324 0.6822183098591549 0.07174295774647887 0.18485915492957747
0 0.8032570422535211 0.6813380281690141 0.08098591549295775 0.20187793427230047
0 0.3805017605633803 0.3286384976525822 0.09639084507042253 0.21713615023474178
0 0.5776848591549296 0.335093896713615 0.08670774647887323 0.19248826291079812
0 0.6243397887323944 0.6387910798122066 0.07350352112676056 0.13908450704225353
0 0.07482394366197183 0.2511737089201878 0.03697183098591549 0.1068075117370892
0 0.11443661971830986 0.7051056338028169 0.04401408450704225 0.13086854460093897
0 0.07570422535211267 0.7036384976525821 0.03873239436619718 0.142018779342723
0 0.7398767605633803 0.09741784037558686 0.12323943661971831 0.07394366197183098
0 0.037632042253521125 0.2482394366197183 0.04181338028169014 0.12910798122065728
0 0.269806338028169 0.06396713615023474 0.10123239436619719 0.09507042253521127
0 0.4044894366197183 0.06778169014084508 0.11003521126760564 0.09917840375586855
0 0.7172095070422535 0.6241197183098591 0.05941901408450704 0.13321596244131456
0 0.4850352112676056 0.37411971830985913 0.06426056338028169 0.09213615023474178
0 0.024867957746478875 0.6942488262910798 0.037411971830985914 0.13262910798122066
0 1.0642605633802817 0.670774647887324 0.13468309859154928 0.2664319248826291
0 0.9630281690140845 0.08127934272300469 0.2323943661971831 0.13321596244131456
0 0.9377200704225352 0.37089201877934275 0.08494718309859155 0.1607981220657277
0 1.0189260563380282 0.37353286384976525 0.06954225352112677 0.16607981220657278
0 0.9251760563380281 0.7244718309859155 0.08714788732394366 0.22124413145539906
0 0.9216549295774648 0.5545774647887324 0.08890845070422536 0.07863849765258216
0 1.1043133802816902 0.3682511737089202 0.06866197183098592 0.14847417840375587
0 0.569762323943662 0.965669014084507 0.07086267605633803 0.17077464788732394
0 0.3882042253521127 0.9627347417840375 0.08274647887323944 0.15082159624413147
0 0.11179577464788733 0.9028755868544601 0.04137323943661972 0.10974178403755869
0 0.9009683098591549 0.9357394366197183 0.06073943661971831 0.09448356807511737
0 0.4786531690140845 0.9609741784037559 0.07262323943661972 0.15082159624413147
0 0.05677816901408451 0.9019953051643192 0.040492957746478875 0.11737089201877934
0 0.7407570422535211 0.9565727699530516 0.05985915492957746 0.0715962441314554
0 0.6379841549295775 0.7620305164319249 0.07174295774647887 0.09213615023474178
0 0.8490316901408451 1.0275821596244132 0.07570422535211267 0.07863849765258216
0 0.02596830985915493 0.8908450704225352 0.03873239436619718 0.13145539906103287
0 0.663512323943662 0.9251760563380281 0.04973591549295775 0.06279342723004695
0 0.29555457746478875 1.1147300469483568 0.08494718309859155 0.040492957746478875
0 0.3756602112676056 1.1115023474178405 0.08494718309859155 0.04225352112676056
0 1.0402728873239437 1.0008802816901408 0.1324823943661972 0.13791079812206572
0 0.015404929577464789 0.4671361502347418 0.02992957746478873 0.1983568075117371
