0 0.3371478873239437 0.9360328638497653 0.43515090321860744 0.999
0 0.2548415492957746 0.6197183098591549 0.4893244535434437 0.8030400714144019
0 0.545774647887324 0.6631455399061033 0.7347949935528665 0.8135779662324495
0 0.47579225352112675 0.09096244131455399 0.7308645280574291 0.3925522520884304
0 0.11179577464788733 0.681924882629108 0.1623627659442571 0.7601631896228702
0 0.18529929577464788 0.6895539906103286 0.23979520277474708 0.7677878204280455
0 0.00528169014084507 0.5469483568075117 0.09550823869271971 0.6487400537812162
0 0.5554577464788732 0.5639671361502347 0.7418329851467963 0.6276033056712733
0 0.00044014084507042255 0.6696009389671361 0.09551036965631819 0.7742549290264278
0 0.12411971830985916 0.562793427230047 0.16939959519440587 0.6493176094910622
0 0.8287852112676056 0.5539906103286385 0.9406563445372942 0.6152852167779762
0 0.999 0.6525821596244131 0.999 0.838818907183319
0 0.5827464788732394 0.9360328638497653 0.7237751996131719 0.999
0 0.19058098591549297 0.8914319248826291 0.3005323147069034 0.999
0 0.4471830985915493 0.9289906103286385 0.5579017680023804 0.999
0 0.08670774647887323 0.9002347417840375 0.17381747018200755 0.999
0 0.009242957746478873 0.8732394366197183 0.06381635433197778 0.999
0 0.9674295774647887 0.15316901408450703 0.999 0.36082560503868283
0 0.7605633802816901 0.6355633802816901 0.8975525689347352 0.8235706787674404
