0 0.9793133802816901 0.999 0.999 0.999
0 0.792693661971831 0.9859154929577465 0.9622391313107518 0.999
0 0.5999119718309859 0.999 0.7928697570546518 0.999
0 0.3926056338028169 0.999 0.5900560714639953 0.999
0 0.2596830985915493 0.999 0.37576598455167626 0.999
0 0.258362676056338 0.8896713615023474 0.44178769248413013 0.990675075492076
0 0.10299295774647887 0.880868544600939 0.2530356545080341 0.9701403353611497
0 0.08846830985915492 0.9911971830985915 0.25964416007488594 0.999
0 0.999 0.727112676056338 0.999 0.854620239039873
0 0.999 0.5927230046948356 0.999 0.7197225803963059
0 0.8318661971830986 0.5927230046948356 0.999 0.7150277447155547
0 0.8547535211267606 0.7376760563380281 0.999 0.8581351666336045
0 0.6518485915492958 0.7200704225352113 0.8390616863593533 0.8458215549163526
0 0.5026408450704225 0.6150234741784038 0.6564689080787542 0.704451277303886
0 0.4524647887323944 0.7235915492957746 0.6384452179627058 0.8405377983865635
0 0.3058978873239437 0.7012910798122066 0.44044634776086095 0.8440720122771056
0 0.10651408450704225 0.7012910798122066 0.2838439638712557 0.8147292892724107
0 0.9907570422535211 0.4647887323943662 0.999 0.5578258282086888
0 0.8758802816901409 0.4595070422535211 0.9736461794534814 0.5437444207498512
0 0.3397887323943662 0.44072769953051644 0.4250265014382067 0.5437554414908858
0 0.23987676056338028 0.4336854460093897 0.32911977255256897 0.5408253019683044
0 0.45994718309859156 0.47007042253521125 0.549533473951101 0.5490199117238643
0 0.5717429577464789 0.49413145539906106 0.655558211726344 0.5542874815402588
0 0.6685739436619719 0.49765258215962443 0.7290191135811347 0.5402009081090613
