0 0.32548415492957744 0.12822769953051644 0.09815140845070422 0.2482394366197183
0 1.009463028169014 0.15639671361502347 0.08230633802816902 0.2142018779342723
0 0.6595510563380281 0.4920774647887324 0.07350352112676056 0.18603286384976525
0 0.4324383802816901 0.4788732394366197 0.07174295774647887 0.18427230046948356
0 0.5169454225352113 0.49559859154929575 0.06470070422535211 0.18016431924882628
0 0.5754841549295775 0.13321596244131456 0.07790492957746478 0.25234741784037557
0 0.5913292253521126 0.49002347417840375 0.06470070422535211 0.18309859154929578
0 0.7480193661971831 0.125 0.08230633802816902 0.18779342723004694
0 0.789612676056338 0.4738849765258216 0.06602112676056338 0.15434272300469484
0 0.23701584507042253 0.5140845070422535 0.07702464788732394 0.16784037558685447
0 0.9493838028169014 0.5134976525821596 0.09066901408450705 0.11619718309859155
0 0.7403169014084507 0.4800469483568075 0.05897887323943662 0.16314553990610328
0 0.3930457746478873 1.050469483568075 0.07658450704225352 0.15492957746478872
0 0.8417693661971831 0.11795774647887323 0.04533450704225352 0.13145539906103287
0 0.4964788732394366 0.1396713615023474 0.0721830985915493 0.22887323943661972
0 0.4269366197183099 0.12588028169014084 0.07042253521126761 0.2153755868544601
0 0.07944542253521127 0.13204225352112675 0.09463028169014084 0.24530516431924881
0 0.6456866197183099 0.1426056338028169 0.043133802816901406 0.2511737089201878
0 0.9069102112676056 0.15140845070422534 0.04709507042253521 0.1936619718309859
0 1.0424735915492958 0.7194835680751174 0.055897887323943664 0.1056338028169014
0 0.5904489436619719 1.0883215962441315 0.06910211267605634 0.10152582159624413
0 0.27684859154929575 1.067488262910798 0.0818661971830986 0.11150234741784038
0 0.15735035211267606 1.0578051643192488 0.10519366197183098 0.14730046948356806
0 0.8452904929577465 0.4750586854460094 0.032130281690140844 0.19307511737089203
0 0.22205105633802816 0.12822769953051644 0.08054577464788733 0.22476525821596244
