0 1.0193661971830985 0.6367370892018779 0.09154929577464789 0.1807511737089202
0 0.6890404929577465 0.10768779342723005 0.10871478873239436 0.18485915492957747
0 0.43661971830985913 0.426056338028169 0.11443661971830986 0.20539906103286384
0 0.5649207746478874 0.10768779342723005 0.11399647887323944 0.20011737089201878
0 0.5779049295774648 0.3882042253521127 0.08362676056338028 0.1613849765258216
0 0.2638644366197183 0.10856807511737089 0.09903169014084508 0.15492957746478872
0 0.7907130281690141 0.6115023474178404 0.10607394366197183 0.1936619718309859
0 0.6725352112676056 0.6232394366197183 0.10299295774647887 0.20657276995305165
0 0.1857394366197183 0.41725352112676056 0.10299295774647887 0.1795774647887324
0 0.0741637323943662 0.6317488262910798 0.09903169014084508 0.18016431924882628
0 0.6861795774647887 0.3937793427230047 0.09507042253521127 0.20305164319248825
0 0.43794014084507044 0.6203051643192489 0.0994718309859155 0.16901408450704225
0 0.19278169014084506 0.6349765258215962 0.10299295774647887 0.1772300469483568
0 0.829225352112676 0.3720657276995305 0.09419014084507042 0.1607981220657277
0 0.3329665492957746 0.39818075117370894 0.05765845070422535 0.18016431924882628
0 0.554137323943662 0.6159037558685446 0.09242957746478873 0.19072769953051644
0 0.4267165492957746 0.1068075117370892 0.12367957746478873 0.19131455399061034
0 0.9949383802816901 0.13204225352112675 0.09110915492957747 0.1936619718309859
0 0.6580105633802817 0.8494718309859155 0.0721830985915493 0.11561032863849766
0 0.33846830985915494 0.5903755868544601 0.06602112676056338 0.1467136150234742
0 0.8789612676056338 0.11854460093896714 0.10211267605633803 0.1596244131455399
0 0.14128521126760563 0.0994718309859155 0.11707746478873239 0.17781690140845072
0 0.05501760563380282 0.42928403755868544 0.10387323943661972 0.18838028169014084
0 0.9392605633802817 0.3682511737089202 0.07306338028169014 0.1402582159624413
0 0.8886443661971831 0.57981220657277 0.07042253521126761 0.16314553990610328
0 0.33340669014084506 1.0308098591549295 0.08758802816901408 0.16490610328638497
0 0.23525528169014084 1.0255281690140845 0.10695422535211267 0.17194835680751175
0 0.12191901408450705 1.0525234741784038 0.08362676056338028 0.1273474178403756
0 0.6672535211267606 1.0067488262910798 0.08538732394366197 0.1789906103286385
0 0.7596830985915493 0.8615023474178404 0.08362676056338028 0.11150234741784038
0 0.12544014084507044 0.8791079812206573 0.10035211267605634 0.15610328638497653
0 0.5640404929577465 0.8744131455399061 0.09286971830985916 0.14906103286384975
0 0.5558978873239436 1.0366784037558685 0.07834507042253522 0.1273474178403756
0 0.805237676056338 1.033744131455399 0.07174295774647887 0.16255868544600938
0 0.862455985915493 0.8644366197183099 0.07702464788732394 0.0903755868544601
0 0.3650968309859155 0.8480046948356808 0.09198943661971831 0.11737089201877934
0 0.9025088028169014 1.0243544600938967 0.08846830985915492 0.15669014084507044
0 0.7350352112676056 1.0155516431924883 0.043133802816901406 0.13791079812206572
