0 0.8785211267605634 0.9063967136150235 0.09507042253521127 0.18016431924882628
0 0.7394366197183099 0.892018779342723 0.08450704225352113 0.18192488262910797
0 0.45840669014084506 0.8826291079812206 0.10255281690140845 0.14553990610328638
0 0.7995158450704225 0.573943661971831 0.07702464788732394 0.30985915492957744
0 0.3373679577464789 0.5440140845070423 0.07262323943661972 0.2734741784037559
0 0.2438380281690141 0.15786384976525822 0.11971830985915492 0.22417840375586853
0 0.426056338028169 0.17488262910798122 0.14348591549295775 0.21713615023474178
0 0.23459507042253522 0.5384389671361502 0.08626760563380281 0.29401408450704225
0 0.46346830985915494 0.5413732394366197 0.08450704225352113 0.25410798122065725
0 1.0411531690140845 0.36208920187793425 0.11223591549295775 0.06338028169014084
0 0.2990757042253521 1.0657276995305165 0.12720070422535212 0.04460093896713615
0 0.45026408450704225 1.0437206572769953 0.0801056338028169 0.06279342723004695
0 0.17407570422535212 0.9366197183098591 0.07350352112676056 0.1983568075117371
0 0.30369718309859156 0.8814553990610329 0.08890845070422536 0.13497652582159625
0 0.8893045774647887 0.5862676056338029 0.08142605633802817 0.3227699530516432
0 1.1001320422535212 0.20481220657276994 0.08142605633802817 0.22887323943661972
