0 0.4977992957746479 0.8374413145539906 0.5618407573522118 0.999
0 0.5431338028169014 0.02523474178403756 0.6538102404036897 0.2124265054332253
0 0.8811619718309859 0.036384976525821594 0.9749642773011308 0.22826503229077122
0 0.9845950704225352 0.017018779342723004 0.999 0.25351113921400076
0 0.957306338028169 0.4694835680751174 0.999 0.6898653265445569
0 0.29577464788732394 0.04812206572769953 0.40259869073596505 0.21476049174546497
0 0.4326584507042254 0.046948356807511735 0.5323799918790915 0.21300061716149796
0 0.47491197183098594 0.4307511737089202 0.5310409718433843 0.7157096530670722
0 0.5334507042253521 0.43661971830985913 0.5825116854294783 0.7286170072075646
0 0.7777288732394366 0.4084507042253521 0.8354851545452291 0.7033987965350791
0 0.5915492957746479 0.4424882629107981 0.6353030152747471 0.7074868026626111
0 0.15360915492957747 0.3362676056338028 0.21912253118180916 0.7210467913112478
0 0.6439260563380281 0.5146713615023474 0.6991003846583019 0.6933599346470056
0 0.2266725352112676 0.38028169014084506 0.2859917814545725 0.7022416187264431
0 0.37191901408450706 0.3984741784037559 0.42061095113816704 0.7122074682051621
0 0.2935739436619718 0.3984741784037559 0.35066303963747275 0.6981229611629085
0 0.9014084507042254 0.41901408450704225 0.9467863519143026 0.6940029260067446
0 0.0897887323943662 0.3386150234741784 0.1478478042551081 0.7151768691176795
0 0.43485915492957744 0.42077464788732394 0.4738402908649077 0.7121943810751835
0 0.3248239436619718 0.8145539906103286 0.3572513979121206 0.93731540258767
0 0.772887323943662 0.01643192488262911 0.8720189756496727 0.22768988736802662
0 0.6342429577464789 0.8262910798122066 0.6766574634869074 0.928505697723115
0 0.7178697183098591 0.528755868544601 0.7580467122718707 0.7179995564151734
0 0.8419894366197183 0.4014084507042254 0.8992772933817694 0.6957738213317464
0 0.999 0.5011737089201878 0.999 0.763790391015892
0 0.735475352112676 0.8133802816901409 0.7840072731724856 0.91853674866098
0 0.9705105633802817 0.57981220657277 0.999 0.7250118472966122
0 0.3160211267605634 0.8034037558685446 0.3673785118280103 0.999
0 0.5664612676056338 0.8215962441314554 0.615067578667427 0.999
0 0.2623239436619718 0.7816901408450704 0.31722608981352907 0.999
0 0.6254401408450704 0.8139671361502347 0.6709395069802618 0.999
0 0.6883802816901409 0.8139671361502347 0.7312111002281293 0.999
0 0.37191901408450706 0.8303990610328639 0.41664968353253323 0.999
0 0.20950704225352113 0.8086854460093896 0.25871060429478276 0.999
0 0.43045774647887325 0.8397887323943662 0.47208166472426105 0.999
0 0.10255281690140845 0.8984741784037559 0.19273655245734972 0.999
0 0.7918133802816901 0.8380281690140845 0.839440222984031 0.999
0 0.738556338028169 0.8392018779342723 0.7804847903441777 0.999
0 0.9977992957746479 0.8820422535211268 0.999 0.999
0 0.999 0.8708920187793427 0.999 0.999
0 0.8525528169014085 0.8526995305164319 0.9045543341474905 0.999
