0 0.5391725352112676 0.40082159624413144 0.6115584627926006 0.5584502220679318
0 0.14084507042253522 0.3855633802816901 0.21252603650069432 0.5467220872181445
0 0.19278169014084506 0.022300469483568074 0.2904081066504662 0.2094939551235425
0 0.999 0.6549295774647887 0.999 0.8217987502479667
0 0.2944542253521127 0.9330985915492958 0.363426736696588 0.999
0 0.7579225352112676 0.06572769953051644 0.8583811960672486 0.22824781238290465
0 0.269806338028169 0.6408450704225352 0.3471523739709383 0.7654689876347286
0 0.5642605633802817 0.6496478873239436 0.649839674047808 0.8264966855121338
0 0.7486795774647887 0.6431924882629108 0.8346176586366792 0.8206319292909255
0 0.8089788732394366 0.3738262910798122 0.893129850848046 0.5631609000639203
0 0.7222711267605634 0.3755868544600939 0.80425956376463 0.5625730124093544
0 0.22755281690140844 0.3744131455399061 0.32340336583763146 0.5549445932244483
0 0.664612676056338 0.0539906103286385 0.7413448007587781 0.21593075668407943
0 0.3358274647887324 0.3796948356807512 0.41974655481303313 0.5584626204015958
0 0.46963028169014087 0.6813380281690141 0.5438073810379885 0.8223701067909807
0 0.6241197183098591 0.3703051643192488 0.7096724825183495 0.5643366753730521
0 0.6553697183098591 0.6490610328638498 0.7365073196662368 0.8341261378915119
0 0.46875 0.04401408450704225 0.557892275528169 0.2235657194339747
0 0.43309859154929575 0.3937793427230047 0.5143340235072407 0.5613886271462893
0 0.5713028169014085 0.05457746478873239 0.6423541800981948 0.22414637472723667
0 0.0488556338028169 0.36971830985915494 0.13290103185131918 0.5514262216491437
0 0.9080105633802817 0.38791079812206575 0.996519361547808 0.5490681274658907
0 0.037411971830985914 0.7247652582159625 0.12190254754760961 0.8305605837686526
0 0.31338028169014087 0.024061032863849766 0.40699235022812935 0.19834268718728645
0 0.144806338028169 0.6807511737089202 0.2279292225624876 0.8323469770107342
0 0.8463908450704225 0.6602112676056338 0.9380077505083317 0.8129928337631421
0 0.9872359154929577 0.10328638497652583 0.999 0.22939947982102318
0 0.999 0.38028169014084506 0.999 0.5508331680222178
0 0.999 0.10622065727699531 0.999 0.25991418975511915
0 0.999 0.10211267605633803 0.999 0.26050345500231437
0 0.9445422535211268 0.664906103286385 0.999 0.8176849142586348
0 0.8952464788732394 0.07570422535211267 0.9661552612328903 0.222373413013291
0 0.7425176056338029 0.9178403755868545 0.8271379764059711 0.999
0 0.17165492957746478 0.9242957746478874 0.25916740540071415 0.999
0 0.06734154929577464 0.9213615023474179 0.15225909262795082 0.999
0 0.6588908450704225 0.931924882629108 0.7329846431139655 0.999
0 0.5620598591549296 0.9301643192488263 0.6485202201324142 0.999
0 0.47183098591549294 0.9196009389671361 0.541605708192819 0.999
0 0.37059859154929575 0.7447183098591549 0.46154463090160686 0.821159202869801
0 0.003961267605633803 0.920774647887324 0.06161797479418766 0.999
0 0.375 0.9483568075117371 0.45626100352112675 0.999
0 0.840669014084507 0.9043427230046949 0.9107215365254909 0.999
0 0.999 0.9102112676056338 0.999 0.999
0 0.9419014084507042 0.9066901408450704 0.9960643039575482 0.999
0 0.005721830985915493 0.01056338028169014 0.10431086187016465 0.21302196984725255
