0 0.23481514084507044 0.6068075117370892 0.07790492957746478 0.17488262910798122
0 0.8228433098591549 0.3615023474178404 0.07526408450704225 0.176056338028169
0 1.0985915492957747 0.3732394366197183 0.08450704225352113 0.16901408450704225
0 0.9973591549295775 0.3568075117370892 0.06690140845070422 0.18427230046948356
0 0.24647887323943662 1.0548708920187793 0.07394366197183098 0.14964788732394366
0 0.6252200704225352 0.6056338028169014 0.07702464788732394 0.16666666666666666
0 0.3127200704225352 0.07629107981220658 0.04357394366197183 0.12206572769953052
0 0.797975352112676 0.6117957746478874 0.06954225352112677 0.1637323943661972
0 0.34330985915492956 0.5874413145539906 0.07658450704225352 0.16314553990610328
0 0.5561179577464789 0.3474178403755869 0.07174295774647887 0.1784037558685446
0 0.2713468309859155 0.3430164319248826 0.0743838028169014 0.16725352112676056
0 0.4628080985915493 0.3609154929577465 0.0664612676056338 0.15258215962441316
0 0.44212147887323944 0.6032863849765259 0.07526408450704225 0.15610328638497653
0 0.7108274647887324 0.6106220657276995 0.07834507042253522 0.17781690140845072
0 0.539612676056338 0.5994718309859155 0.06866197183098592 0.15551643192488263
0 0.3692781690140845 0.3506455399061033 0.07306338028169014 0.1602112676056338
0 0.1797975352112676 0.3438967136150235 0.07966549295774648 0.15023474178403756
0 0.6443661971830986 0.3550469483568075 0.07658450704225352 0.16549295774647887
0 0.06294014084507042 0.8283450704225352 0.07306338028169014 0.16490610328638497
0 0.7825704225352113 0.07922535211267606 0.04929577464788732 0.14084507042253522
0 0.7845510563380281 0.8421361502347418 0.07086267605633803 0.10093896713615023
0 0.1426056338028169 0.6009389671361502 0.07130281690140845 0.1596244131455399
0 0.42077464788732394 0.07042253521126761 0.04753521126760563 0.13145539906103287
0 0.6819982394366197 0.07893192488262911 0.04533450704225352 0.13086854460093897
0 0.628080985915493 0.0710093896713615 0.05193661971830986 0.12441314553990611
0 0.2678257042253521 0.08157276995305164 0.04445422535211268 0.11737089201877934
0 0.8320862676056338 0.07658450704225352 0.04973591549295775 0.12030516431924883
0 0.46764964788732394 0.07247652582159625 0.05149647887323944 0.12969483568075119
0 0.9507042253521126 0.07922535211267606 0.04225352112676056 0.1396713615023474
0 0.21434859154929578 0.0721830985915493 0.04753521126760563 0.13380281690140844
0 0.058538732394366196 0.5936032863849765 0.0721830985915493 0.14730046948356806
0 0.08054577464788733 0.3342136150234742 0.07394366197183098 0.15786384976525822
0 0.891725352112676 0.07394366197183098 0.03697183098591549 0.13145539906103287
0 0.7359154929577465 0.36384976525821594 0.06866197183098592 0.13497652582159625
0 0.1619718309859155 0.07834507042253522 0.04665492957746479 0.12852112676056338
0 0.7284330985915493 0.0733568075117371 0.0448943661971831 0.12793427230046947
0 0.8798415492957746 0.6103286384976526 0.06954225352112677 0.17370892018779344
0 1.0081426056338028 0.08421361502347417 0.05677816901408451 0.1449530516431925
0 1.0675616197183098 0.08626760563380281 0.05149647887323944 0.1431924882629108
0 0.9194542253521126 0.36678403755868544 0.0721830985915493 0.1807511737089202
0 0.9751320422535211 0.6073943661971831 0.07878521126760564 0.1795774647887324
0 1.0673415492957747 0.6167840375586855 0.08450704225352113 0.16784037558685447
0 1.119718309859155 0.08626760563380281 0.0528169014084507 0.11737089201877934
0 0.4408010563380282 1.0595657276995305 0.06382042253521127 0.12265258215962441
0 0.3496919014084507 1.062206572769953 0.08054577464788733 0.12206572769953052
0 0.7720070422535211 1.0765845070422535 0.06073943661971831 0.10269953051643192
0 0.15470950704225353 0.8160211267605634 0.07966549295774648 0.1449530516431925
0 0.9540052816901409 1.0806924882629108 0.0743838028169014 0.10504694835680752
0 0.5303697183098591 0.8515258215962441 0.07130281690140845 0.1607981220657277
0 0.8626760563380281 1.0783450704225352 0.06954225352112677 0.1073943661971831
0 0.15845070422535212 1.040199530516432 0.06690140845070422 0.1273474178403756
0 0.9595070422535211 0.8441901408450704 0.06954225352112677 0.125
0 0.6963028169014085 1.0812793427230047 0.06426056338028169 0.09448356807511737
0 0.6131161971830986 1.0824530516431925 0.07130281690140845 0.10269953051643192
0 0.8714788732394366 0.8500586854460094 0.07042253521126761 0.12265258215962441
0 0.24317781690140844 0.8254107981220657 0.07350352112676056 0.15669014084507044
0 0.09220950704225352 1.033744131455399 0.04533450704225352 0.10974178403755869
0 0.4377200704225352 0.8374413145539906 0.07086267605633803 0.1396713615023474
0 0.34507042253521125 0.8430164319248826 0.07130281690140845 0.15199530516431925
0 0.5292693661971831 1.0616197183098592 0.06734154929577464 0.09389671361502347
0 0.7007042253521126 0.8456572769953051 0.06690140845070422 0.11854460093896714
0 0.035431338028169015 1.0252347417840375 0.0488556338028169 0.11032863849765258
0 0.6054137323943662 0.869424882629108 0.06294014084507042 0.1238262910798122
0 1.041593309859155 0.8509389671361502 0.06470070422535211 0.13615023474178403
0 1.0325704225352113 1.0754107981220657 0.05985915492957746 0.09213615023474178
