0 0.855193661971831 0.7335680751173709 0.999 0.9121281877493443
0 0.7235915492957746 0.7435446009389671 0.8165829262547113 0.9144697508210452
0 0.198943661971831 0.7188967136150235 0.40616243676849834 0.8434748258722916
0 0.6060739436619719 0.7711267605633803 0.7228846505529657 0.934406615750843
0 0.19410211267605634 0.8333333333333334 0.3986821733658996 0.922633020344288
0 0.6205985915492958 0.4688967136150235 0.7554486801973815 0.6147483000506954
0 0.44014084507042256 0.7077464788732394 0.5869541633604444 0.7953593037095814
0 0.43882042253521125 0.48826291079812206 0.5895955896027574 0.5495960898410809
0 0.7566021126760564 0.5187793427230047 0.8464979744222376 0.6205875708082611
0 0.23283450704225353 0.12852112676056338 0.3951439988965483 0.27046448290683067
0 0.4471830985915493 0.5704225352112676 0.5944334581432256 0.6287732262117305
0 0.058538732394366196 0.4078638497652582 0.12145310795229121 0.6241737888205602
0 0.9181338028169014 0.4301643192488263 0.999 0.6370714998126473
0 0.44366197183098594 0.823943661971831 0.5851920501884547 0.8991643523110494
0 0.897887323943662 0.10387323943661972 0.999 0.34383575514117565
0 0.6571302816901409 0.1607981220657277 0.7435487982915097 0.31445962551521967
0 0.43045774647887325 0.0886150234741784 0.6063246224707399 0.31450198648857147
0 0.1624119718309859 0.32335680751173707 0.39297429050535604 0.6283313633758734
0 0.999 0.7118544600938967 0.999 0.9080329492605083
0 0.1624119718309859 0.9964788732394366 0.3749285158574687 0.999
0 0.4084507042253521 0.999 0.5830068438801825 0.999
0 0.6258802816901409 0.999 0.8456752287492562 0.999
