0 0.40933098591549294 0.48708920187793425 0.5187458930519738 0.7109817551632172
0 0.547975352112676 0.48826291079812206 0.6595299404260068 0.719783883268311
0 0.7922535211267606 0.732981220657277 0.8852146771473914 0.9344290016310698
0 0.2715669014084507 0.4688967136150235 0.38984526104691525 0.7033633235248737
0 0.2266725352112676 0.2147887323943662 0.34365023215879786 0.37311338689413476
0 0.6848591549295775 0.49765258215962443 0.7730260303015274 0.69513048557385
0 0.7935739436619719 0.5 0.8852140959755008 0.7062793427230047
0 0.37191901408450706 0.22359154929577466 0.4971954581804205 0.36313169510017856
0 0.5242077464788732 0.24295774647887325 0.6344523733510217 0.36957572902201946
0 0.2632042253521127 0.7235915492957746 0.37752499814025 0.9291528218607419
0 0.8129401408450704 0.09741784037558686 0.9129344453605436 0.24876912098569506
0 0.2367957746478873 0.041666666666666664 0.3528887342541162 0.18424784820031298
0 0.37632042253521125 0.051056338028169015 0.4844294364337433 0.19597942703167362
0 0.5277288732394366 0.08509389671361503 0.6375318094748066 0.22178104818267982
0 0.6566901408450704 0.2705399061032864 0.752791949761952 0.40124968315369525
0 0.12455985915492958 0.02464788732394366 0.21649447189297757 0.17545501884546716
0 0.16549295774647887 0.45774647887323944 0.25344828655028767 0.697501322488924
0 0.13776408450704225 0.1936619718309859 0.2090062658078754 0.36373611386629634
0 0.9058098591549296 0.7546948356807511 0.999 0.9373505311997179
0 0.9159330985915493 0.5223004694835681 0.9951954519812537 0.7109610912737773
0 0.999 0.534037558685446 0.999 0.7138884756111001
0 0.999 0.2975352112676056 0.999 0.42940285492296504
0 0.9401408450704225 0.29107981220657275 0.999 0.42060382640128724
0 0.9423415492957746 0.12852112676056338 0.999 0.27046448290683067
0 0.7975352112676056 0.272887323943662 0.9063391130232097 0.39655346988031476
0 0.999 0.13908450704225353 0.999 0.27280570158037426
0 0.6654929577464789 0.7406103286384976 0.7686331457052172 0.9584855573188742
0 0.3956866197183099 0.7288732394366197 0.5068680956779409 0.9414736659392978
0 0.40889084507042256 0.9982394366197183 0.6107355233956556 0.999
0 0.6571302816901409 0.9958920187793427 0.8601861222351717 0.999
0 0.5356514084507042 0.7411971830985915 0.6436902942744495 0.962593194141374
0 0.07878521126760564 0.79518779342723 0.14697236566405475 0.9519981292292093
0 0.15140845070422534 0.7224178403755869 0.24289110543542947 0.9449985810795918
0 0.16725352112676056 0.999 0.3630425820769688 0.999
0 0.889524647887324 0.999 0.999 0.999
0 0.999 0.7400234741784038 0.999 0.9549647749564681
