0 0.12411971830985916 0.8708920187793427 0.10035211267605634 0.23826291079812206
0 0.873899647887324 0.9507042253521126 0.06558098591549295 0.25704225352112675
0 0.512544014084507 0.1487676056338028 0.08318661971830986 0.20598591549295775
0 0.07790492957746478 0.5275821596244131 0.08450704225352113 0.23943661971830985
0 1.1003521126760563 0.5710093896713615 0.07306338028169014 0.17370892018779344
0 0.42715669014084506 0.15199530516431925 0.07878521126760564 0.22652582159624413
0 0.6941021126760564 0.5120305164319249 0.05721830985915493 0.20950704225352113
0 0.3338468309859155 0.15551643192488263 0.05677816901408451 0.19483568075117372
0 0.7779489436619719 0.14788732394366197 0.06998239436619719 0.2323943661971831
0 0.5440140845070423 0.5008802816901409 0.05897887323943662 0.17546948356807512
0 0.3767605633802817 0.5425469483568075 0.05721830985915493 0.20363849765258216
0 0.5996919014084507 0.15991784037558684 0.05413732394366197 0.2153755868544601
0 0.04995598591549296 0.176056338028169 0.06382042253521127 0.22417840375586853
0 0.1073943661971831 0.18720657276995306 0.05017605633802817 0.1960093896713615
0 0.6179577464788732 0.5234741784037559 0.0721830985915493 0.22887323943661972
0 0.4753521126760563 0.8905516431924883 0.029049295774647887 0.20833333333333334
0 0.829225352112676 0.5205399061032864 0.06426056338028169 0.2112676056338028
0 0.2737676056338028 0.1698943661971831 0.04401408450704225 0.21185446009389672
0 0.4581866197183099 0.5425469483568075 0.06338028169014084 0.2142018779342723
0 0.24515845070422534 0.5783450704225352 0.0528169014084507 0.1238262910798122
0 0.7605633802816901 0.5325704225352113 0.06866197183098592 0.22124413145539906
0 0.6560299295774648 0.14935446009389672 0.0488556338028169 0.2142018779342723
0 0.19586267605633803 0.5845070422535211 0.03697183098591549 0.12089201877934272
0 0.9082306338028169 0.5313967136150235 0.055897887323943664 0.20598591549295775
0 0.1599911971830986 0.5765845070422535 0.0409330985915493 0.1273474178403756
0 0.7057658450704225 0.1528755868544601 0.04005281690140845 0.18838028169014084
0 0.3188820422535211 0.5525234741784038 0.0488556338028169 0.18368544600938966
0 1.0206866197183098 0.1675469483568075 0.07834507042253522 0.2177230046948357
0 0.8926056338028169 0.14847417840375587 0.04665492957746479 0.20657276995305165
0 0.9372799295774648 0.17341549295774647 0.053257042253521125 0.1977699530516432
0 0.8400088028169014 0.16050469483568075 0.05149647887323944 0.22946009389671362
0 0.9830545774647887 0.545481220657277 0.042693661971830985 0.1954225352112676
0 1.0303697183098592 0.5522300469483568 0.037852112676056336 0.1607981220657277
0 0.7559419014084507 0.9354460093896714 0.04445422535211268 0.19483568075117372
0 0.6058538732394366 0.9122652582159625 0.04973591549295775 0.2177230046948357
0 0.2207306338028169 0.8802816901408451 0.061179577464788734 0.20305164319248825
0 0.6674735915492958 0.9169600938967136 0.04445422535211268 0.22007042253521128
0 0.5387323943661971 0.9049295774647887 0.05017605633802817 0.2335680751173709
0 0.4154929577464789 0.8902582159624414 0.05017605633802817 0.20422535211267606
0 0.3558538732394366 0.8914319248826291 0.04181338028169014 0.19953051643192488
0 0.04863556338028169 0.875293427230047 0.055897887323943664 0.18838028169014084
0 0.8488116197183099 0.9439553990610329 0.03477112676056338 0.15199530516431925
0 0.7059859154929577 0.9228286384976526 0.04137323943661972 0.20950704225352113
0 0.2918133802816901 0.9066901408450704 0.05193661971830986 0.1772300469483568
0 0.8926056338028169 0.9448356807511737 0.03345070422535211 0.1572769953051643
0 0.7966549295774648 0.9457159624413145 0.045774647887323945 0.18368544600938966
0 0.9733714788732394 0.937793427230047 0.0488556338028169 0.176056338028169
0 1.0336707746478873 0.9413145539906104 0.05501760563380282 0.19953051643192488
0 0.9322183098591549 0.9419014084507042 0.04401408450704225 0.1772300469483568
0 1.0933098591549295 0.9398474178403756 0.04665492957746479 0.20363849765258216
0 1.1126760563380282 0.16167840375586853 0.04401408450704225 0.22946009389671362
