0 0.9308978873239436 0.16050469483568075 0.07394366197183098 0.12030516431924883
0 0.715669014084507 0.7937206572769953 0.05457746478873239 0.12030516431924883
0 0.5818661971830986 0.7746478873239436 0.05897887323943662 0.13380281690140844
0 0.6522887323943662 0.7863849765258216 0.06073943661971831 0.13849765258215962
0 0.7946742957746479 0.5927230046948356 0.05149647887323944 0.1431924882629108
0 0.8030369718309859 0.3940727699530516 0.05237676056338028 0.1414319248826291
0 0.7915933098591549 0.7872652582159625 0.04621478873239437 0.11678403755868545
0 0.862455985915493 0.5982981220657277 0.050616197183098594 0.12030516431924883
0 0.6639524647887324 0.38321596244131456 0.06558098591549295 0.13262910798122066
0 0.8767605633802817 0.4005281690140845 0.05545774647887324 0.12852112676056338
0 0.5085827464788732 0.7808098591549296 0.06294014084507042 0.1238262910798122
0 0.7306338028169014 0.5836267605633803 0.05545774647887324 0.13908450704225353
0 0.657350352112676 0.5801056338028169 0.06205985915492958 0.12969483568075119
0 0.5059419014084507 0.5809859154929577 0.053257042253521125 0.13380281690140844
0 0.7297535211267606 0.380575117370892 0.05457746478873239 0.13204225352112675
0 0.5763644366197183 0.5821596244131455 0.05237676056338028 0.142018779342723
0 0.586487676056338 0.3732394366197183 0.04973591549295775 0.13145539906103287
0 0.5099031690140845 0.3659037558685446 0.06558098591549295 0.13086854460093897
0 0.5283890845070423 0.15082159624413147 0.10431338028169014 0.06690140845070422
0 0.6388644366197183 0.16314553990610328 0.08758802816901408 0.07042253521126761
0 0.7372359154929577 0.17018779342723006 0.09066901408450705 0.07746478873239436
0 0.05523767605633803 0.2068661971830986 0.07966549295774648 0.4125586854460094
0 1.046875 0.7925469483568075 0.05237676056338028 0.10856807511737089
0 1.0116637323943662 0.4140258215962441 0.05677816901408451 0.12617370892018778
0 0.9797535211267606 0.7987089201877934 0.0528169014084507 0.107981220657277
0 1.1065140845070423 0.7928403755868545 0.04665492957746479 0.09859154929577464
0 0.9397007042253521 0.4102112676056338 0.0528169014084507 0.11384976525821597
0 1.0063820422535212 0.1487676056338028 0.05501760563380282 0.1073943661971831
0 1.0836267605633803 0.4084507042253521 0.04665492957746479 0.13028169014084506
0 0.8450704225352113 0.7790492957746479 0.03697183098591549 0.10269953051643192
0 1.0607394366197183 0.14906103286384975 0.03345070422535211 0.09272300469483569
0 0.9231954225352113 0.6229460093896714 0.04005281690140845 0.08509389671361503
0 1.126980633802817 0.4119718309859155 0.037411971830985914 0.09154929577464789
0 0.7051056338028169 0.9732981220657277 0.05193661971830986 0.10269953051643192
0 0.7735475352112676 0.9788732394366197 0.04357394366197183 0.11032863849765258
0 0.5726232394366197 0.9759389671361502 0.04401408450704225 0.11971830985915492
0 0.16175176056338028 1.0208333333333333 0.05677816901408451 0.18720657276995306
0 0.5004401408450704 0.9677230046948356 0.0625 0.11150234741784038
0 0.2383362676056338 1.0205399061032865 0.05413732394366197 0.17488262910798122
0 0.09308978873239436 1.0085093896713615 0.04621478873239437 0.17194835680751175
0 0.31117957746478875 1.0272887323943662 0.07658450704225352 0.2130281690140845
0 0.641725352112676 0.9788732394366197 0.03873239436619718 0.11150234741784038
0 0.9009683098591549 0.9791666666666666 0.03697183098591549 0.08392018779342723
0 0.390625 1.0190727699530517 0.06558098591549295 0.19307511737089203
0 1.0233274647887325 0.9697769953051644 0.045774647887323945 0.10269953051643192
0 1.0827464788732395 0.9727112676056338 0.04225352112676056 0.10035211267605634
0 0.8356073943661971 0.9818075117370892 0.0488556338028169 0.10093896713615023
0 0.9683098591549296 0.9741784037558685 0.04225352112676056 0.09976525821596244
0 0.9214348591549296 0.7878521126760564 0.047975352112676055 0.10622065727699531
0 1.0283890845070423 1.112969483568075 0.047975352112676055 0.058098591549295774
0 0.9909771126760564 0.6026995305164319 0.03917253521126761 0.11737089201877934
0 1.055237676056338 0.6088615023474179 0.04533450704225352 0.12617370892018778
0 0.14964788732394366 0.21625586854460094 0.09066901408450705 0.4137323943661972
0 0.23767605633802816 0.21948356807511737 0.08274647887323944 0.41431924882629106
0 0.3107394366197183 0.221537558685446 0.06338028169014084 0.4242957746478873
0 0.39502640845070425 0.21801643192488263 0.0840669014084507 0.42077464788732394
0 0.3884242957746479 0.7065727699530516 0.07350352112676056 0.4072769953051643
0 0.31205985915492956 0.6789906103286385 0.05545774647887324 0.45892018779342725
0 0.03873239436619718 0.6496478873239436 0.07394366197183098 0.45892018779342725
0 0.13732394366197184 0.653755868544601 0.07130281690140845 0.4507042253521127
0 0.22403169014084506 0.6605046948356808 0.07658450704225352 0.4677230046948357
