0 0.7284330985915493 0.2869718309859155 0.8042568516291411 0.486333936718905
0 0.999 0.29107981220657275 0.999 0.5180216667768741
0 0.47755281690140844 0.009976525821596244 0.6054236123165047 0.2781631593158324
0 0.08362676056338028 0.6320422535211268 0.18658291075679428 0.9080797874099055
0 0.2108274647887324 0.6484741784037559 0.3238508681933148 0.9215677968436597
0 0.6285211267605634 0.04460093896713615 0.7202339255604048 0.2581897881813573
0 0.616637323943662 0.2846244131455399 0.7255208462482642 0.4851616053913465
0 0.7394366197183099 0.05046948356807512 0.8548682057131521 0.264054888800723
0 0.7433978873239436 0.6214788732394366 0.8579474481129736 0.8400108692058453
0 0.6183978873239436 0.6414319248826291 0.7246397896622694 0.9174639484008904
0 0.8701584507042254 0.04284037558685446 0.964405740118528 0.2587776758359232
0 0.18617957746478872 0.2857981220657277 0.3009743927916088 0.4816397898344685
0 0.477112676056338 0.29284037558685444 0.5957407074489188 0.48574363827723777
0 0.028169014084507043 0.29107981220657275 0.15227633406070226 0.49630805175339987
0 0.04709507042253521 0.0528169014084507 0.125419412380976 0.2352976426634927
0 0.3107394366197183 0.28169014084507044 0.3832259069381075 0.45171262315678107
0 0.37588028169014087 0.25938967136150237 0.45185920762249554 0.432946367563755
0 0.9973591549295775 0.6179577464788732 0.999 0.8517500247966674
0 0.8882042253521126 0.6326291079812206 0.9740808960275739 0.8716944664859264
0 0.940580985915493 0.2869718309859155 0.999 0.5250663310851021
0 0.7992957746478874 0.29694835680751175 0.9279052395358064 0.516257659415019
0 0.49471830985915494 0.8233568075117371 0.5794477472227733 0.999
0 0.3587147887323944 0.9084507042253521 0.46022943891341 0.999
0 0.09507042253521127 0.8515258215962441 0.1949405499900813 0.999
0 0.6188380281690141 0.9107981220657277 0.7162769198819678 0.999
0 0.22315140845070422 0.9330985915492958 0.32780671152797064 0.999
0 0.7482394366197183 0.8591549295774648 0.8500227819381075 0.999
0 0.00044014084507042255 0.8838028169014085 0.09418994712110693 0.999
0 0.8679577464788732 0.8761737089201878 0.9670475538087681 0.999
0 0.9819542253521126 0.8597417840375586 0.999 0.999
0 0.20774647887323944 0.022887323943661973 0.34629940735965087 0.2405968971103617
