0 0.8054577464788732 0.7634976525821596 0.9089764710622892 0.999
0 0.9423415492957746 0.8433098591549296 0.999 0.999
0 0.8327464788732394 0.12323943661971831 0.9133658686272565 0.3320873008001058
0 0.02464788732394366 0.01643192488262911 0.19629196835945248 0.3292157089642707
0 0.15536971830985916 0.6836854460093896 0.364808376004265 0.7865706071326236
0 0.7112676056338029 0.24061032863849766 0.829792575877802 0.3302578577883577
0 0.20862676056338028 0.0005868544600938967 0.35114056920749853 0.30692453823095067
0 0.4084507042253521 0.8456572769953051 0.5821265621900417 0.95666334666843
0 0.6919014084507042 0.8526995305164319 0.7783046208589565 0.999
0 0.1192781690140845 0.818075117370892 0.33181369798899024 0.9120785944146884
0 0.08714788732394366 0.8984741784037559 0.321704600401706 0.9947778907403734
0 0.4269366197183099 0.7288732394366197 0.6067663131075183 0.8088445579580772
