0 0.5717429577464789 0.937793427230047 0.07394366197183098 0.25586854460093894
0 0.9705105633802817 0.21566901408450703 0.06073943661971831 0.16607981220657278
0 0.6529489436619719 0.9568661971830986 0.07086267605633803 0.22476525821596244
0 0.19784330985915494 0.8961267605633803 0.0682218309859155 0.23943661971830985
0 0.3158010563380282 0.9216549295774648 0.07086267605633803 0.2764084507042254
0 0.8820422535211268 0.23327464788732394 0.06514084507042253 0.1613849765258216
0 1.0459947183098592 0.5422535211267606 0.06029929577464789 0.1467136150234742
0 0.6148767605633803 0.5625 0.06690140845070422 0.12030516431924883
0 1.1043133802816902 0.9421948356807511 0.06866197183098592 0.19307511737089203
0 0.8945862676056338 0.5542840375586855 0.05941901408450704 0.14730046948356806
0 0.5050616197183099 0.18544600938967137 0.05501760563380282 0.18309859154929578
0 0.3783010563380282 0.8603286384976526 0.047975352112676055 0.15492957746478872
0 0.40625 0.48914319248826293 0.05017605633802817 0.1813380281690141
0 0.4432218309859155 0.18720657276995306 0.05369718309859155 0.16549295774647887
0 0.3199823943661972 0.8667840375586855 0.03961267605633803 0.142018779342723
0 0.6855193661971831 0.16490610328638497 0.03917253521126761 0.25
0 0.34991197183098594 0.15258215962441316 0.058098591549295774 0.20422535211267606
0 0.14546654929577466 0.17400234741784038 0.07702464788732394 0.1766431924882629
0 0.14502640845070422 0.5178990610328639 0.09463028169014084 0.18251173708920188
0 0.6221390845070423 0.153462441314554 0.050616197183098594 0.24119718309859156
0 0.7788292253521126 0.13380281690140844 0.04621478873239437 0.176056338028169
0 0.2634242957746479 0.8623826291079812 0.055897887323943664 0.14847417840375587
0 0.4694102112676056 0.4926643192488263 0.04533450704225352 0.19307511737089203
0 0.5818661971830986 0.8312793427230047 0.05985915492957746 0.2130281690140845
0 0.2207306338028169 0.51731220657277 0.05149647887323944 0.17546948356807512
0 0.7244718309859155 0.14847417840375587 0.0448943661971831 0.18779342723004694
0 0.8373679577464789 0.5645539906103286 0.05501760563380282 0.13849765258215962
0 0.2733274647887324 0.5044014084507042 0.04841549295774648 0.15199530516431925
0 0.24449823943661972 0.176056338028169 0.08934859154929578 0.16901408450704225
0 0.3452904929577465 0.49295774647887325 0.05413732394366197 0.13615023474178403
0 0.6982834507042254 0.5410798122065728 0.06470070422535211 0.07042253521126761
0 0.05193661971830986 0.1728286384976526 0.07482394366197183 0.1977699530516432
0 0.5305897887323944 0.5563380281690141 0.07262323943661972 0.11267605633802817
0 0.9757922535211268 0.5070422535211268 0.07394366197183098 0.0880281690140845
0 0.040272887323943664 0.5220070422535211 0.0682218309859155 0.18838028169014084
0 0.7825704225352113 0.5536971830985915 0.05721830985915493 0.1402582159624413
0 0.9258362676056338 0.23034037558685447 0.042693661971830985 0.1426056338028169
0 0.9672095070422535 0.5944835680751174 0.06998239436619719 0.08685446009389672
0 1.054137323943662 0.19806338028169015 0.04753521126760563 0.16255868544600938
0 1.1150968309859155 0.15757042253521128 0.04445422535211268 0.12969483568075119
0 1.1038732394366197 0.863556338028169 0.04841549295774648 0.11326291079812206
0 1.0561179577464788 0.8556338028169014 0.03477112676056338 0.09624413145539906
0 0.8411091549295775 0.9269366197183099 0.045774647887323945 0.27875586854460094
0 0.8923855633802817 0.9257629107981221 0.053257042253521125 0.2717136150234742
0 0.7706866197183099 0.89231220657277 0.061619718309859156 0.29401408450704225
0 0.44630281690140844 0.926349765258216 0.061619718309859156 0.26936619718309857
0 0.5129841549295775 0.9166666666666666 0.05765845070422535 0.31220657276995306
0 0.7095070422535211 0.9477699530516432 0.056338028169014086 0.22417840375586853
0 0.9502640845070423 0.9636150234741784 0.0528169014084507 0.18661971830985916
0 0.2607834507042254 1.0105633802816902 0.04709507042253521 0.11384976525821597
0 1.0074823943661972 0.8421361502347418 0.04753521126760563 0.11619718309859155
0 0.11377640845070422 0.8538732394366197 0.10167253521126761 0.16901408450704225
0 1.0039612676056338 0.9882629107981221 0.037852112676056336 0.1443661971830986
