0 0.43705985915492956 0.4841549295774648 0.5306174912591748 0.6634482658863982
0 0.15316901408450703 0.23415492957746478 0.2582952601170403 0.4159423973417973
0 0.15140845070422534 0.6924882629107981 0.2710601195199365 0.8769410280147237
0 0.1698943661971831 0.8984741784037559 0.27105198311346956 0.999
0 0.292693661971831 0.9166666666666666 0.4083218777896251 0.999
0 0.42869718309859156 0.2282863849765258 0.5389838480708192 0.4576125079900373
0 0.6602112676056338 0.2517605633802817 0.7373854703927791 0.43412455365998814
0 0.6434859154929577 0.7230046948356808 0.7250688882414204 0.8998104432542045
0 0.832306338028169 0.7235915492957746 0.90280268206953 0.9133077514382066
0 0.7398767605633803 0.7165492957746479 0.8236180119891886 0.893945687032996
0 0.7588028169014085 0.25410798122065725 0.8324124987601667 0.432949467147171
0 0.5717429577464789 0.25234741784037557 0.6485159582052172 0.42180026559985895
0 0.5611795774647887 0.7177230046948356 0.641038213214144 0.8722313832132073
0 0.5726232394366197 0.4841549295774648 0.6405930355460226 0.6511243222244264
0 0.758362676056338 0.04225352112676056 0.8324126924841302 0.21182966342656878
0 0.8397887323943662 0.051056338028169015 0.9124824873536996 0.2171061875950539
0 0.2860915492957746 0.47769953051643194 0.3990818259025987 0.6663863265665984
0 0.6602112676056338 0.4835680751173709 0.7294629351815115 0.649950957702396
0 0.02244718309859155 0.22476525821596244 0.13907462712011506 0.4317929781348498
0 0.7557218309859155 0.4794600938967136 0.8258117421518547 0.6716669835129714
0 0.6628521126760564 0.03286384976525822 0.7343033221335052 0.22005113623840067
0 0.14964788732394366 0.4636150234741784 0.26709962681015675 0.6628734653618109
0 0.8384683098591549 0.49471830985915494 0.9190851812016464 0.681634554982477
0 0.28389084507042256 0.6954225352112676 0.40304406212805 0.8875026863056272
0 0.414612676056338 0.7018779342723005 0.5323879345615949 0.9009965505080562
0 0.1483274647887324 0.007042253521126761 0.271061475587681 0.19893952919394298
0 0.01232394366197183 0.45598591549295775 0.14039950530648682 0.6558356890167295
0 0.3019366197183099 0.018192488262910797 0.4135994997272367 0.18543533304679408
0 0.01056338028169014 0.0029342723004694834 0.11575239287839716 0.1819231606383213
0 0.27596830985915494 0.22183098591549297 0.41625177451150563 0.44059751702704486
0 0.9132922535211268 0.7142018779342723 0.9877142199588376 0.8968813369260948
0 0.9383802816901409 0.27582159624413144 0.9969461354393969 0.44408695915713375
0 0.8477112676056338 0.2652582159624413 0.9133592820124976 0.4570039564460314
0 0.9242957746478874 0.056924882629107984 0.9973924754512994 0.23294781403601578
0 0.999 0.7153755868544601 0.999 0.8951200847494986
0 0.999 0.2869718309859155 0.999 0.4511226691132712
0 0.9273767605633803 0.49178403755868544 0.9956305560032732 0.6710728966915734
0 0.999 0.4988262910798122 0.999 0.6757635995944367
0 0.999 0.7165492957746479 0.999 0.8892508513522449
0 0.999 0.06455399061032864 0.999 0.23705131808062777
0 0.7359154929577465 0.9284037558685446 0.8007324315611982 0.999
0 0.647887323943662 0.9301643192488263 0.7145035707200952 0.999
0 0.829225352112676 0.9419014084507042 0.899282911376711 0.999
0 0.5598591549295775 0.9360328638497653 0.6401585126958936 0.999
0 0.02112676056338028 0.6766431924882629 0.1417160533624281 0.8822320169058168
0 0.9097711267605634 0.9313380281690141 0.9635080232716723 0.999
0 0.9960387323943662 0.9242957746478874 0.999 0.999
0 0.999 0.9366197183098591 0.999 0.999
0 0.4198943661971831 0.92018779342723 0.5389877225500892 0.999
0 0.0409330985915493 0.8843896713615024 0.1509502935305495 0.999
0 0.43045774647887325 0.02640845070422535 0.5389830731749653 0.2042098541955961
