0 0.8217429577464789 0.8210093896713615 0.9019270497545129 0.999
0 0.5277288732394366 0.4225352112676056 0.6300494151086093 0.6388365403689744
0 0.9872359154929577 0.06748826291079812 0.999 0.28751907965791623
0 0.9278169014084507 0.8315727699530516 0.999 0.999
0 0.4269366197183099 0.4078638497652582 0.5134564539525888 0.6329766057219687
0 0.37191901408450706 0.778169014084507 0.48267081029309655 0.999
0 0.5374119718309859 0.08098591549295775 0.6472106461391589 0.24349707399325532
0 0.6496478873239436 0.4084507042253521 0.7439922324439595 0.6464739139059711
0 0.04973591549295775 0.4025821596244131 0.15930909510761754 0.6218294705636007
0 0.10915492957746478 0.0357981220657277 0.16500477335846062 0.23296021236967973
0 0.19630281690140844 0.426056338028169 0.27808261319678634 0.6130128777358989
0 0.28565140845070425 0.4278169014084507 0.3775151182181115 0.6405940041658401
0 0.3371478873239437 0.04284037558685446 0.39993963561297363 0.23765091527254292
0 0.2636443661971831 0.051056338028169015 0.3150248044162865 0.2311906946373074
0 0.6571302816901409 0.06572769953051644 0.7519114743478477 0.2558299720073178
0 0.40492957746478875 0.0534037558685446 0.5108252950803411 0.23940527948599263
0 0.19102112676056338 0.041666666666666664 0.23715183929279904 0.2341304773082942
0 0.04533450704225352 0.02992957746478873 0.08756807460077366 0.21770544038881176
0 0.8565140845070423 0.43603286384976525 0.9520878018994247 0.6570211074742666
0 0.7706866197183099 0.05927230046948357 0.8746607893399126 0.24820465240582776
0 0.999 0.4583333333333333 0.999 0.6487920579029735
0 0.9779929577464789 0.4471830985915493 0.999 0.6564277094491834
0 0.8930457746478874 0.0715962441314554 0.9824414411203135 0.2798875608895942
0 0.5994718309859155 0.7805164319248826 0.6960389648631223 0.999
0 0.7090669014084507 0.789906103286385 0.8042653754835349 0.999
0 0.4793133802816901 0.795774647887324 0.5895777669981155 0.999
0 0.2548415492957746 0.7805164319248826 0.34847938312090854 0.999
0 0.999 0.8526995305164319 0.999 0.999
0 0.999 0.8550469483568075 0.999 0.999
