0 0.21016725352112675 0.465962441314554 0.10959507042253522 0.1960093896713615
0 0.0917693661971831 0.7799295774647887 0.10079225352112677 0.23591549295774647
0 0.5598591549295775 1.061913145539906 0.07834507042253522 0.14847417840375587
0 0.7577024647887324 1.0636737089201878 0.07966549295774648 0.1426056338028169
0 1.0768045774647887 0.517018779342723 0.08494718309859155 0.2476525821596244
0 0.7594630281690141 0.1164906103286385 0.09815140845070422 0.20598591549295775
0 0.9889964788732394 0.49119718309859156 0.06602112676056338 0.2300469483568075
0 0.8571742957746479 0.10592723004694836 0.0840669014084507 0.2106807511737089
0 0.31954225352112675 0.7869718309859155 0.09595070422535211 0.22417840375586853
0 0.6672535211267606 0.4964788732394366 0.10387323943661972 0.19483568075117372
0 0.33076584507042256 0.4612676056338028 0.08494718309859155 0.20539906103286384
0 0.20774647887323944 0.778462441314554 0.09242957746478873 0.22711267605633803
0 0.4359595070422535 0.7943075117370892 0.09551056338028169 0.2130281690140845
0 0.545774647887324 0.7910798122065728 0.09330985915492958 0.20422535211267606
0 0.2746478873239437 0.12793427230046947 0.14348591549295775 0.11619718309859155
0 0.7713468309859155 0.4894366197183099 0.08494718309859155 0.18896713615023475
0 0.5545774647887324 0.47769953051643194 0.09419014084507042 0.22183098591549297
0 0.4509242957746479 0.4724178403755869 0.10079225352112677 0.22065727699530516
0 0.4408010563380282 0.13497652582159625 0.13424295774647887 0.11150234741784038
0 0.6100352112676056 0.1522887323943662 0.1487676056338028 0.09800469483568075
0 0.1034330985915493 0.1159037558685446 0.13556338028169015 0.10856807511737089
0 0.09683098591549295 0.45041079812206575 0.1056338028169014 0.20363849765258216
0 1.0730633802816902 0.7960680751173709 0.08714788732394366 0.1965962441314554
0 0.8816021126760564 0.4894366197183099 0.0880281690140845 0.19014084507042253
0 1.042693661971831 0.13438967136150234 0.10475352112676056 0.19014084507042253
0 0.6415052816901409 1.0633802816901408 0.06029929577464789 0.11150234741784038
0 0.7612235915492958 0.8139671361502347 0.07790492957746478 0.11971830985915492
0 0.6483274647887324 0.7872652582159625 0.08450704225352113 0.2318075117370892
0 0.8444102112676056 1.074237089201878 0.06998239436619719 0.12969483568075119
0 0.3303257042253521 1.073356807511737 0.09375 0.1396713615023474
0 0.21610915492957747 1.063086854460094 0.07922535211267606 0.159037558685446
0 0.9469630281690141 0.7866784037558685 0.06470070422535211 0.198943661971831
0 0.10431338028169014 1.0666079812206573 0.10123239436619719 0.1449530516431925
0 0.8516725352112676 0.7816901408450704 0.07658450704225352 0.20187793427230047
0 0.44212147887323944 1.0701291079812207 0.09991197183098592 0.13556338028169015
0 0.9445422535211268 1.063086854460094 0.09507042253521127 0.10856807511737089
0 1.0279489436619718 1.0425469483568075 0.06029929577464789 0.13086854460093897
