0 0.5851672535211268 0.9066901408450704 0.06910211267605634 0.25586854460093894
0 0.49625880281690143 0.9078638497652582 0.07350352112676056 0.24061032863849766
0 0.6784771126760564 0.9128521126760564 0.08758802816901408 0.26467136150234744
0 0.24075704225352113 0.4765258215962441 0.08538732394366197 0.25938967136150237
0 0.9850352112676056 0.11120892018779342 0.07746478873239436 0.19072769953051644
0 0.4993397887323944 0.4847417840375587 0.09286971830985916 0.31220657276995306
0 0.4137323943661972 0.505868544600939 0.05897887323943662 0.22887323943661972
0 0.7321742957746479 0.488556338028169 0.07790492957746478 0.29284037558685444
0 0.5922095070422535 0.471537558685446 0.08142605633802817 0.3174882629107981
0 0.32922535211267606 0.4988262910798122 0.08538732394366197 0.23826291079812206
0 0.8217429577464789 0.5140845070422535 0.09242957746478873 0.2323943661971831
0 0.2326144366197183 0.8254107981220657 0.04709507042253521 0.20833333333333334
0 0.9905369718309859 0.5061619718309859 0.07086267605633803 0.27992957746478875
0 0.0878080985915493 0.4609741784037559 0.09110915492957747 0.2963615023474178
0 0.8056778169014085 0.08890845070422536 0.08230633802816902 0.17312206572769953
0 0.6639524647887324 0.4668427230046948 0.042693661971830985 0.24119718309859156
0 0.2871919014084507 0.08274647887323944 0.08582746478873239 0.1572769953051643
0 0.7013644366197183 0.8336267605633803 0.050616197183098594 0.16255868544600938
0 0.09595070422535211 0.13380281690140844 0.08098591549295775 0.07863849765258216
0 0.3650968309859155 0.09184272300469483 0.04445422535211268 0.15082159624413147
0 0.6734154929577465 0.10768779342723005 0.056338028169014086 0.16255868544600938
0 0.6533890845070423 0.8664906103286385 0.0488556338028169 0.13673708920187794
0 0.9077904929577465 0.49589201877934275 0.050616197183098594 0.27816901408450706
0 1.0688820422535212 0.12441314553990611 0.0840669014084507 0.1619718309859155
0 1.064480633802817 0.5407863849765259 0.03653169014084507 0.1742957746478873
0 0.898987676056338 0.0982981220657277 0.07702464788732394 0.19190140845070422
0 0.2913732394366197 0.8612089201877934 0.061619718309859156 0.25880281690140844
0 0.4238556338028169 0.8934859154929577 0.07130281690140845 0.24237089201877934
0 0.10299295774647887 0.8697183098591549 0.08362676056338028 0.25704225352112675
0 0.7733274647887324 0.8823356807511737 0.06514084507042253 0.24471830985915494
0 0.3573943661971831 0.8826291079812206 0.04841549295774648 0.24647887323943662
0 1.0616197183098592 0.903755868544601 0.08714788732394366 0.2676056338028169
0 0.9606073943661971 0.9128521126760564 0.09815140845070422 0.2505868544600939
0 0.852112676056338 0.9125586854460094 0.058098591549295774 0.21830985915492956
0 0.08934859154929578 0.04636150234741784 0.07394366197183098 0.07394366197183098
0 0.18705985915492956 0.09213615023474178 0.0880281690140845 0.1795774647887324
0 0.4944982394366197 0.04107981220657277 0.09727112676056338 0.06338028169014084
0 0.4861355633802817 0.1317488262910798 0.08054577464788733 0.07570422535211267
0 0.594850352112676 0.0988849765258216 0.06998239436619719 0.1789906103286385
0 0.7299735915492958 0.10035211267605634 0.047975352112676055 0.17253521126760563
