0 0.0044014084507042256 0.24413145539906103 0.18397693599980164 0.3836595472679583
0 0.22007042253521128 0.25 0.40219187041261656 0.3302523474178404
0 0.516725352112676 0.8227699530516432 0.6243324272217814 0.999
0 0.2244718309859155 0.1619718309859155 0.3929469754265027 0.21410682404284864
0 0.23151408450704225 0.6719483568075117 0.32604246739238246 0.8000751476779299
0 0.4498239436619718 0.11267605633802817 0.6076365211515572 0.18831415724393308
0 0.4533450704225352 0.21713615023474178 0.6287617319232295 0.284496985827327
0 0.46610915492957744 0.27992957746478875 0.6190730153367388 0.34314558123388217
0 0.22535211267605634 0.06103286384976526 0.38018250347153343 0.1190956379906985
0 0.03829225352112676 0.1267605633802817 0.1861627234799643 0.22234345037360312
0 0.4727112676056338 0.6044600938967136 0.6639644756744693 0.6786358802265864
0 0.8235035211267606 0.5774647887323944 0.9406586692248561 0.8030648680817298
0 0.22095070422535212 0.10974178403755869 0.3894273984576473 0.1548651750093676
0 0.34286971830985913 0.6455399061032864 0.44131035663806784 0.7208652934823337
0 0.3727992957746479 0.8086854460093896 0.500716197493057 0.999
0 0.3653169014084507 0.727112676056338 0.4633075189694505 0.8047376099318918
0 0.21038732394366197 0.8198356807511737 0.3449778224806586 0.999
0 0.7944542253521126 0.8433098591549296 0.9138228634571514 0.992462846326787
0 0.6421654929577465 0.7752347417840375 0.7682032722302122 0.999
0 0.7504401408450704 0.715962441314554 0.8544232217689942 0.80004931781613
0 0.04005281690140845 0.7552816901408451 0.18044011759819478 0.9878196703696356
0 0.9150528169014085 0.8374413145539906 0.999 0.999
0 0.6377640845070423 0.09507042253521127 0.714948167216326 0.24231509951729152
0 0.676056338028169 0.2664319248826291 0.7545439892878397 0.4605243944102801
0 0.8419894366197183 0.20011737089201878 0.9969885609874033 0.5028168325288193
0 0.0035211267605633804 0.5580985915492958 0.06557943612378496 0.7578884397936918
0 0.07878521126760564 0.5616197183098591 0.2063913797485618 0.7490835565033392
0 0.46919014084507044 0.6754694835680751 0.6001456029309661 0.8018336446692675
0 0.608274647887324 0.6696009389671361 0.7017569213697679 0.7595835675240804
0 0.6839788732394366 0.5927230046948356 0.8223221923973417 0.7654972282836299
0 0.9119718309859155 0.5868544600938967 0.999 0.766087526725297
0 0.19410211267605634 0.3403755868544601 0.42641104660533624 0.4663495448433953
0 0.4467429577464789 0.3415492957746479 0.6644160462333862 0.4845413443099914
