0 0.6144366197183099 0.31660798122065725 0.06954225352112677 0.28931924882629106
0 0.13050176056338028 0.24853286384976525 0.08230633802816902 0.1954225352112676
0 0.8664172535211268 0.70481220657277 0.06910211267605634 0.19953051643192488
0 0.6597711267605634 0.6963028169014085 0.08274647887323944 0.2130281690140845
0 0.9896566901408451 0.3400821596244131 0.06910211267605634 0.22359154929577466
0 0.780149647887324 0.7285798122065728 0.06910211267605634 0.16725352112676056
0 1.067781690140845 0.7089201877934272 0.06690140845070422 0.18661971830985916
0 0.402068661971831 0.31954225352112675 0.04973591549295775 0.2904929577464789
0 0.893705985915493 0.3160211267605634 0.053257042253521125 0.2975352112676056
0 0.28499119718309857 0.31660798122065725 0.05149647887323944 0.2576291079812207
0 0.09507042253521127 0.636150234741784 0.05017605633802817 0.24061032863849766
0 0.8213028169014085 0.2992957746478873 0.05985915492957746 0.2852112676056338
0 0.47161091549295775 0.7124413145539906 0.05501760563380282 0.21244131455399062
0 0.31536091549295775 0.6830985915492958 0.05413732394366197 0.23943661971830985
0 0.4161531690140845 0.6924882629107981 0.04973591549295775 0.23708920187793428
0 0.7444982394366197 0.34624413145539906 0.04181338028169014 0.2136150234741784
0 0.3690580985915493 0.6886737089201878 0.04533450704225352 0.2576291079812207
0 0.4746919014084507 0.31161971830985913 0.04973591549295775 0.2805164319248826
0 0.3413292253521127 0.32335680751173707 0.04533450704225352 0.25704225352112675
0 0.050836267605633804 0.6311619718309859 0.0488556338028169 0.272887323943662
0 0.9487235915492958 0.3274647887323944 0.050616197183098594 0.2734741784037559
0 0.2640845070422535 0.6919014084507042 0.0448943661971831 0.22300469483568075
0 0.5829665492957746 0.7300469483568075 0.04181338028169014 0.20305164319248825
0 0.21236795774647887 0.3198356807511737 0.04621478873239437 0.24413145539906103
0 0.5325704225352113 0.3274647887323944 0.04929577464788732 0.2875586854460094
0 0.5310299295774648 0.727406103286385 0.04533450704225352 0.1766431924882629
0 0.6793573943661971 0.3544600938967136 0.0488556338028169 0.1784037558685446
0 0.17517605633802816 0.6742957746478874 0.07658450704225352 0.18427230046948356
0 0.9262764084507042 0.7127347417840375 0.047975352112676055 0.19307511737089203
0 1.0640404929577465 0.3931924882629108 0.04005281690140845 0.13145539906103287
0 0.9975792253521126 0.7338615023474179 0.04973591549295775 0.16725352112676056
0 0.7764084507042254 0.789906103286385 0.05985915492957746 0.08098591549295775
0 0.523987676056338 1.000586854460094 0.05941901408450704 0.1619718309859155
0 0.4077904929577465 0.9950117370892019 0.06294014084507042 0.1637323943661972
0 0.28169014084507044 1.005281690140845 0.0528169014084507 0.15375586854460094
0 0.6879401408450704 0.9970657276995305 0.05721830985915493 0.14906103286384975
0 0.3402288732394366 0.9947183098591549 0.05193661971830986 0.17136150234741784
0 0.6087147887323944 0.9985328638497653 0.05721830985915493 0.16490610328638497
0 0.7673855633802817 0.9958920187793427 0.055897887323943664 0.15140845070422534
0 0.8320862676056338 0.9897300469483568 0.05413732394366197 0.15082159624413147
0 0.07042253521126761 0.971537558685446 0.045774647887323945 0.19072769953051644
0 0.023987676056338027 0.9906103286384976 0.035651408450704226 0.18427230046948356
0 0.14590669014084506 0.9818075117370892 0.04709507042253521 0.18192488262910797
0 0.9493838028169014 1.0088028169014085 0.037852112676056336 0.1255868544600939
0 0.647887323943662 0.7699530516431925 0.061619718309859156 0.08333333333333333
0 0.8844630281690141 0.9721244131455399 0.04621478873239437 0.11913145539906103
0 0.11003521126760564 0.7461854460093896 0.05545774647887324 0.07570422535211267
0 0.7136883802816901 0.76731220657277 0.042693661971830985 0.1073943661971831
0 0.10585387323943662 0.9791666666666666 0.03389084507042254 0.19190140845070422
0 1.0079225352112675 0.9642018779342723 0.043133802816901406 0.13262910798122066
0 1.095950704225352 0.9457159624413145 0.03873239436619718 0.0886150234741784
0 1.0547975352112675 0.7620305164319249 0.03917253521126761 0.09683098591549295
