0 0.1483274647887324 0.9025821596244131 0.4519593629116247 0.999
0 0.8622359154929577 0.07394366197183098 0.993458522924519 0.3632195166302982
0 0.5052816901408451 0.7717136150234741 0.8893022527772267 0.8950870225263947
0 0.10475352112676056 0.7359154929577465 0.48718980918964494 0.8804366693116445
0 0.5585387323943662 0.48532863849765256 0.8945605023184885 0.5895039151182525
0 0.6875 0.03345070422535211 0.8469685299295775 0.3321399937181776
0 0.23327464788732394 0.47769953051643194 0.496376199538782 0.5366914908858471
0 0.5647007042253521 0.6038732394366197 0.917004973281591 0.6962418584275607
0 0.11883802816901408 0.15258215962441316 0.36790544100872846 0.24991045647909366
0 0.20422535211267606 0.5704225352112676 0.4994699712358659 0.6229046816107915
0 0.4300176056338028 0.24413145539906103 0.6428565063355485 0.32145297449800525
0 0.4326584507042254 0.11502347417840375 0.6212884425833168 0.17129400030858075
0 0.13952464788732394 0.06924882629107981 0.36085408246131717 0.13376217791884326
0 0.20026408450704225 0.6355633802816901 0.5003519964416782 0.6885941529458441
0 0.41065140845070425 0.008215962441314555 0.6234988330068438 0.07452569485772223
0 0.4392605633802817 0.17018779342723006 0.6336094803858362 0.22173111044986665
0 0.007482394366197183 0.4624413145539906 0.17825374894614163 0.5278976283365293
0 0.14128521126760563 0.272887323943662 0.356451899114759 0.32378351682867157
0 0.022887323943661973 0.5610328638497653 0.16284203902995437 0.6264313187418722
0 0.009683098591549295 0.6384976525821596 0.14876334370660582 0.7220431351804095
0 0.5743838028169014 0.914906103286385 0.9385676127628446 0.999
0 0.1443661971830986 0.0005868544600938967 0.3837392754413807 0.06337993729198352
