0 0.3807218309859155 0.6825117370892019 0.1742957746478873 0.10093896713615023
0 0.4546654929577465 0.43221830985915494 0.07306338028169014 0.14730046948356806
0 0.9641285211267606 0.9410211267605634 0.207306338028169 0.11678403755868545
0 1.0050616197183098 0.24530516431924881 0.08582746478873239 0.16666666666666666
0 0.7264524647887324 0.43515258215962443 0.07526408450704225 0.13204225352112675
0 0.847931338028169 0.6505281690140845 0.08142605633802817 0.1273474178403756
0 0.5974911971830986 0.9281103286384976 0.16857394366197184 0.0733568075117371
0 0.7350352112676056 0.6778169014084507 0.07746478873239436 0.11384976525821597
0 0.606294014084507 0.8394953051643192 0.16857394366197184 0.0698356807511737
0 0.5 0.20305164319248825 0.04401408450704225 0.13380281690140844
0 0.44036091549295775 0.1983568075117371 0.04445422535211268 0.12910798122065728
0 0.7566021126760564 0.2106807511737089 0.0448943661971831 0.11384976525821597
0 0.3888644366197183 0.20539906103286384 0.04445422535211268 0.142018779342723
0 0.8191021126760564 0.44190140845070425 0.05457746478873239 0.11619718309859155
0 0.8153609154929577 0.20539906103286384 0.04357394366197183 0.09976525821596244
0 0.367737676056338 0.4345657276995305 0.055897887323943664 0.13556338028169015
0 0.6256602112676056 0.44688967136150237 0.058538732394366196 0.10856807511737089
0 0.53125 0.43984741784037557 0.0625 0.10856807511737089
0 0.5497359154929577 0.21449530516431925 0.03961267605633803 0.09917840375586855
0 0.33428697183098594 0.2027582159624413 0.04709507042253521 0.12852112676056338
0 0.3147007042253521 0.4242957746478873 0.04137323943661972 0.11384976525821597
0 1.0255281690140845 0.5355046948356808 0.136443661971831 0.2658450704225352
0 1.0988116197183098 0.2505868544600939 0.07702464788732394 0.176056338028169
0 0.8818221830985915 0.4363262910798122 0.050616197183098594 0.08509389671361503
0 1.0024207746478873 0.767018779342723 0.10519366197183098 0.07629107981220658
0 0.4141725352112676 0.8882042253521126 0.1505281690140845 0.15082159624413147
