0 0.501100352112676 0.3999413145539906 0.12808098591549297 0.22946009389671362
0 0.6316021126760564 0.3767605633802817 0.06602112676056338 0.25234741784037557
0 0.714568661971831 0.3104460093896714 0.08934859154929578 0.20892018779342722
0 0.914612676056338 0.6434859154929577 0.0801056338028169 0.2881455399061033
0 1.0393926056338028 0.6338028169014085 0.12808098591549297 0.29694835680751175
0 1.0272887323943662 0.9058098591549296 0.1267605633802817 0.2505868544600939
0 0.9049295774647887 0.920481220657277 0.0818661971830986 0.24119718309859156
0 0.46742957746478875 0.8961267605633803 0.07130281690140845 0.24530516431924881
0 0.3477112676056338 0.9577464788732394 0.0801056338028169 0.07746478873239436
0 0.336487676056338 0.8826291079812206 0.08934859154929578 0.06572769953051644
0 0.3347271126760563 0.8230633802816901 0.07790492957746478 0.06044600938967136
0 0.3230633802816901 0.7435446009389671 0.0801056338028169 0.0880281690140845
0 0.9689700704225352 0.07746478873239436 0.1500880281690141 0.1431924882629108
0 1.0970510563380282 0.1607981220657277 0.07526408450704225 0.29694835680751175
