0 0.4194542253521127 0.3034037558685446 0.07658450704225352 0.06338028169014084
0 0.4201144366197183 0.36032863849765256 0.07526408450704225 0.036384976525821594
0 0.4253961267605634 0.414612676056338 0.07526408450704225 0.04518779342723005
0 0.4102112676056338 0.4735915492957746 0.06866197183098592 0.051643192488262914
0 0.29577464788732394 0.6003521126760564 0.10123239436619719 0.07746478873239436
0 0.5728433098591549 0.42488262910798125 0.11663732394366197 0.05868544600938967
0 0.5631602112676056 0.48884976525821594 0.09198943661971831 0.04460093896713615
0 0.13402288732394366 0.6071009389671361 0.1113556338028169 0.06748826291079812
0 0.152068661971831 0.5155516431924883 0.09551056338028169 0.06748826291079812
0 0.29401408450704225 0.2966549295774648 0.1153169014084507 0.06396713615023474
0 0.2951144366197183 0.36795774647887325 0.08934859154929578 0.051643192488262914
0 0.2988556338028169 0.44688967136150237 0.11003521126760564 0.0534037558685446
0 0.2887323943661972 0.5296361502347418 0.1153169014084507 0.06748826291079812
0 1.0266285211267605 0.9298708920187794 0.09991197183098592 0.2153755868544601
0 0.950044014084507 0.3265845070422535 0.12808098591549297 0.27992957746478875
0 1.084286971830986 0.3283450704225352 0.09815140845070422 0.2834507042253521
0 0.9282570422535211 0.5985915492957746 0.1153169014084507 0.24647887323943662
0 1.0609595070422535 0.5883215962441315 0.11663732394366197 0.232981220657277
0 0.22139084507042253 0.09536384976525822 0.2112676056338028 0.14847417840375587
0 0.501100352112676 0.09389671361502347 0.14392605633802816 0.12089201877934272
