0 0.37786091549295775 0.9474765258215962 0.3217429577464789 0.2975352112676056
0 0.7286531690140845 0.5020539906103286 0.10255281690140845 0.20363849765258216
0 0.6018926056338029 0.5026408450704225 0.09727112676056338 0.18955399061032863
0 0.4621478873239437 0.48826291079812206 0.09242957746478873 0.1784037558685446
0 0.3296654929577465 0.4859154929577465 0.09683098591549295 0.1795774647887324
0 0.836487676056338 0.8441901408450704 0.21963028169014084 0.06631455399061033
0 0.4529049295774648 0.15698356807511737 0.136443661971831 0.2634976525821596
0 0.8560739436619719 0.9994131455399061 0.1813380281690141 0.1607981220657277
0 0.6956426056338029 0.9897300469483568 0.07350352112676056 0.20715962441314553
0 0.2764084507042254 0.14906103286384975 0.1602112676056338 0.2934272300469484
0 0.6342429577464789 0.1602112676056338 0.16461267605633803 0.2711267605633803
