0 0.04841549295774648 0.02992957746478873 0.22180967627950804 0.6461091962573563
0 0.28565140845070425 0.10035211267605634 0.4395749773730411 0.6460678684784765
0 0.4652288732394366 0.02464788732394366 0.8043726985593136 0.6549151127421808
0 0.8331866197183099 0.5305164319248826 0.9490170833539973 0.7320830302629548
0 0.4397007042253521 0.7805164319248826 0.7656515401829994 0.999
0 0.269806338028169 0.7458920187793427 0.42769814861882566 0.999
0 0.08098591549295775 0.7458920187793427 0.25700660831184285 0.999
0 0.9652288732394366 0.8098591549295775 0.999 0.999
0 0.8111795774647887 0.9776995305164319 0.9490267695521721 0.999
0 0.9806338028169014 0.5029342723004695 0.999 0.6939536770702461
