0 0.59375 0.8984741784037559 0.726411201584507 0.999
0 0.4507042253521127 0.8943661971830986 0.5807875421543345 0.999
0 0.999 0.6003521126760564 0.999 0.7249997933611055
0 0.9942781690140845 0.5839201877934272 0.999 0.7285305632700743
0 0.31294014084507044 0.8984741784037559 0.42415803690983933 0.999
0 0.8965669014084507 0.5862676056338029 0.9696758068215633 0.751416509621107
0 0.6161971830985915 0.30985915492957744 0.7356442794088475 0.48690735965086296
0 0.19190140845070422 0.3034037558685446 0.3176972264927594 0.4851505846503119
0 0.5048415492957746 0.028755868544600938 0.6018904746702043 0.1637155188564879
0 0.25528169014084506 0.5710093896713615 0.3396763724955366 0.720322177588221
0 0.9102112676056338 0.31220657276995306 0.999 0.5009904891004872
0 0.9220950704225352 0.036384976525821594 0.9929920356204126 0.1625373327602548
0 0.19102112676056338 0.009976525821596244 0.29965183929279904 0.155510577156208
0 0.7174295774647887 0.5845070422535211 0.7928180327563975 0.7367461813132314
0 0.3987676056338028 0.5704225352112676 0.4875005424270978 0.7220830853666601
0 0.16065140845070422 0.8720657276995305 0.26137295272515376 0.999
0 0.3023767605633803 0.007042253521126761 0.4017155031863718 0.15199117238643126
0 0.715669014084507 0.020539906103286387 0.7884173992015473 0.16019921367012718
0 0.08538732394366197 0.5645539906103286 0.19714551614263043 0.746734416672177
0 0.03873239436619718 0.30809859154929575 0.16723647341797263 0.47634501256364475
0 0.33494718309859156 0.29518779342723006 0.45363778733138266 0.493958223125923
0 0.8098591549295775 0.00528169014084507 0.8882879141043444 0.16372929478278117
0 0.766725352112676 0.30633802816901406 0.8975498567992461 0.5027544964623422
0 0.9735915492957746 0.24589201877934272 0.999 0.2903486549185567
0 0.7900528169014085 0.5927230046948356 0.8777332514010118 0.7343939418986533
0 0.999 0.035211267605633804 0.999 0.1560826224955366
0 0.7504401408450704 0.903755868544601 0.8742295597971632 0.999
0 0.09066901408450705 0.8573943661971831 0.1729354449761952 0.999
0 0.9731514084507042 0.8814553990610329 0.999 0.999
0 0.8838028169014085 0.903169014084507 0.9582377628446735 0.999
0 0.999 0.8984741784037559 0.999 0.999
0 0.46786971830985913 0.29577464788732394 0.60366731086342 0.47987337168551214
0 0.514524647887324 0.5633802816901409 0.64634043809512 0.7596459035905574
