0 0.23591549295774647 0.8708920187793427 0.10035211267605634 0.2887323943661972
0 0.7477992957746479 0.8879107981220657 0.08098591549295775 0.23943661971830985
0 0.8122799295774648 0.4198943661971831 0.09991197183098592 0.22593896713615025
0 1.0321302816901408 0.8829225352112676 0.0801056338028169 0.27523474178403756
0 0.14568661971830985 0.8729460093896714 0.06778169014084508 0.306924882629108
0 0.6663732394366197 0.8823356807511737 0.0721830985915493 0.22007042253521128
0 0.9110915492957746 0.46156103286384975 0.07482394366197183 0.2306338028169014
0 0.4764524647887324 0.4380868544600939 0.07966549295774648 0.25410798122065725
0 0.15580985915492956 0.4154929577464789 0.06954225352112677 0.2981220657276995
0 0.5748239436619719 0.397887323943662 0.0897887323943662 0.31220657276995306
0 0.670774647887324 0.443075117370892 0.07394366197183098 0.3039906103286385
0 0.995818661971831 0.4272300469483568 0.0664612676056338 0.3215962441314554
0 0.07746478873239436 0.4125586854460094 0.05985915492957746 0.30164319248826293
0 0.37059859154929575 0.409037558685446 0.08714788732394366 0.2981220657276995
0 0.24493838028169015 0.4166666666666667 0.09286971830985916 0.30633802816901406
0 0.3224031690140845 0.04636150234741784 0.055897887323943664 0.09272300469483569
0 1.0451144366197183 0.4439553990610329 0.04181338028169014 0.22476525821596244
0 1.1001320422535212 0.3996478873239437 0.0409330985915493 0.1396713615023474
0 0.3496919014084507 0.8744131455399061 0.07878521126760564 0.29460093896713613
0 0.45224471830985913 0.8937793427230047 0.09110915492957747 0.284037558685446
0 0.5539172535211268 0.886150234741784 0.07966549295774648 0.31338028169014087
0 1.1170774647887325 0.8788145539906104 0.061619718309859156 0.2775821596244131
0 0.945862676056338 0.9527582159624414 0.05369718309859155 0.16255868544600938
0 0.8659771126760564 0.9724178403755869 0.07350352112676056 0.12441314553990611
