0 0.24295774647887325 0.3659037558685446 0.10035211267605634 0.21654929577464788
0 0.8096390845070423 0.6470070422535211 0.08934859154929578 0.20598591549295775
0 0.040713028169014086 0.3711854460093897 0.07878521126760564 0.24706572769953053
0 0.5849471830985915 0.6320422535211268 0.08538732394366197 0.1983568075117371
0 0.4711707746478873 0.38028169014084506 0.09110915492957747 0.2136150234741784
0 0.5871478873239436 0.12323943661971831 0.08450704225352113 0.18779342723004694
0 0.4804137323943662 0.6449530516431925 0.08934859154929578 0.19483568075117372
0 0.2306338028169014 0.12177230046948356 0.10035211267605634 0.20598591549295775
0 0.6980633802816901 0.1317488262910798 0.09330985915492958 0.2106807511737089
0 0.6927816901408451 0.6343896713615024 0.08890845070422536 0.19483568075117372
0 0.24559859154929578 0.6431924882629108 0.09242957746478873 0.1936619718309859
0 0.35629401408450706 0.3829225352112676 0.10167253521126761 0.20950704225352113
0 0.3496919014084507 0.11120892018779342 0.08758802816901408 0.198943661971831
0 0.686399647887324 0.3882042253521127 0.09198943661971831 0.20129107981220656
0 0.13050176056338028 0.3890845070422535 0.0840669014084507 0.2335680751173709
0 0.8034771126760564 0.38761737089201875 0.09903169014084508 0.1965962441314554
0 0.3633362676056338 0.6484741784037559 0.09551056338028169 0.18427230046948356
0 0.47183098591549294 0.12441314553990611 0.08626760563380281 0.19483568075117372
0 0.5757042253521126 0.38116197183098594 0.07482394366197183 0.18720657276995306
0 0.7959947183098591 0.1329225352112676 0.07526408450704225 0.19190140845070422
0 0.14920774647887325 0.6651995305164319 0.0977112676056338 0.19307511737089203
0 0.1210387323943662 0.12940140845070422 0.08714788732394366 0.20833333333333334
0 0.048195422535211266 0.6581572769953051 0.08582746478873239 0.2177230046948357
0 0.9159330985915493 0.1402582159624413 0.08450704225352113 0.1795774647887324
0 0.907350352112676 0.37910798122065725 0.07878521126760564 0.20539906103286384
0 1.014524647887324 0.16607981220657278 0.0897887323943662 0.2007042253521127
0 0.9077904929577465 0.6211854460093896 0.07966549295774648 0.18251173708920188
0 1.0107834507042253 0.39642018779342725 0.05941901408450704 0.17546948356807512
0 0.9412411971830986 0.6015258215962441 0.04005281690140845 0.16314553990610328
0 0.2599031690140845 0.9063967136150235 0.08846830985915492 0.22124413145539906
0 0.15669014084507044 0.9328051643192489 0.0818661971830986 0.2153755868544601
0 0.48173415492957744 0.8846830985915493 0.09815140845070422 0.20833333333333334
0 0.3686179577464789 0.8952464788732394 0.09639084507042253 0.2153755868544601
0 0.5933098591549296 0.8817488262910798 0.08538732394366197 0.198943661971831
0 0.7051056338028169 0.8779342723004695 0.09595070422535211 0.20422535211267606
0 0.8105193661971831 0.8606220657276995 0.0840669014084507 0.19307511737089203
0 0.05215669014084507 0.9228286384976526 0.08846830985915492 0.2153755868544601
0 0.5915492957746479 1.0727699530516432 0.0818661971830986 0.10915492957746478
0 0.4702904929577465 1.0924295774647887 0.07350352112676056 0.0886150234741784
0 0.6938820422535211 1.0727699530516432 0.07878521126760564 0.11502347417840375
0 0.9962588028169014 1.0586854460093897 0.06910211267605634 0.15845070422535212
0 0.519806338028169 1.0836267605633803 0.04929577464788732 0.0886150234741784
0 0.3829225352112676 1.0786384976525822 0.09507042253521127 0.0903755868544601
0 0.2689260563380282 1.085387323943662 0.10651408450704225 0.08744131455399061
0 0.9060299295774648 0.8506455399061033 0.07878521126760564 0.18603286384976525
0 0.9966989436619719 0.8471244131455399 0.06205985915492958 0.18016431924882628
0 0.9161531690140845 1.067488262910798 0.07086267605633803 0.13497652582159625
0 0.035651408450704226 0.10856807511737089 0.05193661971830986 0.1983568075117371
0 0.796875 1.0551643192488263 0.06734154929577464 0.12441314553990611
0 1.0033010563380282 0.6320422535211268 0.0761443661971831 0.2312206572769953
