0 0.4476232394366197 0.9724178403755869 0.5323734052643325 0.999
0 0.7037852112676056 0.5293427230046949 0.7893029114387027 0.7684686955850911
0 0.7891725352112676 0.522887323943662 0.8768533571587979 0.818355113072803
0 0.3415492957746479 0.9847417840375586 0.4281067124578457 0.999
0 0.9951584507042254 0.590962441314554 0.999 0.7267658671119046
0 0.6452464788732394 0.9911971830985915 0.7149448739089466 0.999
0 0.6201584507042254 0.10035211267605634 0.7189171837805 0.36261716425312435
0 0.3904049295774648 0.07570422535211267 0.48090211050634796 0.3638053378959201
0 0.375 0.5639671361502347 0.440856073943662 0.8247864042628226
0 0.5717429577464789 0.5487089201877934 0.6454349722897242 0.8535512271595141
0 0.508362676056338 0.08157276995305164 0.6054100516390597 0.3649756028345346
0 0.055897887323943664 0.5481220657276995 0.13421835480311445 0.8447487546562631
0 0.7900528169014085 0.13204225352112675 0.8588071950629835 0.3643591301329101
0 0.46434859154929575 0.5299295774647887 0.5521723817818885 0.806613891093037
0 0.24955985915492956 0.5381455399061033 0.3555239613295973 0.8283226845423086
0 0.06514084507042253 0.08626760563380281 0.14125654012100775 0.3749493734708722
0 0.14084507042253522 0.5275821596244131 0.22705068438801826 0.8412396818312063
0 0.9485035211267606 0.5944835680751174 0.9943008347178138 0.8077497162159184
0 0.22931338028169015 0.12089201877934272 0.2736666754488197 0.37845018074015296
0 0.144806338028169 0.10446009389671361 0.2103235887596707 0.3749386971279949
0 0.7152288732394366 0.15023474178403756 0.7708119591226938 0.3854752143534131
0 0.999 0.10152582159624413 0.999 0.40604370550375807
0 0.9022887323943662 0.1449530516431925 0.9643915982691925 0.38019662379598407
0 0.894806338028169 0.5710093896713615 0.9410674267878397 0.8189137268839957
0 0.999 0.6038732394366197 0.999 0.7895517175824903
0 0.24471830985915494 0.9876760563380281 0.32603665567347745 0.999
0 0.9308978873239436 0.9982394366197183 0.998709992127058 0.999
0 0.05193661971830986 0.999 0.11617432367089862 0.999
0 0.12235915492957747 0.9935446009389671 0.2173757222029359 0.999
0 0.5448943661971831 0.9929577464788732 0.6058341133951597 0.999
0 0.999 0.9577464788732394 0.999 0.999
0 0.999 0.7353286384976526 0.999 0.839944055963323
0 0.999 0.960093896713615 0.999 0.999
0 0.0017605633802816902 0.5322769953051644 0.05369640820273755 0.8582557059886706
