0 0.2860915492957746 0.920774647887324 0.061619718309859156 0.13028169014084506
0 0.35981514084507044 0.9245892018779343 0.05941901408450704 0.13438967136150234
0 0.8776408450704225 0.676056338028169 0.0818661971830986 0.18192488262910797
0 0.954225352112676 0.6754694835680751 0.07130281690140845 0.18309859154929578
0 0.7933538732394366 0.6754694835680751 0.0664612676056338 0.18661971830985916
0 0.19080105633802816 0.9398474178403756 0.0743838028169014 0.16960093896713616
0 0.7922535211267606 0.9369131455399061 0.06602112676056338 0.13673708920187794
0 0.738556338028169 0.3855633802816901 0.06954225352112677 0.23826291079812206
0 0.3023767605633803 0.37411971830985913 0.12940140845070422 0.22241784037558684
0 0.4766725352112676 0.3846830985915493 0.11971830985915492 0.21889671361502347
0 0.16109154929577466 0.37529342723004694 0.13204225352112675 0.2623239436619718
0 0.8263644366197183 0.38204225352112675 0.07966549295774648 0.24178403755868544
0 0.6456866197183099 0.37940140845070425 0.08362676056338028 0.24706572769953053
0 0.453125 0.6792840375586855 0.10431338028169014 0.19190140845070422
0 0.6795774647887324 0.6904342723004695 0.1153169014084507 0.1977699530516432
0 0.5620598591549296 0.6830985915492958 0.09419014084507042 0.20892018779342722
0 1.0046214788732395 0.36795774647887325 0.09991197183098592 0.16901408450704225
0 0.668794014084507 0.06426056338028169 0.06029929577464789 0.125
0 0.3378080985915493 0.6813380281690141 0.10783450704225352 0.20187793427230047
0 0.21346830985915494 0.6813380281690141 0.1153169014084507 0.1983568075117371
0 0.5695422535211268 0.06279342723004695 0.08714788732394366 0.12089201877934272
0 0.6144366197183099 0.9266431924882629 0.07042253521126761 0.11854460093896714
0 0.29797535211267606 0.0721830985915493 0.03961267605633803 0.1431924882629108
0 0.4652288732394366 0.06543427230046948 0.08274647887323944 0.12265258215962441
0 0.3670774647887324 0.07658450704225352 0.0721830985915493 0.14847417840375587
0 1.0378521126760563 0.6745892018779343 0.06690140845070422 0.19190140845070422
0 0.7515404929577465 0.06866197183098592 0.07526408450704225 0.13615023474178403
0 0.9121919014084507 0.38380281690140844 0.06205985915492958 0.22065727699530516
0 0.4509242957746479 0.9172535211267606 0.047975352112676055 0.10915492957746478
0 1.0440140845070423 0.9427816901408451 0.09066901408450705 0.15199530516431925
0 0.1657130281690141 0.07658450704225352 0.055897887323943664 0.1414319248826291
0 0.9132922535211268 0.07570422535211267 0.09595070422535211 0.1467136150234742
0 1.071963028169014 0.08685446009389672 0.09198943661971831 0.17253521126760563
0 0.8265845070422535 0.07482394366197183 0.07746478873239436 0.1414319248826291
0 0.5261883802816901 0.9325117370892019 0.07790492957746478 0.13145539906103287
0 0.6969630281690141 0.9333920187793427 0.06998239436619719 0.13673708920187794
0 0.9526848591549296 0.9454225352112676 0.07878521126760564 0.1607981220657277
