0 0.9634683098591549 0.9756455399061033 0.1892605633802817 0.34917840375586856
0 0.3061179577464789 0.6296948356807511 0.061179577464788734 0.1784037558685446
0 0.3983274647887324 0.6273474178403756 0.05897887323943662 0.1772300469483568
0 0.29159330985915494 0.29225352112676056 0.0761443661971831 0.17136150234741784
0 0.20026408450704225 0.29107981220657275 0.08274647887323944 0.18896713615023475
0 0.3824823943661972 0.29313380281690143 0.06073943661971831 0.16490610328638497
0 0.21808978873239437 0.6320422535211268 0.0761443661971831 0.1619718309859155
0 0.4665492957746479 0.3039906103286385 0.07482394366197183 0.18192488262910797
0 0.4786531690140845 0.6396713615023474 0.06998239436619719 0.17488262910798122
0 0.7779489436619719 0.4562793427230047 0.1694542253521127 0.4724178403755869
0 0.6388644366197183 0.3474178403755869 0.09022887323943662 0.3931924882629108
0 0.11157570422535211 0.26731220657276994 0.07790492957746478 0.18368544600938966
0 0.9788732394366197 0.4386737089201878 0.16109154929577466 0.4876760563380282
0 0.23481514084507044 0.9595070422535211 0.0840669014084507 0.18779342723004694
0 0.31778169014084506 0.9509976525821596 0.06954225352112677 0.18016431924882628
0 0.40757042253521125 0.9501173708920188 0.06690140845070422 0.18896713615023475
0 0.1443661971830986 0.9615610328638498 0.06514084507042253 0.1942488262910798
0 0.8001760563380281 0.9574530516431925 0.08538732394366197 0.34330985915492956
0 0.48393485915492956 0.9392605633802817 0.06382042253521127 0.16960093896713616
