0 0.8681778169014085 0.7256455399061033 0.16153169014084506 0.3538732394366197
0 0.6756161971830986 0.73268779342723 0.17781690140845072 0.3198356807511737
0 0.3296654929577465 0.3438967136150235 0.07482394366197183 0.18309859154929578
0 0.4159330985915493 0.346537558685446 0.07394366197183098 0.18016431924882628
0 0.3435299295774648 0.08685446009389672 0.07526408450704225 0.1643192488262911
0 0.503080985915493 0.34507042253521125 0.06778169014084508 0.18427230046948356
0 0.2425176056338028 0.3585680751173709 0.0625 0.16901408450704225
0 0.3805017605633803 0.6499413145539906 0.07526408450704225 0.1977699530516432
0 0.15779049295774647 0.34976525821596244 0.08142605633802817 0.1467136150234742
0 0.4273767605633803 0.0903755868544601 0.07306338028169014 0.17136150234741784
0 0.25132042253521125 0.08450704225352113 0.07922535211267606 0.16314553990610328
0 0.8428697183098591 0.24031690140845072 0.1073943661971831 0.4242957746478873
0 0.29225352112676056 0.6578638497652582 0.06954225352112677 0.19483568075117372
0 0.19586267605633803 0.6619718309859155 0.07394366197183098 0.1643192488262911
0 0.5176056338028169 0.08538732394366197 0.0801056338028169 0.15786384976525822
0 0.46742957746478875 0.6455399061032864 0.05369718309859155 0.1807511737089202
0 0.36201584507042256 0.8641431924882629 0.06029929577464789 0.10504694835680752
0 0.49317781690140844 0.8606220657276995 0.047975352112676055 0.12147887323943662
0 0.15669014084507044 0.08832159624413145 0.07482394366197183 0.1613849765258216
0 0.09639084507042253 0.7494131455399061 0.05545774647887324 0.1607981220657277
0 0.2909330985915493 0.8617957746478874 0.05897887323943662 0.10152582159624413
0 1.0079225352112675 0.2708333333333333 0.21830985915492956 0.4782863849765258
0 1.0189260563380282 0.7109741784037559 0.0994718309859155 0.29518779342723006
0 0.2962147887323944 0.9738849765258216 0.05897887323943662 0.10387323943661972
0 0.1481073943661972 0.9703638497652582 0.05413732394366197 0.12617370892018778
0 0.22777288732394366 0.9694835680751174 0.06205985915492958 0.09272300469483569
0 0.3571742957746479 0.9677230046948356 0.053257042253521125 0.09976525821596244
0 0.43067781690140844 0.9586267605633803 0.04709507042253521 0.09565727699530517
0 0.4359595070422535 0.8547535211267606 0.04621478873239437 0.11208920187793427
0 0.4907570422535211 0.954225352112676 0.05193661971830986 0.09976525821596244
