0 0.7169894366197183 0.40199530516431925 0.8135048461986709 0.6007030543983778
0 0.9559859154929577 0.20715962441314553 0.999 0.3866155166523397
0 0.999 0.43133802816901406 0.999 0.613009778152483
0 0.9529049295774648 0.4072769953051643 0.999 0.5678361050497035
0 0.8133802816901409 0.18896713615023475 0.9234976319182702 0.3836919206947475
0 0.5774647887323944 0.7018779342723005 0.6793232989486213 0.9373815270338778
0 0.45686619718309857 0.6954225352112676 0.5482144074836343 0.9238876628314487
0 0.07658450704225352 0.36326291079812206 0.17382192583316802 0.5966178034561044
0 0.7161091549295775 0.7095070422535211 0.8121848111113866 0.9373770498578324
0 0.4581866197183099 0.3955399061032864 0.5728617136356873 0.597185716017545
0 0.335387323943662 0.3890845070422535 0.4404333682553065 0.606579175758778
0 0.5950704225352113 0.4154929577464789 0.7004423105534616 0.6077373867618859
0 0.09507042253521127 0.7065727699530516 0.19141942322951794 0.9174257202054267
0 0.46919014084507044 0.16666666666666666 0.5741772930718112 0.379010172143975
0 0.198943661971831 0.40023474178403756 0.3084511691628645 0.5960092519120985
0 0.3657570422535211 0.1643192488262911 0.45318408580886727 0.34966882673190947
0 0.2055457746478873 0.15786384976525822 0.30756798161327115 0.33969608929004386
0 0.5928697183098591 0.1795774647887324 0.7092460960746876 0.36374437942207233
0 0.999 0.22007042253521128 0.999 0.41008211829663427
0 0.8243838028169014 0.7183098591549296 0.94153856346707 0.9356113205051908
0 0.8296654929577465 0.4125586854460094 0.9270115908921841 0.5924808927902312
0 0.7002640845070423 0.9049295774647887 0.7919453063008332 0.999
0 0.22711267605633803 0.9254694835680751 0.33968877082920057 0.999
0 0.10035211267605634 0.9360328638497653 0.19845935206308274 0.999
0 0.5818661971830986 0.9436619718309859 0.6802016433991273 0.999
0 0.4555457746478873 0.9078638497652582 0.5587783689372149 0.999
0 0.36047535211267606 0.8145539906103286 0.4545068330316406 0.9719398157332099
0 0.9172535211267606 0.9894366197183099 0.999 0.999
0 0.0022007042253521128 0.9366197183098591 0.08714691870412616 0.999
0 0.999 0.9019953051643192 0.999 0.999
0 0.007042253521126761 0.721830985915493 0.0796623933743305 0.9303275639754017
0 0.0017605633802816902 0.13673708920187794 0.04357316876611783 0.3402953420838017
