0 0.15316901408450703 0.755868544600939 0.06338028169014084 0.14084507042253522
0 0.9922975352112676 0.1795774647887324 0.06998239436619719 0.1596244131455399
0 0.2130281690140845 0.7723004694835681 0.04137323943661972 0.12323943661971831
0 0.34264964788732394 0.7541079812206573 0.050616197183098594 0.16666666666666666
0 0.5851672535211268 0.7432511737089202 0.04709507042253521 0.18485915492957747
0 0.4355193661971831 0.7746478873239436 0.03653169014084507 0.1467136150234742
0 0.39172535211267606 0.7699530516431925 0.03873239436619718 0.15610328638497653
0 0.9639084507042254 0.7995892018779343 0.05193661971830986 0.12617370892018778
0 0.09903169014084508 0.7623239436619719 0.04137323943661972 0.1607981220657277
0 0.2599031690140845 0.7717136150234741 0.03829225352112676 0.11150234741784038
0 0.23327464788732394 0.46566901408450706 0.058098591549295774 0.198943661971831
0 0.14502640845070422 0.17576291079812206 0.050616197183098594 0.12265258215962441
0 0.9267165492957746 0.17634976525821597 0.042693661971830985 0.20363849765258216
0 0.16879401408450703 0.4706572769953052 0.06734154929577464 0.17136150234741784
0 0.05787852112676056 0.7593896713615024 0.0409330985915493 0.15610328638497653
0 0.6910211267605634 0.7171361502347418 0.058098591549295774 0.1068075117370892
0 0.3230633802816901 0.09536384976525822 0.1267605633802817 0.09683098591549295
0 0.32130281690140844 0.20862676056338028 0.11971830985915492 0.10856807511737089
0 0.6456866197183099 0.20099765258215962 0.05545774647887324 0.11678403755868545
0 0.49713908450704225 0.5076291079812206 0.053257042253521125 0.12323943661971831
0 0.36377640845070425 0.5246478873239436 0.05149647887323944 0.057511737089201875
0 0.6170774647887324 0.4586267605633803 0.05721830985915493 0.18838028169014084
0 0.8025968309859155 0.7946009389671361 0.04533450704225352 0.176056338028169
0 0.8261443661971831 0.1643192488262911 0.051056338028169015 0.20422535211267606
0 0.8754401408450704 0.17576291079812206 0.037852112676056336 0.21889671361502347
0 0.48525528169014087 0.7813967136150235 0.03917253521126761 0.13204225352112675
0 0.5259683098591549 0.7866784037558685 0.04401408450704225 0.12147887323943662
0 0.8494718309859155 0.7907863849765259 0.0448943661971831 0.16960093896713616
0 0.31954225352112675 1.0202464788732395 0.037852112676056336 0.11561032863849766
0 0.3626760563380282 1.0202464788732395 0.03961267605633803 0.11326291079812206
0 0.6965228873239436 0.8154342723004695 0.055897887323943664 0.08509389671361503
0 0.811399647887324 1.067488262910798 0.05501760563380282 0.11267605633802817
0 0.4507042253521127 1.0073356807511737 0.04225352112676056 0.13438967136150234
0 0.40338908450704225 1.0267018779342723 0.0409330985915493 0.1273474178403756
0 0.6285211267605634 1.0352112676056338 0.043133802816901406 0.15140845070422534
0 0.5787852112676056 1.0132042253521127 0.040492957746478875 0.159037558685446
0 0.2764084507042254 1.0146713615023475 0.03609154929577465 0.11854460093896714
0 0.5356514084507042 0.9985328638497653 0.037852112676056336 0.13791079812206572
0 0.684419014084507 1.046068075117371 0.037852112676056336 0.10387323943661972
0 1.0220070422535212 0.8130868544600939 0.04665492957746479 0.16842723004694835
0 0.907350352112676 0.7981220657276995 0.05413732394366197 0.12910798122065728
0 1.1067341549295775 1.0595657276995305 0.04621478873239437 0.14964788732394366
0 1.0532570422535212 1.0651408450704225 0.04225352112676056 0.1396713615023474
0 0.9335387323943662 1.022300469483568 0.04753521126760563 0.15375586854460094
0 0.7524207746478874 0.784037558685446 0.04181338028169014 0.15492957746478872
0 0.7519806338028169 1.0671948356807512 0.05677816901408451 0.09917840375586855
0 0.8637764084507042 1.0369718309859155 0.04533450704225352 0.13732394366197184
0 0.9865757042253521 1.0434272300469483 0.04973591549295775 0.13028169014084506
0 0.22007042253521128 0.1335093896713615 0.06073943661971831 0.08626760563380281
0 0.2130281690140845 0.2136150234741784 0.05985915492957746 0.0539906103286385
0 0.42275528169014087 0.15140845070422534 0.05677816901408451 0.20187793427230047
0 0.4933978873239437 0.07394366197183098 0.06602112676056338 0.07746478873239436
0 0.4984595070422535 0.14730046948356806 0.07350352112676056 0.04812206572769953
0 0.492737676056338 0.21889671361502347 0.06470070422535211 0.06690140845070422
0 0.5735035211267606 0.22065727699530516 0.05545774647887324 0.09154929577464789
0 0.7422975352112676 0.16696009389671362 0.11399647887323944 0.19190140845070422
0 1.0796654929577465 0.23092723004694835 0.07658450704225352 0.1954225352112676
0 1.0413732394366197 0.5252347417840375 0.04665492957746479 0.24178403755868544
0 0.938600352112676 0.4697769953051643 0.12015845070422536 0.20715962441314553
0 0.8296654929577465 0.516725352112676 0.06338028169014084 0.13438967136150234
0 0.7669454225352113 0.46742957746478875 0.07526408450704225 0.04988262910798122
0 0.7616637323943662 0.5372652582159625 0.06734154929577464 0.06866197183098592
0 0.6822183098591549 0.5319835680751174 0.06073943661971831 0.07922535211267606
0 0.6835387323943662 0.4665492957746479 0.06866197183098592 0.07629107981220658
0 0.6897007042253521 0.38791079812206575 0.058098591549295774 0.07746478873239436
0 0.7561619718309859 0.38028169014084506 0.06602112676056338 0.062206572769953054
0 0.43485915492957744 0.49413145539906106 0.07394366197183098 0.13497652582159625
0 0.37213908450704225 0.44923708920187794 0.05413732394366197 0.06514084507042253
0 0.32680457746478875 0.3767605633802817 0.05677816901408451 0.06572769953051644
0 0.3043573943661972 0.4950117370892019 0.050616197183098594 0.12617370892018778
0 0.10475352112676056 0.4709507042253521 0.06338028169014084 0.1602112676056338
0 1.0900088028169015 0.818368544600939 0.06382042253521127 0.20715962441314553
0 0.07174295774647887 1.0275821596244132 0.0880281690140845 0.1068075117370892
