0 0.11201584507042253 0.14553990610328638 0.1738556338028169 0.11737089201877934
0 0.0917693661971831 0.2705399061032864 0.17737676056338028 0.13262910798122066
0 0.07768485915492958 0.4096244131455399 0.14920774647887325 0.13497652582159625
0 0.27838908450704225 0.2749413145539906 0.19058098591549297 0.13438967136150234
0 0.45444542253521125 0.1352699530516432 0.21346830985915494 0.14847417840375587
0 0.261443661971831 0.41901408450704225 0.2112676056338028 0.1467136150234742
0 0.47909330985915494 0.43045774647887325 0.20818661971830985 0.15199530516431925
0 0.4808538732394366 0.28374413145539906 0.1993838028169014 0.13791079812206572
0 0.6822183098591549 0.15580985915492956 0.1954225352112676 0.13086854460093897
0 0.6888204225352113 0.29313380281690143 0.20862676056338028 0.13673708920187794
0 0.6881602112676056 0.4336854460093897 0.20466549295774647 0.142018779342723
0 0.6866197183098591 0.04284037558685446 0.1813380281690141 0.07394366197183098
0 0.8802816901408451 0.1637323943661972 0.18485915492957747 0.1431924882629108
0 0.8965669014084507 0.306924882629108 0.18661971830985916 0.1431924882629108
0 0.8853433098591549 0.4439553990610329 0.18265845070422534 0.13791079812206572
0 1.058318661971831 0.18163145539906103 0.16065140845070422 0.1414319248826291
0 1.0680017605633803 0.3189553990610329 0.1386443661971831 0.12617370892018778
0 1.0616197183098592 0.4527582159624413 0.15140845070422534 0.13438967136150234
0 0.07306338028169014 0.6026995305164319 0.13732394366197184 0.11737089201877934
0 0.07130281690140845 0.7426643192488263 0.14172535211267606 0.1449530516431925
0 0.06712147887323944 0.8773474178403756 0.13336267605633803 0.10328638497652583
0 0.23107394366197184 0.7235915492957746 0.17077464788732394 0.12441314553990611
0 0.22381161971830985 0.8609154929577465 0.16153169014084506 0.12206572769953052
0 0.40008802816901406 0.7235915492957746 0.1698943661971831 0.12089201877934272
0 0.39920774647887325 0.880868544600939 0.17341549295774647 0.176056338028169
0 0.5721830985915493 0.8661971830985915 0.17253521126760563 0.13615023474178403
0 0.5481954225352113 0.7174295774647887 0.11663732394366197 0.11208920187793427
0 0.7106073943661971 0.7608568075117371 0.1800176056338028 0.15316901408450703
0 0.7495598591549296 0.8911384976525821 0.1698943661971831 0.10035211267605634
0 0.9209947183098591 0.6408450704225352 0.18617957746478872 0.13145539906103287
0 0.9399207746478874 0.7860915492957746 0.18529929577464788 0.1449530516431925
0 0.9372799295774648 0.9237089201877934 0.1800176056338028 0.12089201877934272
0 1.0829665492957747 0.659037558685446 0.11399647887323944 0.1467136150234742
0 1.0924295774647887 0.795774647887324 0.09683098591549295 0.13028169014084506
0 1.0873679577464788 0.9210680751173709 0.10695422535211267 0.11561032863849766
0 0.47007042253521125 0.035211267605633804 0.19190140845070422 0.06572769953051644
0 0.6615316901408451 1.0871478873239437 0.17077464788732394 0.09800469483568075
0 0.3102992957746479 1.1050469483568075 0.15933098591549297 0.06924882629107981
