0 0.7064260563380281 0.6261737089201878 0.12940140845070422 0.11854460093896714
0 0.7436179577464789 0.8902582159624414 0.06205985915492958 0.1772300469483568
0 0.9029489436619719 0.9474765258215962 0.05149647887323944 0.0886150234741784
0 0.8362676056338029 0.8456572769953051 0.056338028169014086 0.0903755868544601
0 0.9546654929577465 0.8852699530516432 0.03873239436619718 0.1813380281690141
0 0.6210387323943662 0.8518192488262911 0.06954225352112677 0.07570422535211267
0 0.8340669014084507 0.9298708920187794 0.05457746478873239 0.06044600938967136
0 0.48745598591549294 0.8908450704225352 0.07526408450704225 0.2007042253521127
0 0.7420774647887324 0.28433098591549294 0.07042253521126761 0.18838028169014084
0 0.5629401408450704 0.9325117370892019 0.06073943661971831 0.0892018779342723
0 0.2827904929577465 0.2494131455399061 0.05677816901408451 0.20305164319248825
0 0.22337147887323944 0.25322769953051644 0.05149647887323944 0.18838028169014084
0 0.4570862676056338 0.5663145539906104 0.055897887323943664 0.22183098591549297
0 0.40360915492957744 0.5580985915492958 0.0448943661971831 0.2312206572769953
0 0.6703345070422535 0.272887323943662 0.05193661971830986 0.18427230046948356
0 0.5699823943661971 0.6106220657276995 0.12764084507042253 0.14964788732394366
0 0.6175176056338029 0.27992957746478875 0.0448943661971831 0.17253521126760563
0 0.1036531690140845 0.5604460093896714 0.053257042253521125 0.20539906103286384
0 0.43705985915492956 0.26291079812206575 0.0625 0.19014084507042253
0 0.5013204225352113 0.25440140845070425 0.06426056338028169 0.2142018779342723
0 0.3626760563380282 0.25704225352112675 0.058098591549295774 0.1983568075117371
0 0.5618397887323944 0.28550469483568075 0.050616197183098594 0.16842723004694835
0 0.16109154929577466 0.5742370892018779 0.04137323943661972 0.19190140845070422
0 0.17253521126760563 0.24354460093896713 0.04841549295774648 0.1795774647887324
0 1.0880281690140845 0.5900821596244131 0.04137323943661972 0.18016431924882628
0 0.8620158450704225 0.5695422535211268 0.047975352112676055 0.10974178403755869
0 1.0079225352112675 0.6176643192488263 0.09419014084507042 0.1402582159624413
0 0.9595070422535211 0.29988262910798125 0.06778169014084508 0.1983568075117371
0 1.0754841549295775 0.30134976525821594 0.061179577464788734 0.18485915492957747
0 0.9150528169014085 0.579225352112676 0.043133802816901406 0.13497652582159625
0 1.0191461267605635 0.3019366197183099 0.05677816901408451 0.18016431924882628
0 0.7988556338028169 0.545481220657277 0.03433098591549296 0.09330985915492958
0 0.22843309859154928 0.8550469483568075 0.05721830985915493 0.23826291079812206
0 0.16153169014084506 0.8603286384976526 0.05017605633802817 0.20422535211267606
0 0.29555457746478875 0.8879107981220657 0.04445422535211268 0.176056338028169
0 0.6201584507042254 0.926349765258216 0.04929577464788732 0.07453051643192488
0 0.12235915492957747 0.8656103286384976 0.04225352112676056 0.20539906103286384
0 0.43067781690140844 0.8811619718309859 0.03829225352112676 0.20598591549295775
0 0.3642165492957746 0.8955399061032864 0.07790492957746478 0.1772300469483568
0 0.9986795774647887 0.9301643192488263 0.05193661971830986 0.0715962441314554
0 0.8078785211267606 0.289612676056338 0.050616197183098594 0.18838028169014084
0 0.8769806338028169 0.34066901408450706 0.07790492957746478 0.10035211267605634
0 0.3224031690140845 0.6071009389671361 0.09991197183098592 0.11208920187793427
0 0.2266725352112676 0.5692488262910798 0.06073943661971831 0.18779342723004694
0 0.6815580985915493 0.8926056338028169 0.0488556338028169 0.176056338028169
0 1.0459947183098592 0.892018779342723 0.055897887323943664 0.1467136150234742
0 1.0919894366197183 0.897887323943662 0.03609154929577465 0.12793427230046947
