0 0.3857834507042254 0.221537558685446 0.07086267605633803 0.232981220657277
0 0.460387323943662 0.21860328638497653 0.07042253521126761 0.22124413145539906
0 0.5088028169014085 0.5889084507042254 0.08890845070422536 0.12030516431924883
0 0.7929137323943662 0.27318075117370894 0.11399647887323944 0.1449530516431925
0 0.14326584507042253 0.2590962441314554 0.1324823943661972 0.15199530516431925
0 0.31205985915492956 0.2268192488262911 0.04841549295774648 0.2306338028169014
0 0.617737676056338 0.591255868544601 0.12015845070422536 0.1437793427230047
0 0.9784330985915493 0.3104460093896714 0.06954225352112677 0.11854460093896714
0 0.4159330985915493 0.48620892018779344 0.08890845070422536 0.10856807511737089
0 0.207306338028169 0.7893192488262911 0.07570422535211267 0.15140845070422534
0 0.25264084507042256 0.23650234741784038 0.03961267605633803 0.18192488262910797
0 0.5847271126760564 0.2992957746478873 0.167693661971831 0.10328638497652583
0 0.12720070422535212 0.5630868544600939 0.056338028169014086 0.15199530516431925
0 0.18287852112676056 0.545481220657277 0.04005281690140845 0.15551643192488263
0 0.28829225352112675 0.5780516431924883 0.13908450704225353 0.1431924882629108
0 0.7004841549295775 0.2596830985915493 0.05501760563380282 0.20011737089201878
0 0.17121478873239437 0.1164906103286385 0.1382042253521127 0.11678403755868545
0 0.5475352112676056 0.7485328638497653 0.06866197183098592 0.04401408450704225
0 0.9082306338028169 0.8201291079812206 0.05765845070422535 0.15669014084507044
0 0.6892605633802817 0.8444835680751174 0.06954225352112677 0.19953051643192488
0 0.6139964788732394 0.8315727699530516 0.05369718309859155 0.19953051643192488
0 0.8342869718309859 0.8620892018779343 0.07174295774647887 0.1795774647887324
0 0.35057218309859156 0.8526995305164319 0.07702464788732394 0.2007042253521127
0 0.48701584507042256 0.8518192488262911 0.047975352112676055 0.2106807511737089
0 0.08868838028169014 0.8318661971830986 0.09815140845070422 0.24237089201877934
0 0.2779489436619718 0.880868544600939 0.05765845070422535 0.13380281690140844
0 0.7603433098591549 0.8427230046948356 0.06294014084507042 0.17253521126760563
0 0.988556338028169 0.8515258215962441 0.06778169014084508 0.20657276995305165
0 1.053036971830986 0.8477112676056338 0.04973591549295775 0.20246478873239437
0 0.03873239436619718 0.22740610328638497 0.06866197183098592 0.22593896713615025
0 0.8873239436619719 0.2438380281690141 0.04929577464788732 0.20715962441314553
0 1.068661971830986 0.545774647887324 0.10387323943661972 0.1795774647887324
0 0.41747359154929575 0.590669014084507 0.09815140845070422 0.10035211267605634
0 0.5528169014084507 0.8036971830985915 0.06602112676056338 0.056924882629107984
0 0.5444542253521126 0.8703051643192489 0.05193661971830986 0.05868544600938967
0 0.5495158450704225 0.9333920187793427 0.07526408450704225 0.04284037558685446
