0 0.8058978873239436 0.43309859154929575 0.999 0.5419993552866494
0 0.4317781690140845 0.32922535211267606 0.5359015060875818 0.5144781541360841
0 0.991637323943662 0.7969483568075117 0.999 0.999
0 0.5365316901408451 0.6936619718309859 0.6516124420377901 0.999
0 0.4084507042253521 0.6619718309859155 0.5249082523308868 0.999
0 0.5418133802816901 0.323943661971831 0.6419270187586789 0.5115469814190307
0 0.647887323943662 0.27230046948356806 0.7875669510017853 0.5303566311798805
0 0.3032570422535211 0.75 0.40611652418914895 0.999
0 0.33274647887323944 0.31514084507042256 0.43427255876810156 0.5197681098327052
0 0.2733274647887324 0.3221830985915493 0.32646420446092045 0.49452923527077963
0 0.8036971830985915 0.31396713615023475 0.9943645699018053 0.4229378127135268
0 0.8318661971830986 0.198943661971831 0.9956725941033525 0.3232400565364015
0 0.999 0.340962441314554 0.999 0.4405276042011065
0 0.07922535211267606 0.70481220657277 0.17690174940487996 0.999
0 0.667693661971831 0.7681924882629108 0.7567483742684984 0.999
0 0.7623239436619719 0.7288732394366197 0.8737841884050783 0.999
0 0.19630281690140844 0.6983568075117371 0.2921671202390399 0.999
0 0.017605633802816902 0.7165492957746479 0.07701689892878397 0.999
0 0.8855633802816901 0.732981220657277 0.9710010724558619 0.999
0 0.12455985915492958 0.24061032863849766 0.22837827470987898 0.4558447122484516
0 0.999 0.43896713615023475 0.999 0.5543198549670479
