0 0.6850792253521126 0.5903755868544601 0.08758802816901408 0.1936619718309859
0 0.535431338028169 0.2438380281690141 0.05677816901408451 0.2282863849765258
0 0.4647887323943662 0.30076291079812206 0.07658450704225352 0.11091549295774648
0 0.26870598591549294 0.255575117370892 0.0664612676056338 0.2142018779342723
0 0.3595950704225352 0.24266431924882628 0.0977112676056338 0.23767605633802816
0 0.7651848591549296 0.27318075117370894 0.06910211267605634 0.15316901408450703
0 0.9016285211267606 0.6159037558685446 0.06734154929577464 0.14612676056338028
0 0.6932218309859155 0.2238849765258216 0.05985915492957746 0.09213615023474178
0 0.9379401408450704 0.9275234741784038 0.0625 0.1789906103286385
0 0.7832306338028169 0.9160798122065728 0.0761443661971831 0.17488262910798122
0 1.052156690140845 0.5674882629107981 0.07174295774647887 0.09507042253521127
0 0.32350352112676056 0.9043427230046949 0.07130281690140845 0.20187793427230047
0 0.21368838028169015 0.27230046948356806 0.042693661971830985 0.1983568075117371
0 0.9436619718309859 0.25440140845070425 0.06073943661971831 0.2306338028169014
0 0.152068661971831 0.26672535211267606 0.06998239436619719 0.20598591549295775
0 0.08274647887323944 0.24501173708920188 0.05545774647887324 0.19307511737089203
0 0.8294454225352113 0.619131455399061 0.05237676056338028 0.13028169014084506
0 0.758362676056338 0.6226525821596244 0.05721830985915493 0.11971830985915492
0 0.3701584507042254 0.6015258215962441 0.04753521126760563 0.18544600938967137
0 0.5902288732394366 0.5921361502347418 0.06778169014084508 0.15610328638497653
0 0.4441021126760563 0.596244131455399 0.0528169014084507 0.06455399061032864
0 0.9779929577464789 0.6255868544600939 0.04665492957746479 0.11150234741784038
0 0.5961707746478874 0.2849178403755869 0.05149647887323944 0.18368544600938966
0 0.2524207746478873 0.6302816901408451 0.061179577464788734 0.12089201877934272
0 0.3191021126760563 0.613556338028169 0.03609154929577465 0.15434272300469484
0 1.0118838028169015 0.26848591549295775 0.05897887323943662 0.20950704225352113
0 1.078125 0.2620305164319249 0.04621478873239437 0.1766431924882629
0 0.8584947183098591 0.27230046948356806 0.050616197183098594 0.14084507042253522
0 0.5748239436619719 0.909037558685446 0.04841549295774648 0.16549295774647887
0 0.6421654929577465 0.8993544600938967 0.04401408450704225 0.16842723004694835
0 0.23987676056338028 1.0824530516431925 0.04665492957746479 0.07805164319248827
0 0.14656690140845072 0.9304577464788732 0.0448943661971831 0.13908450704225353
0 0.10277288732394366 1.078931924882629 0.053257042253521125 0.0897887323943662
0 0.38776408450704225 0.89231220657277 0.04929577464788732 0.20129107981220656
0 0.8560739436619719 0.9102112676056338 0.05985915492957746 0.176056338028169
0 0.4482834507042254 0.9797535211267606 0.03829225352112676 0.06631455399061033
0 0.22139084507042253 0.8301056338028169 0.04401408450704225 0.08274647887323944
0 1.0107834507042253 0.9272300469483568 0.06029929577464789 0.1795774647887324
0 0.03169014084507042 0.2975352112676056 0.05193661971830986 0.11384976525821597
0 0.6881602112676056 0.3113262910798122 0.06205985915492958 0.08626760563380281
0 0.09793133802816902 0.6062206572769953 0.06205985915492958 0.13497652582159625
0 0.167693661971831 0.6106220657276995 0.07482394366197183 0.1637323943661972
0 0.4368397887323944 0.6631455399061033 0.05941901408450704 0.062206572769953054
0 0.5094630281690141 0.5950704225352113 0.05413732394366197 0.0539906103286385
0 0.5107834507042254 0.6666666666666666 0.05941901408450704 0.05868544600938967
0 1.0536971830985915 0.6555164319248826 0.07130281690140845 0.0539906103286385
0 1.0730633802816902 0.9222417840375586 0.06073943661971831 0.20715962441314553
0 0.5132042253521126 0.9539319248826291 0.04401408450704225 0.10856807511737089
0 0.4564260563380282 0.903169014084507 0.04401408450704225 0.05868544600938967
0 0.1969630281690141 0.948943661971831 0.047975352112676055 0.09859154929577464
0 0.0900088028169014 0.9281103286384976 0.05677816901408451 0.12265258215962441
0 0.02574823943661972 0.886150234741784 0.050616197183098594 0.18544600938967137
0 0.03631161971830986 0.5889084507042254 0.061179577464788734 0.15199530516431925
