0 0.4944982394366197 0.6387910798122066 0.09198943661971831 0.24237089201877934
0 0.8954665492957746 0.2282863849765258 0.07526408450704225 0.27230046948356806
0 0.7607834507042254 0.9955985915492958 0.08318661971830986 0.20129107981220656
0 0.234375 0.24677230046948356 0.07350352112676056 0.24237089201877934
0 1.0277288732394365 0.2602699530516432 0.09154929577464789 0.232981220657277
0 0.45268485915492956 0.20892018779342722 0.08758802816901408 0.2875586854460094
0 0.703125 0.23092723004694835 0.08934859154929578 0.24706572769953053
0 0.6060739436619719 0.20422535211267606 0.07922535211267606 0.3274647887323944
0 0.8505721830985915 0.6405516431924883 0.09991197183098592 0.22241784037558684
0 0.7255721830985915 0.6346830985915493 0.09815140845070422 0.2717136150234742
0 0.025308098591549297 0.6807511737089202 0.04973591549295775 0.1572769953051643
0 0.39590669014084506 0.6467136150234741 0.10695422535211267 0.2511737089201878
0 0.5288292253521126 0.21185446009389672 0.0488556338028169 0.2887323943661972
0 0.13358274647887325 0.22975352112676056 0.11047535211267606 0.24237089201877934
0 0.09881161971830986 0.6505281690140845 0.08846830985915492 0.2634976525821596
0 0.289612676056338 0.6716549295774648 0.10123239436619719 0.2106807511737089
0 0.19432218309859156 0.6467136150234741 0.08670774647887323 0.24061032863849766
0 0.03697183098591549 0.2420774647887324 0.061619718309859156 0.2282863849765258
0 1.0517165492957747 0.6549295774647887 0.09815140845070422 0.20657276995305165
0 0.4579665492957746 1.005575117370892 0.08142605633802817 0.20715962441314553
0 0.6588908450704225 1.0070422535211268 0.09419014084507042 0.22769953051643194
0 0.245818661971831 1.0604460093896713 0.09198943661971831 0.09154929577464789
0 0.13754401408450703 0.9375 0.09639084507042253 0.11091549295774648
0 0.8655369718309859 0.9958920187793427 0.08054577464788733 0.20892018779342722
0 0.2475792253521127 0.9504107981220657 0.12015845070422536 0.10622065727699531
0 0.9544454225352113 0.9955985915492958 0.08230633802816902 0.22946009389671362
0 1.060519366197183 0.988556338028169 0.08758802816901408 0.22593896713615025
0 0.37411971830985913 0.19982394366197184 0.04753521126760563 0.30927230046948356
0 0.30875880281690143 0.20422535211267606 0.05677816901408451 0.27582159624413144
0 0.5528169014084507 0.9445422535211268 0.08450704225352113 0.14847417840375587
0 0.3710387323943662 0.9583333333333334 0.0801056338028169 0.17253521126760563
0 0.04203345070422535 0.9867957746478874 0.07790492957746478 0.24002347417840375
