0 0.2632042253521127 0.13732394366197184 0.3797257023656021 0.36611659392977586
0 0.7966549295774648 0.5862676056338029 0.9138218948373339 0.7578719086821398
0 0.8763204225352113 0.8438967136150235 0.9450368307999405 0.999
0 0.999 0.5434272300469484 0.999 0.7273806178227424
0 0.917693661971831 0.534037558685446 0.9696665080713152 0.7473391798364523
0 0.5074823943661971 0.505868544600939 0.5701991714813529 0.7268158048447179
0 0.037411971830985914 0.48884976525821594 0.10341663205465186 0.7544079520156936
0 0.12191901408450705 0.4847417840375587 0.2248583102930966 0.7262413487182878
0 0.4410211267605634 0.4782863849765258 0.5015664519688554 0.7197897380369855
0 0.8829225352112676 0.09213615023474178 0.9467944883207696 0.4042886524939937
0 0.3890845070422535 0.0886150234741784 0.4430505790021821 0.3679057423571161
0 0.5765845070422535 0.5199530516431925 0.6595173483683793 0.7438263186316648
0 0.4511443661971831 0.06924882629107981 0.5143260808247371 0.3784804877779982
0 0.6632922535211268 0.4964788732394366 0.7215390439024995 0.7579246016002116
0 0.5805457746478874 0.0886150234741784 0.6449909569653839 0.3837508127796513
0 0.37544014084507044 0.49471830985915494 0.42765165486758583 0.7121509869073597
0 0.7803697183098591 0.12265258215962441 0.8768572316380678 0.395467926888404
0 0.23943661971830985 0.4812206572769953 0.3722537690934339 0.7062903634640394
0 0.6558098591549296 0.11737089201877934 0.7734789569281888 0.3802128105093786
0 0.5149647887323944 0.09859154929577464 0.5710761598641143 0.3667261786682537
0 0.7257922535211268 0.5598591549295775 0.7857720984799643 0.750845153078093
0 0.9612676056338029 0.10328638497652583 0.999 0.4025215455487227
0 0.9815140845070423 0.5275821596244131 0.999 0.7491035315964645
0 0.4608274647887324 0.8791079812206573 0.5147619597426106 0.999
0 0.5338908450704225 0.8814553990610329 0.5803107874801627 0.999
0 0.30941901408450706 0.8738262910798122 0.3607793050114065 0.999
0 0.7632042253521126 0.857981220657277 0.8332908432106725 0.999
0 0.1522887323943662 0.8673708920187794 0.19887663348046022 0.999
0 0.21522887323943662 0.8926056338028169 0.2609087901086094 0.999
0 0.5915492957746479 0.8961267605633803 0.6397044237254512 0.999
0 0.7134683098591549 0.8562206572769953 0.7549676635960128 0.9942158329476074
0 0.37632042253521125 0.9025821596244131 0.4487780279830391 0.999
0 0.999 0.1596244131455399 0.999 0.4030753377857127
0 0.009242957746478873 0.8585680751173709 0.10739029799394961 0.999
