0 0.10079225352112677 0.2232981220657277 0.19806338028169015 0.07570422535211267
0 0.09330985915492958 0.30252347417840375 0.18485915492957747 0.06866197183098592
0 0.35981514084507044 0.22124413145539906 0.2680457746478873 0.06572769953051644
0 0.3261443661971831 0.3095657276995305 0.2755281690140845 0.08274647887323944
0 0.6368838028169014 0.221537558685446 0.2834507042253521 0.07570422535211267
0 0.6252200704225352 0.306924882629108 0.30941901408450706 0.10915492957746478
0 0.9113116197183099 0.221537558685446 0.26276408450704225 0.07570422535211267
0 0.9352992957746479 0.3163145539906103 0.29225352112676056 0.1068075117370892
0 0.16307218309859156 0.8072183098591549 0.2266725352112676 0.06748826291079812
0 0.160431338028169 0.8893779342723005 0.22931338028169015 0.08274647887323944
0 0.40580985915492956 0.7849178403755869 0.2535211267605634 0.0710093896713615
0 0.40580985915492956 0.8480046948356808 0.261443661971831 0.051643192488262914
0 0.4014084507042254 0.9066901408450704 0.25264084507042256 0.05868544600938967
0 0.6582306338028169 0.7737676056338029 0.2460387323943662 0.06866197183098592
0 0.6602112676056338 0.8418427230046949 0.24735915492957747 0.0710093896713615
0 0.6569102112676056 0.9134389671361502 0.24339788732394366 0.0721830985915493
0 0.8996478873239436 0.7834507042253521 0.22887323943661972 0.08098591549295775
0 0.9036091549295775 0.8679577464788732 0.22887323943661972 0.08098591549295775
0 1.0911091549295775 0.812793427230047 0.0994718309859155 0.08450704225352113
0 1.088468309859155 0.8820422535211268 0.10475352112676056 0.04107981220657277
0 1.0860475352112675 0.9301643192488263 0.10959507042253522 0.04342723004694836
0 0.25682218309859156 0.45011737089201875 0.24075704225352113 0.036384976525821594
0 0.25044014084507044 0.49765258215962443 0.22007042253521128 0.05868544600938967
0 0.4918573943661972 0.5355046948356808 0.2601232394366197 0.0897887323943662
0 0.7689260563380281 0.4865023474178404 0.29401408450704225 0.07746478873239436
0 0.765625 0.5745305164319249 0.2847711267605634 0.0880281690140845
0 1.032350352112676 0.5096830985915493 0.2169894366197183 0.07922535211267606
0 1.0310299295774648 0.5941901408450704 0.20994718309859156 0.07922535211267606
0 0.1274207746478873 1.0560446009389672 0.20202464788732394 0.10152582159624413
0 0.22711267605633803 1.0375586854460095 0.0 0.0
0 0.3444102112676056 1.0974178403755868 0.22139084507042253 0.08450704225352113
0 0.5772447183098591 1.0663145539906103 0.22139084507042253 0.057511737089201875
