0 0.999 0.32805164319248825 0.999 0.5356056034957791
0 0.8851232394366197 0.29518779342723006 0.9375505619544733 0.510977002468646
0 0.579225352112676 0.4096244131455399 0.6546746367288236 0.48274083074345914
0 0.9819542253521126 0.03990610328638498 0.999 0.20068080627741408
0 0.47183098591549294 0.9395539906103286 0.5455669757984527 0.999
0 0.753080985915493 0.2846244131455399 0.8288938904111288 0.36779071337256714
0 0.9881161971830986 0.318075117370892 0.999 0.5303297681236087
0 0.1637323943661972 0.9102112676056338 0.23848427271374728 0.999
0 0.6025528169014085 0.642018779342723 0.7171643693587582 0.7754448246600101
0 0.29973591549295775 0.2992957746478873 0.35726244017804004 0.4640262348740329
0 0.999 0.008802816901408451 0.999 0.2130230030417245
0 0.6536091549295775 0.29870892018779344 0.7343073903367388 0.510974936079702
0 0.4097711267605634 0.5897887323943662 0.45756612186322165 0.7801703117767639
0 0.22975352112676056 0.26173708920187794 0.29699394651358857 0.5027806707222994
0 0.04445422535211268 0.5575117370892019 0.09196987049940487 0.7273723522669664
0 0.09375 0.002347417840375587 0.13904324383802816 0.17664181489563358
0 0.5453345070422535 0.5950704225352113 0.5930698351641539 0.7649089962309066
0 0.10299295774647887 0.5598591549295775 0.1672081897193017 0.7473240263175296
0 0.2680457746478873 0.06396713615023474 0.3238256840780599 0.15019720238488835
0 0.3617957746478873 0.6091549295774648 0.4060907589020036 0.768421857435694
0 0.5444542253521126 0.052230046948356805 0.677577264865602 0.18189423119310544
0 0.06205985915492958 0.2687793427230047 0.10692691027325926 0.4922131576627213
0 0.4581866197183099 0.596244131455399 0.5143229812413211 0.7784059600167514
0 0.17341549295774647 0.2764084507042254 0.2195539544485221 0.4957298072472393
0 0.2539612676056338 0.6543427230046949 0.348919911413906 0.7590056674160771
0 0.14216549295774647 0.0005868544600938967 0.1869972863147193 0.14730012508541074
0 0.44454225352112675 0.3931924882629108 0.520931099360246 0.48509789173224005
0 0.20158450704225353 0.0005868544600938967 0.2543126828754215 0.17136115794926052
0 0.00528169014084507 0.562793427230047 0.03740964714342392 0.7373457785051467
0 0.508362676056338 0.596830985915493 0.5451107558644118 0.7508234559941811
0 0.965669014084507 0.6737089201877934 0.999 0.7900975886618615
0 0.7249119718309859 0.6449530516431925 0.761564739449018 0.7707482669884723
0 0.40536971830985913 0.03990610328638498 0.5376736929056735 0.17309864665300095
0 0.1817781690140845 0.5938967136150235 0.22835309059462405 0.7737125019286296
0 0.7746478873239436 0.6543427230046949 0.8662963697679033 0.7443343059137296
0 0.9445422535211268 0.3057511737089202 0.9907814514729222 0.5373792540060394
0 0.8371478873239436 0.31514084507042256 0.884754776458044 0.5197681098327052
0 0.1153169014084507 0.8509389671361502 0.16368163868776037 0.999
0 0.5466549295774648 0.9154929577464789 0.6229988314570521 0.999
0 0.23283450704225353 0.9049295774647887 0.27850667495288634 0.999
0 0.6399647887323944 0.9301643192488263 0.7202288887373537 0.999
0 0.2878521126760563 0.9002347417840375 0.33041907917575875 0.999
0 0.00044014084507042255 0.8620892018779343 0.05633783444505058 0.9977335157265974
0 0.3529929577464789 0.9225352112676056 0.4571509714094426 0.999
0 0.03433098591549296 0.07629107981220658 0.09505531206605833 0.14725569772311492
0 0.3345070422535211 0.0005868544600938967 0.3862964317595715 0.1508212518459741
0 0.679137323943662 0.007629107981220657 0.7395778444877008 0.18368096883334434
0 0.7513204225352113 0.06631455399061033 0.8055672005182504 0.1971441815997708
0 0.8279049295774648 0.05046948356807512 0.8869595488866296 0.19539291696973704
0 0.897887323943662 0.09859154929577464 0.9454674791707995 0.2176651458044039
0 0.10827464788732394 0.27992957746478875 0.16896642841202145 0.497488304238577
0 0.3617957746478873 0.3908450704225352 0.45362597016960926 0.516202555709846
0 0.44454225352112675 0.28169014084507044 0.5055261697827812 0.3695529987436355
0 0.5264084507042254 0.2887323943661972 0.5701908413509225 0.4816380678436818
0 0.7451584507042254 0.38204225352112675 0.8236156873016267 0.4405034963300932
0 0.738556338028169 0.4460093896713615 0.8262594382315016 0.49915140294033367
0 0.999 0.664906103286385 0.999 0.8071215339769446
0 0.8745598591549296 0.5786384976525821 0.9195094366817099 0.7525946957173401
0 0.061619718309859156 0.8650234741784038 0.11176865329299743 0.9889289768344024
0 0.4665492957746479 0.8615023474178404 0.5310446525986907 0.9478512310167736
0 0.999 0.8532863849765259 0.999 0.999
