0 0.2755281690140845 0.9154929577464789 0.35463224992561 0.999
0 0.16109154929577466 0.3738262910798122 0.2367248716772466 0.5925036230686151
0 0.3600352112676056 0.9196009389671361 0.4650704070372942 0.999
0 0.4097711267605634 0.38791079812206575 0.49233724862378503 0.5924953575128391
0 0.5704225352112676 0.931924882629108 0.6317911872644316 0.999
0 0.18661971830985916 0.6696009389671361 0.2463967342789129 0.858175116819855
0 0.15977112676056338 0.06807511737089202 0.24948953735617932 0.286931880799665
0 0.16505281690140844 0.9266431924882629 0.27897664928833565 0.999
0 0.5026408450704225 0.38791079812206575 0.5662400348393176 0.5960164842734025
0 0.6672535211267606 0.38497652582159625 0.7312203989783773 0.5854548259824991
0 0.9366197183098591 0.6913145539906104 0.974059586391589 0.8681388999096299
0 0.8820422535211268 0.7030516431924883 0.9274286785855982 0.87517426546761
0 0.7191901408450704 0.7095070422535211 0.7646482437760365 0.8646070968061892
0 0.5928697183098591 0.38321596244131456 0.650267222835251 0.5924981126980978
0 0.00044014084507042255 0.36619718309859156 0.05633783444505058 0.5731419030615619
0 0.25088028169014087 0.36795774647887325 0.3282346477633406 0.5925070670501885
0 0.00044014084507042255 0.06514084507042253 0.05105614430420551 0.2816519126496066
0 0.4216549295774648 0.0721830985915493 0.49893413075282683 0.2763660897308735
0 0.5105633802816901 0.07394366197183098 0.5675569703431859 0.28868900019837335
0 0.8076584507042254 0.09624413145539906 0.8816867700481056 0.2974787299698032
0 0.8912852112676056 0.10152582159624413 0.9608753146077167 0.29043337686526044
0 0.5726232394366197 0.07629107981220658 0.6203465566727832 0.27988480570433555
0 0.008362676056338027 0.6561032863849765 0.07305969952638365 0.8352957140338116
0 0.3340669014084507 0.3720657276995305 0.4017015550609998 0.587222966122242
0 0.7733274647887324 0.7012910798122066 0.8196420213623289 0.8681330451409554
0 0.8213028169014085 0.7030516431924883 0.876399074464392 0.8646108851859199
0 0.8886443661971831 0.9442488262910798 0.9520736600500892 0.999
0 0.738556338028169 0.9442488262910798 0.7936890156962904 0.999
0 0.6492077464788732 0.9383802816901409 0.724186088139754 0.999
0 0.9537852112676056 0.9565727699530516 0.999 0.999
0 0.006602112676056338 0.9078638497652582 0.07306047442223765 0.999
0 0.5625 0.6813380281690141 0.6023052376760564 0.8423231584341732
0 0.6078345070422535 0.6801643192488263 0.6551021855162666 0.8440844106107694
0 0.4203345070422535 0.6731220657276995 0.48837133164302715 0.8663890128722255
0 0.8151408450704225 0.9595070422535211 0.873320800684388 0.999
0 0.9806338028169014 0.6960093896713615 0.999 0.8698967081046529
0 0.999 0.6813380281690141 0.999 0.8129804354294783
0 0.25704225352112675 0.07453051643192488 0.3343939074588375 0.2798858388988075
0 0.34903169014084506 0.0710093896713615 0.4148991937983535 0.29749353909056847
0 0.6492077464788732 0.08333333333333333 0.7215452430693315 0.288683489827856
0 0.7306338028169014 0.07629107981220658 0.7936925027276334 0.288687622605744
0 0.9766725352112676 0.09859154929577464 0.999 0.30099847913773725
0 0.06558098591549295 0.3785211267605634 0.12100986752380478 0.5696135439396945
0 0.8006161971830986 0.39906103286384975 0.8882919823075779 0.5960099407084132
0 0.8965669014084507 0.3937793427230047 0.9608729899201548 0.6024684393528621
0 0.9727112676056338 0.39730046948356806 0.999 0.6077480631047631
0 0.2623239436619718 0.6825117370892019 0.320307075729022 0.8564069766801119
0 0.33186619718309857 0.6754694835680751 0.41886801663856377 0.8734298888007229
0 0.5004401408450704 0.6789906103286385 0.5517163555718112 0.8388034092662391
