0 0.9700704225352113 0.5422535211267606 0.09595070422535211 0.24530516431924881
0 0.5814260563380281 0.18896713615023475 0.08098591549295775 0.14788732394366197
0 0.971830985915493 0.9125586854460094 0.09330985915492958 0.2535211267605634
0 0.6786971830985915 0.21009389671361503 0.07746478873239436 0.11619718309859155
0 0.13380281690140844 0.2068661971830986 0.07482394366197183 0.13204225352112675
0 0.48701584507042256 0.19718309859154928 0.0840669014084507 0.15492957746478872
0 0.21985035211267606 0.1965962441314554 0.06910211267605634 0.15610328638497653
0 0.8681778169014085 0.5419600938967136 0.08758802816901408 0.24237089201877934
0 0.3871038732394366 0.5234741784037559 0.09727112676056338 0.2312206572769953
0 0.30809859154929575 0.2051056338028169 0.07130281690140845 0.14964788732394366
0 0.7649647887323944 0.19483568075117372 0.08714788732394366 0.1596244131455399
0 0.8732394366197183 0.20011737089201878 0.09066901408450705 0.1431924882629108
0 0.28807218309859156 0.5190727699530516 0.06998239436619719 0.25410798122065725
0 0.6835387323943662 0.5431338028169014 0.08450704225352113 0.22007042253521128
0 0.40360915492957744 0.2027582159624413 0.07482394366197183 0.13086854460093897
0 0.592649647887324 0.5355046948356808 0.09375 0.2318075117370892
0 0.198943661971831 0.8717723004694836 0.0721830985915493 0.2282863849765258
0 0.4647887323943662 0.8723591549295775 0.0818661971830986 0.24471830985915494
0 0.5653609154929577 0.880868544600939 0.09375 0.24178403755868544
0 1.0743838028169015 0.903755868544601 0.09154929577464789 0.2711267605633803
0 1.0589788732394365 0.20481220657276994 0.0994718309859155 0.1467136150234742
0 0.22337147887323944 0.5293427230046949 0.05149647887323944 0.215962441314554
0 0.13600352112676056 0.5269953051643192 0.0818661971830986 0.21713615023474178
0 1.0653609154929577 0.5466549295774648 0.07878521126760564 0.24002347417840375
0 0.8576144366197183 0.9049295774647887 0.07526408450704225 0.25234741784037557
0 0.7709066901408451 0.9005281690140845 0.10079225352112677 0.25410798122065725
0 0.6577904929577465 0.8893779342723005 0.08670774647887323 0.2517605633802817
0 0.109375 0.8594483568075117 0.08318661971830986 0.23650234741784038
