0 0.9817341549295775 0.98268779342723 0.0409330985915493 0.18368544600938966
0 0.8763204225352113 0.5146713615023474 0.2007042253521127 0.1596244131455399
0 0.8758802816901409 0.7526408450704225 0.2068661971830986 0.15669014084507044
0 0.4278169014084507 0.16109154929577466 0.22535211267605634 0.17194835680751175
0 0.4242957746478873 0.4812206572769953 0.22711267605633803 0.1643192488262911
0 0.655149647887324 0.19248826291079812 0.22843309859154928 0.18192488262910797
0 0.6518485915492958 0.7397300469483568 0.2147887323943662 0.16842723004694835
0 0.6654929577464789 0.34507042253521125 0.22095070422535212 0.16314553990610328
0 0.6613116197183099 0.5 0.21434859154929578 0.1607981220657277
0 0.21280809859154928 0.16842723004694835 0.17649647887323944 0.1607981220657277
0 0.4359595070422535 0.3403755868544601 0.2169894366197183 0.14553990610328638
0 0.4236355633802817 0.7224178403755869 0.22315140845070422 0.1607981220657277
0 0.8776408450704225 0.21332159624413147 0.19014084507042253 0.15786384976525822
0 0.23085387323943662 0.3192488262910798 0.17121478873239437 0.1396713615023474
0 0.24911971830985916 0.698650234741784 0.1056338028169014 0.1437793427230047
0 0.2224911971830986 0.4727112676056338 0.167693661971831 0.1637323943661972
0 0.883362676056338 0.07687793427230047 0.1522887323943662 0.12441314553990611
0 0.6817781690140845 0.054284037558685445 0.21390845070422534 0.09096244131455399
0 0.0684419014084507 0.31161971830985913 0.13600352112676056 0.13028169014084506
0 0.8943661971830986 0.3673708920187793 0.19278169014084506 0.13380281690140844
0 1.0517165492957747 0.10269953051643192 0.037411971830985914 0.15375586854460094
0 1.1102552816901408 0.11150234741784038 0.061179577464788734 0.12089201877934272
0 1.007262323943662 0.6875 0.053257042253521125 0.22476525821596244
0 1.1170774647887325 0.6892605633802817 0.037852112676056336 0.20715962441314553
0 1.0642605633802817 0.6901408450704225 0.05369718309859155 0.21948356807511737
0 0.4198943661971831 1.0261150234741785 0.21830985915492956 0.15434272300469484
0 0.6472271126760564 0.8902582159624414 0.2108274647887324 0.1643192488262911
0 0.858274647887324 1.0413732394366197 0.20598591549295775 0.1414319248826291
0 0.8620158450704225 0.8984741784037559 0.2011443661971831 0.14084507042253522
0 0.42297535211267606 0.8788145539906104 0.21919014084507044 0.15199530516431925
0 0.6412852112676056 1.0387323943661972 0.20774647887323944 0.15023474178403756
0 1.0763644366197183 0.9835680751173709 0.047975352112676055 0.1795774647887324
0 1.122799295774648 0.9900234741784038 0.03609154929577465 0.12910798122065728
0 1.023987676056338 0.9862089201877934 0.03477112676056338 0.17194835680751175
0 0.05963908450704225 0.17752347417840375 0.11751760563380281 0.12265258215962441
0 0.4434419014084507 0.052230046948356805 0.2125880281690141 0.08333333333333333
0 0.06602112676056338 0.4580399061032864 0.12588028169014084 0.14847417840375587
0 0.2590228873239437 0.8400821596244131 0.09463028169014084 0.11208920187793427
0 1.0123239436619718 0.38380281690140844 0.05017605633802817 0.23826291079812206
0 1.0856073943661972 0.3873239436619718 0.06470070422535211 0.24178403755868544
