0 0.8648767605633803 0.24970657276995306 0.11003521126760564 0.1238262910798122
0 0.23767605633802816 1.067781690140845 0.24735915492957747 0.14612676056338028
0 0.579225352112676 0.5982981220657277 0.09330985915492958 0.20950704225352113
0 0.21434859154929578 0.17341549295774647 0.05897887323943662 0.27523474178403756
0 0.4709507042253521 0.6032863849765259 0.09419014084507042 0.21009389671361503
0 0.28235035211267606 0.5261150234741784 0.12015845070422536 0.09330985915492958
0 0.698943661971831 0.5786384976525821 0.12323943661971831 0.2699530516431925
0 0.35629401408450706 0.17517605633802816 0.08494718309859155 0.29988262910798125
0 0.1344630281690141 0.1807511737089202 0.08582746478873239 0.2875586854460094
0 0.444762323943662 0.1637323943661972 0.06294014084507042 0.26173708920187794
0 0.5178257042253521 0.1572769953051643 0.050616197183098594 0.27699530516431925
0 0.8351672535211268 0.5812793427230047 0.11223591549295775 0.2811032863849765
0 0.5834066901408451 0.18016431924882628 0.06910211267605634 0.25821596244131456
0 0.12654049295774647 0.5701291079812206 0.13160211267605634 0.2869718309859155
0 0.05171654929577465 0.18779342723004694 0.061179577464788734 0.2746478873239437
0 0.981294014084507 0.49589201877934275 0.13512323943661972 0.14906103286384975
0 1.0587588028169015 0.11384976525821597 0.09903169014084508 0.10446009389671361
0 0.8686179577464789 0.10064553990610328 0.09727112676056338 0.09917840375586855
0 0.683318661971831 0.9812206572769953 0.18265845070422534 0.3192488262910798
0 0.9044894366197183 1.0196596244131455 0.05721830985915493 0.24237089201877934
0 0.9709507042253521 1.0076291079812207 0.0625 0.22887323943661972
0 0.492737676056338 0.9727112676056338 0.18882042253521128 0.3057511737089202
0 0.8345070422535211 0.9973591549295775 0.05457746478873239 0.2869718309859155
0 1.0607394366197183 1.0369718309859155 0.09595070422535211 0.1619718309859155
0 0.78125 0.27142018779342725 0.06338028169014084 0.07922535211267606
