0 0.769806338028169 0.41901408450704225 0.8183231486188256 0.7456461184950075
0 0.08494718309859155 0.4477699530516432 0.27020909014828404 0.5842442664594767
0 0.28433098591549294 0.4460093896713615 0.4844699247421147 0.5789636095131037
0 0.31205985915492956 0.198943661971831 0.49502110041410435 0.3250006199166832
0 0.10431338028169014 0.20305164319248825 0.287806200096707 0.3197165189887368
0 0.28169014084507044 0.5874413145539906 0.479629537790121 0.7373313137825387
0 0.5118838028169014 0.4495305164319249 0.7110423046642531 0.588938068945756
0 0.0625 0.5974178403755869 0.2697788292253521 0.7338043322533008
0 0.4942781690140845 0.5927230046948356 0.6996063916509622 0.7355676508188411
0 0.7293133802816901 0.07981220657276995 0.9085698444629041 0.20359165950318497
0 0.30809859154929575 0.08568075117370892 0.4879805904086491 0.1865694361788887
0 0.5158450704225352 0.11091549295774648 0.6802307019936521 0.22470016696422668
0 0.7367957746478874 0.2142018779342723 0.9270524666484825 0.33848931814675215
0 0.5259683098591549 0.2323943661971831 0.6995924435255902 0.33495751504331156
0 0.9300176056338029 0.07981220657276995 0.999 0.21122076748440563
0 0.12720070422535212 0.11091549295774648 0.2891165489858163 0.19301002611915624
0 0.8186619718309859 0.42194835680751175 0.870238264977187 0.7356678706826247
0 0.0030809859154929575 0.20363849765258216 0.09110779886183297 0.310913357689171
0 0.999 0.42488262910798125 0.999 0.7339055853115564
0 0.9647887323943662 0.42194835680751175 0.999 0.7339073073023431
0 0.9172535211267606 0.41725352112676056 0.964825152499504 0.7374311892481651
0 0.00044014084507042255 0.08568075117370892 0.09903149641688158 0.1865694361788887
0 0.8705985915492958 0.42664319248826293 0.9142294900565363 0.7321439887368028
0 0.9366197183098591 0.2282863849765258 0.999 0.3384810525909762
0 0.999 0.4242957746478873 0.999 0.7427087466111222
0 0.7191901408450704 0.43133802816901406 0.762007398705614 0.7456388861337037
0 0.1637323943661972 0.8450704225352113 0.3797694839813529 0.999
0 0.6505281690140845 0.8744131455399061 0.8883580421791312 0.999
0 0.38952464788732394 0.8656103286384976 0.6191067233063876 0.999
0 0.9005281690140845 0.8761737089201878 0.999 0.999
0 0.0030809859154929575 0.4424882629107981 0.07834371435479072 0.5854210749630805
0 0.0044014084507042256 0.6044600938967136 0.05765651346459035 0.7390818896162578
