0 0.4951584507042254 0.2130281690140845 0.5750461450481056 0.38367780037029686
0 0.6830985915492958 0.2300469483568075 0.758942298155128 0.3871889395842976
0 0.4137323943661972 0.20539906103286384 0.4927756459531839 0.3836822775463422
0 0.23547535211267606 0.22065727699530516 0.3123963576795279 0.3907155767153783
0 0.31294014084507044 0.22124413145539906 0.4056721214168816 0.38367297879609424
0 0.769806338028169 0.2318075117370892 0.8504534303089665 0.40596724911283033
0 0.9106514084507042 0.18368544600938966 0.9617470724434637 0.40071379962088655
0 0.9533450704225352 0.8186619718309859 0.999 0.999
0 0.579225352112676 0.2112676056338028 0.6656781578555843 0.39365535938636514
0 0.999 0.4847417840375587 0.999 0.7162648228966916
0 0.414612676056338 0.5328638497652582 0.49629638526582026 0.7197577090083537
0 0.9911971830985915 0.15316901408450703 0.999 0.4077739618461946
0 0.14612676056338028 0.20892018779342722 0.23629131744693516 0.38368021115739825
0 0.5651408450704225 0.5446009389671361 0.6639237936421345 0.7132954219841743
0 0.07174295774647887 0.22769953051643194 0.14213391595169608 0.39071144393749035
0 0.3217429577464789 0.5275821596244131 0.39554500750099186 0.7097842827701735
0 0.23371478873239437 0.5199530516431925 0.3137175551105931 0.7045070698053737
0 0.6663732394366197 0.5246478873239436 0.7523475469896846 0.716241403821993
0 0.9075704225352113 0.5369718309859155 0.9687906820323349 0.7303186785029425
0 0.9859154929577465 0.5352112676056338 0.999 0.7267985849368511
0 0.999 0.2681924882629108 0.999 0.4006642062862307
0 0.797975352112676 0.5563380281690141 0.8896135671865701 0.7232650598426238
0 0.801056338028169 0.8245305164319249 0.8596826336540369 0.999
0 0.7425176056338029 0.8145539906103286 0.790606286265126 0.999
0 0.8639964788732394 0.8204225352112676 0.9181936635216228 0.999
0 0.5004401408450704 0.806924882629108 0.5574381865577267 0.9854419454914148
0 0.4524647887323944 0.8022300469483568 0.5002409926105932 0.9942475175780819
0 0.6826584507042254 0.8104460093896714 0.7268122101889506 0.999
0 0.25044014084507044 0.8016431924882629 0.2890623062760365 0.9631445755912628
0 0.15360915492957747 0.7992957746478874 0.23760844667476694 0.9684276433247372
0 0.38776408450704225 0.8174882629107981 0.4412905967937909 0.9825014740241135
0 0.625 0.812206572769953 0.6815030809859155 0.999
0 0.5616197183098591 0.8086854460093896 0.615509850476096 0.999
0 0.056338028169014086 0.8039906103286385 0.14170055544534815 0.954340381097225
0 0.15580985915492956 0.5217136150234741 0.23232578791410433 0.7115482901320286
