0 0.3215228873239437 0.23415492957746478 0.07790492957746478 0.3474178403755869
0 1.0862676056338028 0.42370892018779344 0.11267605633802817 0.3028169014084507
0 0.03961267605633803 0.6514084507042254 0.07482394366197183 0.13732394366197184
0 0.25044014084507044 0.21684272300469484 0.08538732394366197 0.3045774647887324
0 0.4689700704225352 0.664906103286385 0.10695422535211267 0.19014084507042253
0 0.1639524647887324 0.24002347417840375 0.08494718309859155 0.3474178403755869
0 0.4438820422535211 0.2596830985915493 0.10959507042253522 0.3104460093896714
0 0.7517605633802817 0.8078051643192489 0.16901408450704225 0.20481220657276994
0 0.06734154929577464 0.2347417840375587 0.1056338028169014 0.3368544600938967
0 0.04467429577464789 0.9160798122065728 0.08846830985915492 0.1255868544600939
0 0.19102112676056338 0.6543427230046949 0.09330985915492958 0.15610328638497653
0 0.28213028169014087 0.6563967136150235 0.07570422535211267 0.12147887323943662
0 0.9859154929577465 0.8110328638497653 0.23415492957746478 0.24647887323943662
0 0.9694102112676056 0.43163145539906106 0.13512323943661972 0.3257042253521127
0 0.8444102112676056 0.40933098591549294 0.1192781690140845 0.301056338028169
0 1.0367517605633803 0.06719483568075117 0.10871478873239436 0.12852112676056338
0 0.7702464788732394 1.09037558685446 0.2746478873239437 0.10093896713615023
0 0.29973591549295775 0.9251760563380281 0.06602112676056338 0.125
0 0.3965669014084507 0.8987676056338029 0.06426056338028169 0.06279342723004695
0 0.5532570422535211 0.9325117370892019 0.07658450704225352 0.10915492957746478
0 0.47183098591549294 0.9040492957746479 0.05193661971830986 0.06396713615023474
0 0.17869718309859156 0.920481220657277 0.06073943661971831 0.1238262910798122
0 0.8712588028169014 0.0806924882629108 0.20290492957746478 0.15669014084507044
