0 0.30369718309859156 0.37089201877934275 0.4923839360989883 0.5091720117260684
0 0.49559859154929575 0.38086854460093894 0.680239613295973 0.5109267203376755
0 0.6892605633802817 0.3767605633802817 0.8830593043294981 0.5162108212656219
0 0.3045774647887324 0.5164319248826291 0.48578143597500495 0.6387814366638013
0 0.491637323943662 0.5052816901408451 0.6802413568116445 0.6405485436090722
0 0.31558098591549294 0.23708920187793428 0.4923787055519738 0.362536919482466
0 0.7007042253521126 0.528169014084507 0.8755718731402499 0.647577365602063
0 0.13028169014084506 0.9219483568075117 0.2613863196786352 0.999
0 0.4977992957746479 0.22183098591549297 0.6696752643944653 0.37663038087681017
0 0.6624119718309859 0.9724178403755869 0.803405628533525 0.999
0 0.8816021126760564 0.3644366197183099 0.999 0.4921570207630761
0 0.46919014084507044 0.7007042253521126 0.6168709550436421 0.7906686008067182
0 0.6214788732394366 0.7053990610328639 0.7963813913410037 0.8270508221472811
0 0.5048415492957746 0.12030516431924883 0.6450242774871057 0.2229340932134277
0 0.00044014084507042255 0.778755868544601 0.12367938374082524 0.9009514343494457
0 0.8851232394366197 0.5052816901408451 0.999 0.6264640365668187
0 0.8019366197183099 0.7024647887323944 0.9569533729666734 0.7959492577530913
0 0.2623239436619718 0.9325117370892019 0.4329831320670502 0.999
0 0.2966549295774648 0.7904929577464789 0.45893633145705215 0.8991839830060173
0 0.13204225352112675 0.7881455399061033 0.2904348405574291 0.8956642338380834
0 0.6408450704225352 0.8339201877934272 0.8108975153739337 0.9443462909696048
0 0.4669894366197183 0.79518779342723 0.6283155856352906 0.9009417912010403
0 0.00044014084507042255 0.8996478873239436 0.11971811613519144 0.999
0 0.8199823943661971 0.8245305164319249 0.9802728950729023 0.9390701111992771
0 0.33186619718309857 0.12793427230046947 0.5016144955118033 0.2317324329387908
0 0.6698943661971831 0.11795774647887323 0.8236488140993851 0.2282171609469021
0 0.6852992957746479 0.24061032863849766 0.8689765408029161 0.36957710661464876
0 0.8846830985915493 0.24061032863849766 0.999 0.35607945403248914
0 0.47183098591549294 0.9066901408450704 0.6296338772069034 0.999
0 0.8186619718309859 0.9565727699530516 0.9776326311743703 0.999
0 0.983274647887324 0.92018779342723 0.999 0.999
0 0.9766725352112676 0.784037558685446 0.999 0.8903849544843395
0 0.999 0.36971830985915494 0.999 0.49919617470078687
