0 0.3023767605633803 0.14612676056338028 0.47389860177792104 0.2675198786616412
0 0.7689260563380281 0.10387323943661972 0.9045911417005554 0.2164883373008001
0 0.125 0.2136150234741784 0.276793573943662 0.3232314465824682
0 0.13512323943661972 0.07511737089201878 0.28427151265869866 0.18950990764619013
0 0.301056338028169 0.07511737089201878 0.4373674928089665 0.13023760717670654
0 0.6628521126760564 0.232981220657277 0.8201307869222376 0.347281114307126
0 0.6117957746478874 0.08744131455399061 0.7536919912963698 0.21062943584826643
0 0.4942781690140845 0.19718309859154928 0.6406275184115255 0.33732559677312707
0 0.48063380281690143 0.08568075117370892 0.6036616928684785 0.1971328164605788
0 0.01232394366197183 0.10328638497652583 0.10034668840507835 0.17540886949238468
0 0.5664612676056338 0.5311032863849765 0.6555605364139059 0.701566253939915
0 0.827024647887324 0.22711267605633803 0.9406571194331482 0.3596085019506712
0 0.008362676056338027 0.1954225352112676 0.09594702347004562 0.33439235766712955
0 0.6822183098591549 0.5146713615023474 0.7725870518002381 0.6845571177455971
0 0.4308978873239437 0.5328638497652582 0.5416237245214244 0.7133023099473208
0 0.9132922535211268 0.12323943661971831 0.999 0.2270403524432983
0 0.8626760563380281 0.7318075117370892 0.9982998784963302 0.9549695965306707
0 0.5831866197183099 0.7012910798122066 0.7325778227906169 0.972593139037669
0 0.4564260563380282 0.7194835680751174 0.566260375855485 0.97082189931451
0 0.00044014084507042255 0.7400234741784038 0.11531670768448721 0.9872417702616324
0 0.14084507042253522 0.7253521126760564 0.2706246280499901 0.9596682205911525
0 0.28565140845070425 0.7165492957746479 0.4149270900490974 0.9808001471268928
0 0.7517605633802817 0.7224178403755869 0.8438592603154136 0.9643647782626904
0 0.014524647887323943 0.004694835680751174 0.1399583958415989 0.10387048425136107
0 0.0044014084507042256 0.528169014084507 0.06866003459135092 0.7250421543344574
0 0.16329225352112675 0.5264084507042254 0.26489291714193614 0.7197614973880844
0 0.30149647887323944 0.5234741784037559 0.3995151864089466 0.7221106372192466
0 0.7821302816901409 0.5176056338028169 0.9023846257562984 0.7009873206374397
0 0.9005281690140845 0.5252347417840375 0.999 0.7115462237430845
