0 0.2515404929577465 0.21390845070422534 0.17121478873239437 0.15316901408450703
0 0.503080985915493 0.5718896713615024 0.19806338028169015 0.22476525821596244
0 0.2992957746478873 0.5856807511737089 0.17869718309859156 0.1795774647887324
0 0.4753521126760563 0.903755868544601 0.16461267605633803 0.10915492957746478
0 0.5528169014084507 0.19336854460093897 0.1073943661971831 0.1965962441314554
0 0.7099471830985915 0.2734741784037559 0.17341549295774647 0.09272300469483569
0 0.6993838028169014 0.7009976525821596 0.13908450704225353 0.1073943661971831
0 0.4168133802816901 0.19953051643192488 0.1311619718309859 0.15023474178403756
0 0.8930457746478874 0.26731220657276994 0.1698943661971831 0.10856807511737089
0 0.1113556338028169 0.5977112676056338 0.15933098591549297 0.16255868544600938
0 0.8382482394366197 0.6942488262910798 0.12015845070422536 0.142018779342723
0 0.9881161971830986 0.5302230046948356 0.12235915492957747 0.12852112676056338
0 0.9709507042253521 0.6458333333333334 0.10123239436619719 0.06279342723004695
0 1.091549295774648 0.6875 0.09595070422535211 0.11091549295774648
0 0.7409771126760564 0.937793427230047 0.2266725352112676 0.0892018779342723
0 0.2948943661971831 0.8615023474178404 0.14172535211267606 0.09741784037558686
0 0.14172535211267606 0.8512323943661971 0.13468309859154928 0.07922535211267606
0 1.0459947183098592 0.9835680751173709 0.11751760563380281 0.21244131455399062
0 0.9317781690140845 0.9876760563380281 0.04841549295774648 0.2112676056338028
0 0.08230633802816902 0.22740610328638497 0.13732394366197184 0.17077464788732394
0 1.0664612676056338 0.2775821596244131 0.1487676056338028 0.09859154929577464
0 1.0972711267605635 0.528755868544601 0.08714788732394366 0.12441314553990611
0 0.7491197183098591 1.0267018779342723 0.2367957746478873 0.07453051643192488
0 0.09859154929577464 0.48914319248826293 0.176056338028169 0.04518779342723005
