0 0.2535211267605634 0.31220657276995306 0.33087433048998216 0.5438308646873415
0 0.6575704225352113 0.38497652582159625 0.7409077594971236 0.557872666358086
0 0.34375 0.357981220657277 0.40389799735915494 0.4786631565606471
0 0.746919014084507 0.38204225352112675 0.8390198419832374 0.566677205250281
0 0.9894366197183099 0.8509389671361502 0.999 0.9560733926249201
0 0.14040492957746478 0.1273474178403756 0.22176918797113668 0.33208489001300445
0 0.11355633802816902 0.3257042253521127 0.18700987837234676 0.5420623801494413
0 0.22799295774647887 0.1613849765258216 0.2996355664798651 0.3402808773611938
0 0.3045774647887324 0.16255868544600938 0.3757462247073993 0.3385196251845974
0 0.24779929577464788 0.6379107981220657 0.42770783481700064 0.7924660147898345
0 0.1936619718309859 0.3204225352112676 0.24903447976591944 0.5373706440521061
0 0.5602992957746479 0.6461267605633803 0.6683273330564372 0.7942217565959134
0 0.4476232394366197 0.6396713615023474 0.5468980531516564 0.7959861083559258
0 0.8107394366197183 0.6379107981220657 0.8689213294733188 0.7766209443672993
0 0.9757922535211268 0.6637323943661971 0.999 0.8077090772333532
0 0.9555457746478874 0.3286384976525822 0.999 0.5596662919614714
0 0.8433098591549296 0.36326291079812206 0.9402098108014283 0.5526037189490621
0 0.999 0.42077464788732394 0.999 0.5766310007934934
0 0.49383802816901406 0.8620892018779343 0.6379868670650665 0.9683907927219025
0 0.999 0.9624413145539906 0.999 0.999
0 0.8758802816901409 0.6379107981220657 0.9723257569182702 0.7924660147898345
0 0.6892605633802817 0.6390845070422535 0.8095557832027376 0.7977470161343648
0 0.05237676056338028 0.6373239436619719 0.22312835529904781 0.7766212887654566
0 0.136443661971831 0.8685446009389671 0.2763483962755406 0.9801240935440498
0 0.2970950704225352 0.8667840375586855 0.45101360252182104 0.9631063473957988
0 0.6518485915492958 0.8720657276995305 0.8148539398804802 0.980122027155106
0 0.8151408450704225 0.8703051643192489 0.9802750260365007 0.999
0 0.999 0.2664319248826291 0.999 0.4200314366638012
0 0.9286971830985915 0.22124413145539906 0.999 0.3402457487491459
0 0.4154929577464789 0.3732394366197183 0.47781008232493555 0.4751330754479931
0 0.49867957746478875 0.38380281690140844 0.557879102298651 0.4751268762811612
0 0.570862676056338 0.3890845070422535 0.6317909935404682 0.47160264993718176
