0 0.08318661971830986 0.10211267605633803 0.1931852171568141 0.35616073199761955
0 0.733274647887324 0.8092723004694836 0.8878814812289229 0.885675309682823
0 0.9929577464788732 0.24295774647887325 0.999 0.38659450836474246
0 0.999 0.22535211267605634 0.999 0.36313066190570653
0 0.2913732394366197 0.9061032863849765 0.44265344487700853 0.9736466530009478
0 0.45774647887323944 0.12147887323943662 0.5336893721483832 0.3714075828208689
0 0.29577464788732394 0.11678403755868545 0.3739895358063876 0.3596732488042496
0 0.6034330985915493 0.2007042253521127 0.6515829959953382 0.3502343285062488
0 0.3846830985915493 0.17312206572769953 0.44349265708688757 0.3479030973792678
0 0.9507042253521126 0.23415492957746478 0.9934195844078556 0.3954024912385109
0 0.6756161971830986 0.24589201877934272 0.7140512252653244 0.3725082793317022
0 0.5902288732394366 0.5440140845070423 0.6929620471508628 0.6786713532367916
0 0.6514084507042254 0.9002347417840375 0.8064914575481056 0.9736500969825211
0 0.8970070422535211 0.5434272300469484 0.999 0.6904087868368269
0 0.2169894366197183 0.057511737089201875 0.2903974518324737 0.3714451222200181
0 0.4432218309859155 0.5357981220657277 0.5790302720814322 0.6786761748109943
0 0.14172535211267606 0.5440140845070423 0.2825080434189645 0.6681079729551015
0 0.2944542253521127 0.8086854460093896 0.4756626521895457 0.8891967808415439
0 0.0022007042253521128 0.09154929577464789 0.06117860884497124 0.3473641142630431
0 0.5558978873239436 0.2511737089201878 0.5935053266341004 0.36252865392669004
0 0.31205985915492956 0.5328638497652582 0.44440490323100573 0.6716356432806542
0 0.00528169014084507 0.5715962441314554 0.12191668939694504 0.6663312228614253
0 0.8098591549295775 0.15140845070422534 0.8834463648085696 0.3889956523176618
0 0.8899647887323944 0.20011737089201878 0.9459111070472128 0.38896706727060326
0 0.7561619718309859 0.21713615023474178 0.8024840836391589 0.36783031916066034
0 0.7055457746478874 0.35093896713615025 0.7461683337259473 0.4933386508408826
0 0.727112676056338 0.5387323943661971 0.8456306722376513 0.6904115420220855
0 0.10783450704225352 0.812206572769953 0.2930863404458441 0.8974106768939143
0 0.48547535211267606 0.8034037558685446 0.6498743506372744 0.892721007185523
0 0.11355633802816902 0.8937793427230047 0.28296058259769885 0.9801092844232846
0 0.49955985915492956 0.9019953051643192 0.6335829402028368 0.9695410825673918
0 0.0044014084507042256 0.7740610328638498 0.10695228811247767 0.8545926871872865
0 0.9964788732394366 0.9066901408450704 0.999 0.9736463086027904
0 0.9973591549295775 0.812793427230047 0.999 0.8891943700544425
0 0.8186619718309859 0.8990610328638498 0.9591467156814125 0.9754113491591175
0 0.005721830985915493 0.8650234741784038 0.10255029848988295 0.9578256904494259
0 0.999 0.607981220657277 0.999 0.6956525931803655
