0 0.9106514084507042 0.12265258215962441 0.999 0.29394210529215986
0 0.641725352112676 0.9266431924882629 0.8082562828555843 0.999
0 0.2847711267605634 0.9565727699530516 0.46290282960970053 0.999
0 0.4753521126760563 0.681924882629108 0.6362344400912517 0.8059378375101942
0 0.5492957746478874 0.25 0.7202687958738346 0.3642899061032864
0 0.3296654929577465 0.3738262910798122 0.5156999711738742 0.4575270972470189
0 0.5532570422535211 0.3626760563380282 0.7176262072877405 0.45988105865238377
0 0.144806338028169 0.3415492957746479 0.3097954197455862 0.44756951332407596
0 0.3107394366197183 0.676056338028169 0.4730146393324737 0.8024201547312041
0 0.7227112676056338 0.36561032863849763 0.8909671165195397 0.47513755262403845
0 0.3494718309859155 0.2494131455399061 0.5288954789476294 0.3678113772620071
0 0.16285211267605634 0.2106807511737089 0.34763958973913905 0.3472942014371046
0 0.14700704225352113 0.6754694835680751 0.304952901829994 0.7924439733077652
0 0.31778169014084506 0.5563380281690141 0.4809340749603253 0.6733824307346427
0 0.4859154929577465 0.5639671361502347 0.6516347202935926 0.6868756061407569
0 0.7306338028169014 0.24413145539906103 0.892284052023408 0.3578379510238269
0 0.17781690140845072 0.5534037558685446 0.30890060875818287 0.6716235893451475
0 0.6492077464788732 0.6954225352112676 0.814855102224261 0.809451043113139
0 0.6522887323943662 0.5645539906103286 0.8148537461565166 0.6868752617425995
0 0.03961267605633803 0.3597417840375587 0.10737693104046815 0.43640860223941463
0 0.0048415492957746475 0.5223004694835681 0.060297164811049395 0.6422991194427914
0 0.9110915492957746 0.30633802816901406 0.999 0.4992333697017788
0 0.8151408450704225 0.698943661971831 0.9437433358956556 0.7982987419824109
0 0.29577464788732394 0.8327464788732394 0.4809437611585003 0.9596051957283607
0 0.13468309859154928 0.7904929577464789 0.299676635960127 0.9197238891093037
0 0.10431338028169014 0.9389671361502347 0.2842850733361436 0.999
0 0.647887323943662 0.8092723004694836 0.8095739932553064 0.9320368120302409
0 0.48547535211267606 0.8098591549295775 0.6410715337358659 0.9214730873503933
0 0.0030809859154929575 0.6995305164319249 0.12235779886183296 0.8112091957063193
0 0.8120598591549296 0.9272300469483568 0.972793987738048 0.999
0 0.8089788732394366 0.8186619718309859 0.9543094283128347 0.9161862312371883
0 0.4898767605633803 0.937793427230047 0.646351286637076 0.999
0 0.07174295774647887 0.5252347417840375 0.15577828214887918 0.6299734537900328
0 0.999 0.9272300469483568 0.999 0.999
0 0.04533450704225352 0.2505868544600939 0.10737441262894268 0.3490313457426878
0 0.23723591549295775 0.17136150234741784 0.3792969912343781 0.21116704137186185
0 0.383362676056338 0.1954225352112676 0.5293207030475104 0.2539932966342657
