0 0.109375 0.2092136150234742 0.15272887323943662 0.335093896713615
0 0.25308098591549294 0.22476525821596244 0.12940140845070422 0.31103286384976525
0 0.37367957746478875 0.2567488262910798 0.09066901408450705 0.2775821596244131
0 0.46786971830985913 0.28550469483568075 0.08538732394366197 0.20011737089201878
0 0.6005721830985915 0.24794600938967137 0.09727112676056338 0.29518779342723006
0 0.7359154929577465 0.22652582159624413 0.09595070422535211 0.352112676056338
0 0.8342869718309859 0.2335680751173709 0.09815140845070422 0.35563380281690143
0 0.9515845070422535 0.2153755868544601 0.11795774647887323 0.426056338028169
0 1.0717429577464788 0.22564553990610328 0.11003521126760564 0.4301643192488263
0 0.06073943661971831 0.7142018779342723 0.07130281690140845 0.19131455399061034
0 0.14568661971830985 0.7177230046948356 0.06954225352112677 0.20539906103286384
0 0.23701584507042253 0.738556338028169 0.08142605633802817 0.1813380281690141
0 0.328125 0.7461854460093896 0.07526408450704225 0.1414319248826291
0 0.4212147887323944 0.7244718309859155 0.08538732394366197 0.1742957746478873
0 0.6148767605633803 0.7394366197183099 0.0818661971830986 0.16901408450704225
0 0.7035651408450704 0.7142018779342723 0.07262323943661972 0.19483568075117372
0 0.7819102112676056 0.7177230046948356 0.07878521126760564 0.21244131455399062
0 0.8796214788732394 0.7168427230046949 0.07262323943661972 0.1965962441314554
0 0.954225352112676 0.7221244131455399 0.06338028169014084 0.1965962441314554
0 1.0195862676056338 0.7221244131455399 0.05941901408450704 0.1965962441314554
0 1.0814260563380282 0.7071596244131455 0.04665492957746479 0.19483568075117372
0 0.16637323943661972 0.9853286384976526 0.25880281690140844 0.07394366197183098
0 0.1637323943661972 1.0583920187793427 0.25616197183098594 0.07570422535211267
0 0.4225352112676056 0.9903169014084507 0.261443661971831 0.0710093896713615
0 0.4225352112676056 1.056924882629108 0.2640845070422535 0.062206572769953054
0 0.6855193661971831 0.9850352112676056 0.2539612676056338 0.06748826291079812
0 0.6835387323943662 1.0542840375586855 0.2632042253521127 0.0710093896713615
0 0.9372799295774648 0.9342723004694836 0.23723591549295775 0.04812206572769953
0 0.9315580985915493 0.9859154929577465 0.23547535211267606 0.05516431924882629
0 1.0994718309859155 0.9850352112676056 0.08274647887323944 0.0534037558685446
0 0.938600352112676 1.0490023474178405 0.23459507042253522 0.06748826291079812
0 0.5248679577464789 0.7168427230046949 0.05413732394366197 0.1073943661971831
