0 0.24647887323943662 0.0005868544600938967 0.33175771176353896 0.2646710171041901
0 0.13952464788732394 0.006455399061032864 0.19624140640497917 0.24882250270008155
0 0.04401408450704225 0.035211267605633804 0.12674119098393175 0.2628901342326258
0 0.258362676056338 0.41960093896713613 0.36784403051229914 0.678744365646146
0 0.4669894366197183 0.022887323943661973 0.563174740564868 0.24998656847186404
0 0.35255281690140844 0.01643192488262911 0.42546102428833565 0.22475561506755715
0 0.9027288732394366 0.061619718309859156 0.999 0.1989075001653111
0 0.9022887323943662 0.20715962441314553 0.999 0.3431882866053913
0 0.8688380281690141 0.48532863849765256 0.999 0.7356306756816329
0 0.3019366197183099 0.818075117370892 0.4069973870511803 0.999
0 0.40757042253521125 0.8133802816901409 0.5068628651309264 0.999
0 0.09639084507042253 0.7992957746478874 0.1922991237477683 0.999
0 0.1892605633802817 0.8139671361502347 0.30097303672386433 0.999
0 0.1624119718309859 0.4442488262910798 0.2565306285335251 0.6804904643038198
0 0.5101232394366197 0.4495305164319249 0.5790008260389804 0.6804873647204038
0 0.7165492957746479 0.04518779342723005 0.8716036314719301 0.19715657993343474
0 0.7992957746478874 0.9049295774647887 0.999 0.999
