0 0.9441021126760564 0.11561032863849766 0.999 0.2610823883047896
0 0.2649647887323944 0.10328638497652583 0.40701365986411425 0.21296755493839406
0 0.5528169014084507 0.3714788732394366 0.7497566827018448 0.5302984278912914
0 0.24471830985915494 0.3503521126760563 0.39910003595516763 0.5027286666005422
0 0.06690140845070422 0.3474178403755869 0.23104449761951995 0.49392757168992046
0 0.7904929577464789 0.6167840375586855 0.8944584097897242 0.7414220750953293
0 0.40316901408450706 0.357981220657277 0.5469176192719698 0.4992030626639335
0 0.1742957746478873 0.7370892018779343 0.27985286277524296 0.890412506336926
0 0.5008802816901409 0.7235915492957746 0.594849964664749 0.8182373289029954
0 0.7068661971830986 0.6185446009389671 0.7716959215681413 0.7185337179571955
0 0.06426056338028169 0.7288732394366197 0.16326396982245586 0.8728116941083118
0 0.4198943661971831 0.6572769953051644 0.4817694126909343 0.7877598139698913
0 0.6109154929577465 0.12206572769953052 0.7523719562090855 0.2405386938217726
0 0.09991197183098592 0.1056338028169014 0.24643489789972226 0.21472674072604642
0 0.8226232394366197 0.7623239436619719 0.9085287749826423 0.854599575150433
0 0.6109154929577465 0.6126760563380281 0.6854705477583813 0.7150160351782054
0 0.3221830985915493 0.6748826291079812 0.3959849546220988 0.7695569937622606
0 0.1426056338028169 0.5751173708920188 0.2402541348442769 0.655765776190791
0 0.7684859154929577 0.13262910798122066 0.9309997861287443 0.2522695838568185
0 0.90625 0.6115023474178404 0.962189150528169 0.7132561605942384
0 0.934419014084507 0.2623239436619718 0.999 0.39362539674667724
0 0.9339788732394366 0.4096244131455399 0.999 0.5525765114946328
0 0.753080985915493 0.3814553990610329 0.8148093833688753 0.4939075965967952
0 0.6012323943661971 0.8720657276995305 0.695598049122198 0.9906854074367961
0 0.167693661971831 0.8996478873239436 0.2780952052544138 0.999
0 0.7293133802816901 0.9125586854460094 0.8412282951671296 0.999
0 0.8389084507042254 0.9184272300469484 0.9362504804354295 0.999
0 0.05677816901408451 0.8826291079812206 0.15974613636927198 0.999
0 0.9977992957746479 0.8515258215962441 0.999 0.9683969918887346
0 0.49955985915492956 0.8345070422535211 0.6032132218929775 0.9331957118296634
0 0.71875 0.7564553990610329 0.8069019586267606 0.8616452726531332
0 0.9203345070422535 0.7629107981220657 0.9943132330514779 0.8575335030527453
0 0.4498239436619718 0.12793427230046947 0.5935520141093037 0.2282113061782274
0 0.9766725352112676 0.01936619718309859 0.999 0.12498863486080804
0 0.3657570422535211 0.9014084507042254 0.5042404238370363 0.999
0 0.9740316901408451 0.6631455399061033 0.999 0.7666296094249377
0 0.999 0.67018779342723 0.999 0.776602002468646
0 0.6038732394366197 0.727112676056338 0.700878576919262 0.8528596756595913
