0 0.43485915492957744 0.2335680751173709 0.5926783190339218 0.38718687319535366
0 0.5897887323943662 0.5580985915492958 0.7545819591846856 0.7080058106857106
0 0.6985035211267606 0.2546948356807512 0.8509249544361238 0.3871744748616897
0 0.5950704225352113 0.16549295774647887 0.695600761257687 0.39074795014216757
0 0.999 0.840962441314554 0.999 0.999
0 0.26848591549295775 0.2347417840375587 0.4276987297907161 0.3766228041173489
0 0.09198943661971831 0.22887323943661972 0.2622834553536005 0.36430230443695033
0 0.08274647887323944 0.5428403755868545 0.24600231228922834 0.6904091312349843
0 0.12632042253521128 0.8104460093896714 0.24994440122247572 0.9132567805109216
0 0.4225352112676056 0.5610328638497653 0.5763985320372942 0.6956801450329521
0 0.28080985915492956 0.5487089201877934 0.4096475308718508 0.6786685980515329
0 0.9137323943661971 0.16314553990610328 0.999 0.27689956247658093
0 0.9203345070422535 0.2811032863849765 0.999 0.4112200098084595
0 0.9132922535211268 0.5704225352112676 0.999 0.7044774515638431
0 0.8921654929577465 0.8139671361502347 0.999 0.8645457939341841
0 0.999 0.2664319248826291 0.999 0.4112286197623928
0 0.5911091549295775 0.7981220657276995 0.757662363928288 0.9649072053604885
0 0.4168133802816901 0.8585680751173709 0.5882848532657211 0.999
0 0.26100352112676056 0.8415492957746479 0.4122970935206308 0.997745569662104
0 0.9172535211267606 0.857981220657277 0.999 0.9930410908329477
0 0.7579225352112676 0.880868544600939 0.8808283791658401 0.9701403353611497
0 0.8543133802816901 0.301056338028169 0.9177577846037492 0.4006449199894201
0 0.8261443661971831 0.22476525821596244 0.8878406054726244 0.29916387015362916
0 0.999 0.590962441314554 0.999 0.7079865243888999
0 0.0818661971830986 0.9395539906103286 0.22927734762447927 0.9941669284092662
