0 0.011003521126760563 0.12969483568075119 0.08098107239387027 0.2992196626551169
0 0.09375 0.1402582159624413 0.15224746919014084 0.3039082991690361
0 0.1637323943661972 0.15258215962441316 0.2490476529954374 0.3091827569485772
0 0.2636443661971831 0.2112676056338028 0.3137043818810752 0.31971169741453415
0 0.3331866197183099 0.1766431924882629 0.4135857453258282 0.3197320169058167
0 0.5017605633802817 0.18368544600938966 0.584286196935132 0.3385072268509335
0 0.59375 0.15082159624413147 0.6542281029929577 0.34204763990830744
0 0.6610915492957746 0.14553990610328638 0.7316632519589367 0.35085355639313187
0 0.7605633802816901 0.16607981220657278 0.8249293294981155 0.3543626292181886
0 0.8318661971830986 0.1766431924882629 0.8882782279061695 0.3613986835724834
0 0.8926056338028169 0.18016431924882628 0.9542726207597699 0.369612579624854
0 0.9639084507042254 0.19014084507042253 0.999 0.37312785161674267
0 0.999 0.19014084507042253 0.999 0.38545179527871454
0 0.999 0.20422535211267606 0.999 0.3854435297229386
0 0.013644366197183098 0.42664319248826293 0.24779329033177944 0.49740220469924395
0 0.018926056338028168 0.5011737089201878 0.2477909656442174 0.564846729044061
0 0.24647887323943662 0.4284037558685446 0.47700419063677835 0.5126593874672133
0 0.24647887323943662 0.5129107981220657 0.48096545824241216 0.5765769302827922
0 0.4898767605633803 0.3908450704225352 0.7242562162145407 0.4539959829398929
0 0.4850352112676056 0.45774647887323944 0.7163358119668717 0.5232055478410368
0 0.4810739436619718 0.5252347417840375 0.7163375554825431 0.5906542049637418
0 0.727112676056338 0.414906103286385 0.9583067285756793 0.4798034588595737
0 0.7165492957746479 0.4835680751173709 0.9389451807677048 0.547251427185964
0 0.7112676056338029 0.5475352112676056 0.9310249702439991 0.5959228079746082
0 0.940580985915493 0.5129107981220657 0.999 0.5765769302827922
0 0.999 0.45422535211267606 0.999 0.5114705250281029
0 0.025088028169014086 0.6578638497652582 0.2623129013960524 0.7214449155811236
0 0.025088028169014086 0.7306338028169014 0.26363332393126365 0.792411599880976
0 0.269806338028169 0.6338028169014085 0.49239885284417767 0.7114825100839781
0 0.2711267605633803 0.7118544600938967 0.4809546097004562 0.7853803671008839
0 0.49911971830985913 0.6561032863849765 0.6890408804056735 0.7267276389164408
0 0.4859154929577465 0.7359154929577465 0.6930079597302122 0.809427279640283
0 0.6998239436619719 0.6942488262910798 0.9015405704473318 0.7595691028014723
0 0.6971830985915493 0.767018779342723 0.9002213102559017 0.8199724068196345
0 0.9005281690140845 0.6924882629107981 0.999 0.7542884458550994
0 0.9080105633802817 0.7546948356807511 0.999 0.8217402025612202
0 0.03169014084507042 0.903169014084507 0.24162337581829002 0.9889065909541757
0 0.258362676056338 0.8926056338028169 0.48844262206159494 0.9906733535012895
0 0.4951584507042254 0.8843896713615024 0.7163313563157112 0.9977204285966188
0 0.7306338028169014 0.8843896713615024 0.9103298266712954 0.9407955459675108
0 0.9212147887323944 0.8943661971830986 0.999 0.9613295973021226
0 0.10959507042253522 0.999 0.2816419035781591 0.999
0 0.2878521126760563 0.999 0.48490851579547706 0.999
0 0.48723591549295775 0.999 0.6930073785583218 0.999
0 0.8926056338028169 0.999 0.999 0.999
0 0.6945422535211268 0.999 0.8689724725996826 0.999
0 0.9599471830985915 0.4753521126760563 0.999 0.5143923989949084
