0 0.47909330985915494 0.4762323943661972 0.10959507042253522 0.22593896713615025
0 0.7810299295774648 1.0522300469483568 0.12191901408450705 0.1572769953051643
0 0.36047535211267606 0.465962441314554 0.10123239436619719 0.21244131455399062
0 0.9055897887323944 1.0492957746478873 0.11399647887323944 0.1596244131455399
0 0.25110035211267606 0.4636150234741784 0.0840669014084507 0.22300469483568075
0 0.6613116197183099 1.0492957746478873 0.1131161971830986 0.1807511737089202
0 0.5992517605633803 0.47007042253521125 0.1131161971830986 0.22769953051643194
0 0.7482394366197183 0.7872652582159625 0.058098591549295774 0.22476525821596244
0 0.1837588028169014 1.0636737089201878 0.09991197183098592 0.15434272300469484
0 1.0886883802816902 0.21009389671361503 0.10255281690140845 0.13262910798122066
0 0.8219630281690141 0.7866784037558685 0.07174295774647887 0.21185446009389672
0 0.16065140845070422 0.13380281690140844 0.07394366197183098 0.13497652582159625
0 0.5121038732394366 0.7972417840375586 0.06998239436619719 0.22593896713615025
0 0.42869718309859156 0.7925469483568075 0.07834507042253522 0.22124413145539906
0 0.07042253521126761 0.1238262910798122 0.0880281690140845 0.15375586854460094
0 0.3402288732394366 0.7910798122065728 0.07922535211267606 0.22769953051643194
0 0.1580105633802817 0.454518779342723 0.09683098591549295 0.22476525821596244
0 0.23569542253521128 0.7946009389671361 0.09727112676056338 0.22065727699530516
0 0.05941901408450704 0.4612676056338028 0.06602112676056338 0.22417840375586853
0 0.6067341549295775 0.17312206572769953 0.11399647887323944 0.12793427230046947
0 1.1001320422535212 0.7866784037558685 0.07966549295774648 0.21889671361502347
0 0.8122799295774648 0.4756455399061033 0.08582746478873239 0.21654929577464788
0 0.671875 0.795481220657277 0.0840669014084507 0.21889671361502347
0 0.5508362676056338 1.0466549295774648 0.09815140845070422 0.1613849765258216
0 0.25440140845070425 0.1437793427230047 0.07482394366197183 0.12441314553990611
0 0.4784330985915493 0.17576291079812206 0.10123239436619719 0.10504694835680752
0 0.8252640845070423 0.18339201877934272 0.0801056338028169 0.14847417840375587
0 1.1164172535211268 0.4935446009389671 0.0488556338028169 0.19248826291079812
0 0.06778169014084508 0.7778755868544601 0.0880281690140845 0.232981220657277
0 0.06998239436619719 1.062793427230047 0.12588028169014084 0.15023474178403756
0 0.30369718309859156 1.0651408450704225 0.1267605633802817 0.15140845070422534
0 1.0983714788732395 1.051643192488263 0.08494718309859155 0.176056338028169
