0 0.4005281690140845 0.9383802816901409 0.4769363872495537 0.999
0 0.19806338028169015 0.45715962441314556 0.28424381013191824 0.6370556574974101
0 0.292693661971831 0.7230046948356808 0.3810331453952589 0.9045052789349556
0 0.4709507042253521 0.7200704225352113 0.5556906026829994 0.8904224938834887
0 0.6492077464788732 0.710093896713615 0.7030593275763738 0.8769306960700037
0 0.7055457746478874 0.7165492957746479 0.7708162210498909 0.8681240907888647
0 0.12147887323943662 0.721830985915493 0.19889019415790518 0.8804449348674206
0 0.20334507042253522 0.7253521126760564 0.29040345727534217 0.8921799576803544
0 0.1602112676056338 0.22593896713615025 0.22572173799841302 0.3907124771319624
0 0.23415492957746478 0.22887323943661972 0.2996328543443761 0.3971661542022085
0 0.5752640845070423 0.715962441314554 0.6414721548923824 0.8663638718067402
0 0.10079225352112677 0.2312206572769953 0.15708591890249948 0.4024464667504243
0 0.38600352112676056 0.7206572769953051 0.4703406674642928 0.8957038396261765
0 0.3076584507042254 0.2335680751173709 0.3797061362452886 0.3989239623972316
0 0.7768485915492958 0.7265258215962441 0.8337249786128744 0.86811823602019
0 0.999 0.7265258215962441 0.999 0.8839633064427252
0 0.999 0.7282863849765259 0.999 0.878680583107408
0 0.999 0.0005868544600938967 0.999 0.1901405006722652
0 0.999 0.4841549295774648 0.999 0.6200210358394498
0 0.9480633802816901 0.48532863849765256 0.999 0.6129780935220085
0 0.999 0.004107981220657277 0.999 0.18661730752275782
0 0.7033450704225352 0.9559859154929577 0.750570710796469 0.999
0 0.22095070422535212 0.960093896713615 0.3005189477534219 0.999
0 0.5752640845070423 0.9559859154929577 0.6269475070050585 0.999
0 0.3045774647887324 0.9636150234741784 0.38763002752430076 0.999
0 0.764524647887324 0.9507042253521126 0.8170050507711764 0.999
0 0.4841549295774648 0.9565727699530516 0.5570052134993057 0.999
0 0.999 0.9289906103286385 0.999 0.999
0 0.9251760563380281 0.7376760563380281 0.999 0.8775013638167031
0 0.07174295774647887 0.005868544600938967 0.15357757792352708 0.1525787156428398
0 0.1637323943661972 0.005868544600938967 0.23364272341797263 0.1525787156428398
0 0.3670774647887324 0.0005868544600938967 0.4470215328059909 0.14201843494456567
0 0.4551056338028169 0.0005868544600938967 0.5262081401259671 0.14730012508541074
0 0.53125 0.0005868544600938967 0.5996781470070423 0.14788697954550464
0 0.6091549295774648 0.0005868544600938967 0.6801896325133902 0.15903721428728868
0 0.679137323943662 0.0017605633802816902 0.7523419289947431 0.15551539873041062
0 0.7579225352112676 0.0005868544600938967 0.8403354214193612 0.17840341147038727
0 0.8472711267605634 0.0005868544600938967 0.9129193348913907 0.17664284809010558
0 0.4590669014084507 0.23884976525821597 0.5262063966102956 0.3936391726729705
0 0.5444542253521126 0.23884976525821597 0.6102357155698274 0.40596311633494236
0 0.6144366197183099 0.24413145539906103 0.6595006881075183 0.4006783266106813
0 0.707306338028169 0.24882629107981222 0.7549703757315016 0.40243613480570434
0 0.7552816901408451 0.25410798122065725 0.8029246119321563 0.40947528874341516
0 0.8186619718309859 0.2576291079812207 0.8662769973715533 0.4147549124953162
0 0.9806338028169014 0.2734741784037559 0.999 0.4212010128061011
0 0.999 0.2699530516431925 0.999 0.4264847693358902
0 0.999 0.48708920187793425 0.999 0.6282352762899777
0 0.8072183098591549 0.4800469483568075 0.8610003440537592 0.6335210992087108
0 0.7099471830985915 0.4612676056338028 0.7422051288806785 0.6253161575084308
0 0.6157570422535211 0.4595070422535211 0.6595001069356279 0.6405754066653442
0 0.5611795774647887 0.47183098591549294 0.6062670864535806 0.647610427825167
0 0.48723591549295775 0.4753521126760563 0.5248735757414204 0.6388055445348145
0 0.43441901408450706 0.4630281690140845 0.4742806254339416 0.6423339036566819
0 0.375 0.46830985915492956 0.4236905809859155 0.6423308040732659
0 0.2904929577464789 0.47007042253521125 0.36430876190240036 0.6405692074985122
0 0.09507042253521127 0.4665492957746479 0.20110252182106725 0.6388107105071744
0 0.9973591549295775 0.9465962441314554 0.999 0.999
0 0.909330985915493 0.9512910798122066 0.9894765268547907 0.999
0 0.11179577464788733 0.9741784037558685 0.21561980819777823 0.999
