0 0.0035211267605633804 0.04225352112676056 0.06557943612378496 0.20478740990544203
0 0.09375 0.0903755868544601 0.15796930017605634 0.20769344155701028
0 0.16593309859154928 0.08744131455399061 0.2367227407136481 0.20945572692807865
0 0.1307218309859155 0.0005868544600938967 0.18392133722227733 0.08157242555489432
0 0.19058098591549297 0.0029342723004694834 0.2481555541435231 0.08274475688245277
0 0.24911971830985916 0.06338028169014084 0.31591147899722277 0.2059487204919659
0 0.3217429577464789 0.0710093896713615 0.3810203596136679 0.20946537007648394
0 0.37808098591549294 0.13556338028169015 0.47826668970690345 0.20766692289889574
0 0.5959507042253521 0.06807511737089202 0.6867975569083515 0.16545300756022835
0 0.7077464788732394 0.036384976525821594 0.8843715904582423 0.21065939848795434
0 0.5902288732394366 0.16549295774647887 0.7061662725029756 0.22408128347550088
0 0.0035211267605633804 0.6725352112676056 0.0880266192223765 0.9596992164253124
0 0.11399647887323944 0.7253521126760564 0.21077729028218609 0.9643630562719037
0 0.21566901408450703 0.727112676056338 0.3115247935677445 0.9643620230774317
0 0.33274647887323944 0.6684272300469484 0.4083042489089466 0.9086452891842447
0 0.4141725352112676 0.6801643192488263 0.4817719311024598 0.9837557721131168
0 0.4828345070422535 0.6907276995305164 0.5539248087557033 0.9884444086270361
0 0.5620598591549296 0.6924882629107981 0.6247526144986114 0.989617084352752
0 0.6285211267605634 0.7617370892018779 0.7074698410533625 0.9884027364499989
0 0.7064260563380281 0.9630281690140845 0.7061151293766118 0.9759606642200622
0 0.7051056338028169 0.7136150234741784 0.7941438795625868 0.9221164231082898
0 0.00044014084507042255 0.21244131455399062 0.06646107388167032 0.3578565485243228
0 0.3701584507042254 0.352112676056338 0.43293566969599284 0.48277458176287774
0 0.44014084507042256 0.3474178403755869 0.5121302196984726 0.4845379003284181
0 0.3710387323943662 0.48884976525821594 0.44085781745933345 0.5971309567105292
0 0.44014084507042256 0.4876760563380282 0.5099295154731205 0.6200189694505059
0 0.5664612676056338 0.4859154929577465 0.6194689871181313 0.6030012233022549
0 0.6227992957746479 0.4800469483568075 0.6722610918592541 0.6135680475655183
0 0.6747359154929577 0.4818075117370892 0.7127311901780401 0.5883322725870087
0 0.702024647887324 0.431924882629108 0.7659762215458242 0.5220469924397716
0 0.7671654929577465 0.39906103286384975 0.8574968461738742 0.47981275760982167
0 0.7922535211267606 0.5434272300469484 0.8548449588375323 0.5970989276818973
0 0.02244718309859155 0.4166666666666667 0.08009575388067844 0.48860524256651017
0 0.030369718309859156 0.4935446009389671 0.08229297107468757 0.6047573095064912
