0 0.6443661971830986 0.09448356807511737 0.7400332895258878 0.3767051152769512
0 0.8679577464788732 0.5023474178403756 0.9410792439496131 0.7250573078533801
0 0.5915492957746479 0.9172535211267606 0.6762361138662963 0.9789217995768036
0 0.2887323943661972 0.10856807511737089 0.3814750297560008 0.3948893379840861
0 0.7662852112676056 0.11208920187793427 0.8522155434809562 0.3907792903744848
0 0.2051056338028169 0.107981220657277 0.2864414147738544 0.3784577574996143
0 0.06866197183098592 0.11032863849765258 0.1892303424419758 0.38139065220745444
0 0.27420774647887325 0.49002347417840375 0.33262578884397936 0.7321067937358109
0 0.559419014084507 0.49178403755868544 0.6344368754339417 0.7450165586634044
0 0.37455985915492956 0.0880281690140845 0.48707105640001985 0.37846946703696355
0 0.7178697183098591 0.5005868544600939 0.7901769939620115 0.7514667917520774
0 0.488556338028169 0.5 0.5477603185131917 0.7221244131455399
0 0.33098591549295775 0.4935446009389671 0.38893882662170204 0.7268230372060217
0 0.639524647887324 0.5123239436619719 0.7079051387993454 0.74383079580771
0 0.5233274647887324 0.12441314553990611 0.612005577700357 0.3749269875906456
0 0.22535211267605634 0.49119718309859156 0.27234799642927987 0.7420826307610924
0 0.4392605633802817 0.5 0.486602438132315 0.7344483568075117
0 0.3930457746478873 0.5082159624413145 0.43644672281045427 0.7373778075337786
0 0.011883802816901408 0.0903755868544601 0.07129758635439397 0.3849234885053671
0 0.8050176056338029 0.5082159624413145 0.8702442704200556 0.7356172441534969
0 0.0721830985915493 0.4835680751173709 0.1381724546220988 0.7315237276554476
0 0.1756161971830986 0.4994131455399061 0.22219383089912714 0.7268195932244484
0 0.00044014084507042255 0.5076291079812206 0.05413713021969847 0.7068617200070533
0 0.8595950704225352 0.10974178403755869 0.9498857416063281 0.39195437688730195
0 0.9511443661971831 0.12030516431924883 0.999 0.40192470354206616
0 0.9683098591549296 0.49471830985915494 0.999 0.7438411277524302
0 0.999 0.14730046948356806 0.999 0.39897458892635945
0 0.44630281690140844 0.8456572769953051 0.5733070850277723 0.92203893352289
0 0.2125880281690141 0.8626760563380281 0.30316347357915097 0.9642824671030881
0 0.11795774647887323 0.8303990610328639 0.19889174394961318 0.8891840381097225
0 0.7662852112676056 0.999 0.8434127265795477 0.999
0 0.3199823943661972 0.8814553990610329 0.4122711345095219 0.9578160473010205
0 0.2244718309859155 0.999 0.3229645810603055 0.999
0 0.8732394366197183 0.999 0.9467987502479667 0.999
0 0.9590669014084507 0.999 0.999 0.999
0 0.0030809859154929575 0.8879107981220657 0.10299160167873438 0.9267089725363133
0 0.007042253521126761 0.9307511737089202 0.10695112576869668 0.9630688079966497
0 0.5911091549295775 0.840962441314554 0.6788771526606824 0.9097177450461769
0 0.6945422535211268 0.8444835680751174 0.7642189514729221 0.9478612185633363
0 0.8371478873239436 0.8497652582159625 0.9063216778664946 0.892106945271
0 0.9392605633802817 0.8515258215962441 0.9881429310900616 0.8903453486962464
0 0.9251760563380281 0.8996478873239436 0.9841878626512597 0.9390260282351386
0 0.9960387323943662 0.8926056338028169 0.999 0.947832977914435
0 0.999 0.8926056338028169 0.999 0.9460724145341534
0 0.04225352112676056 0.999 0.13070323348541954 0.999
0 0.34242957746478875 0.999 0.43030702923527075 0.999
0 0.6518485915492958 0.999 0.7523539398804802 0.999
0 0.999 0.999 0.999 0.999
