0 0.7222711267605634 0.5146713615023474 0.80425956376463 0.7978200285437193
0 0.24911971830985916 0.1942488262910798 0.3282354226591946 0.4441348305010029
0 0.8644366197183099 0.19307511737089203 0.9415209345863916 0.4335721390156274
0 0.15713028169014084 0.20950704225352113 0.23760689688305892 0.4523418385902268
0 0.3767605633802817 0.5158450704225352 0.4470172708787939 0.7854953960854328
0 0.4595070422535211 0.5240610328638498 0.5402907099285856 0.7925328280323569
0 0.5448943661971831 0.5311032863849765 0.6168376345219202 0.7942892586347506
0 0.4185739436619718 0.19131455399061034 0.4857312614684586 0.43709429897066276
0 0.625 0.5217136150234741 0.6982284330985915 0.7907736422447046
0 0.15889084507042253 0.5246478873239436 0.2336448543815711 0.7667108873900681
0 0.6650528169014085 0.19483568075117372 0.7329819309784765 0.43885279596200044
0 0.5013204225352113 0.18779342723004694 0.5750434329126166 0.4353358019793251
0 0.34330985915492956 0.19072769953051644 0.41094044460424517 0.4458974602702286
0 0.741637323943662 0.2147887323943662 0.7936876596285459 0.4370805230443695
0 0.5911091549295775 0.20422535211267606 0.6529088428015274 0.44236841235204655
0 0.05985915492957746 0.21185446009389672 0.13377647044237254 0.4441244985562829
0 0.24295774647887325 0.5299295774647887 0.30491067000595123 0.7749237502479667
0 0.3102992957746479 0.5223004694835681 0.37222257953531046 0.7766887908042938
0 0.07746478873239436 0.522887323943662 0.15093421444157903 0.7802095731666997
0 0.011443661971830986 0.653169014084507 0.07305834345863915 0.785414806916617
0 0.957306338028169 0.5099765258215962 0.999 0.7890199668275695
0 0.8147007042253521 0.5064553990610329 0.8830040929999008 0.7907825965967952
0 0.999 0.5005868544600939 0.999 0.7843306415173356
0 0.8877640845070423 0.5164319248826291 0.9503134841177345 0.7925373052084022
0 0.9502640845070423 0.22476525821596244 0.999 0.43531410489541317
0 0.999 0.20422535211267606 0.999 0.43884728559148317
0 0.7059859154929577 0.8538732394366197 0.7923829287343781 0.999
0 0.22403169014084506 0.8526995305164319 0.2996373099955366 0.999
0 0.38116197183098594 0.8562206572769953 0.46153998152648285 0.999
0 0.6241197183098591 0.857981220657277 0.6982288205465186 0.999
0 0.3142605633802817 0.8550469483568075 0.37222083601963896 0.999
0 0.4850352112676056 0.8597417840375586 0.5543639809809562 0.999
0 0.5669014084507042 0.857981220657277 0.6221096384645903 0.999
0 0.15360915492957747 0.8532863849765259 0.21692182695645704 0.999
0 0.9705105633802817 0.857981220657277 0.999 0.999
0 0.999 0.8703051643192489 0.999 0.999
0 0.8006161971830986 0.852112676056338 0.8759680386456061 0.999
0 0.00044014084507042255 0.29401408450704225 0.05105614430420551 0.45757393539641605
0 0.8873239436619719 0.8532863849765259 0.9529545229121206 0.999
