0 0.17253521126760563 0.6056338028169014 0.29437828555842094 0.7560999801626661
0 0.4586267605633803 0.24589201877934272 0.5662594072356675 0.31969137792325153
0 0.5233274647887324 0.7147887323943662 0.6252098030524698 0.7777495371288766
0 0.20290492957746478 0.1772300469483568 0.29568534114015077 0.4024781513808989
0 0.4551056338028169 0.3204225352112676 0.5689018020977981 0.3988729914699464
0 0.2830105633802817 0.4583333333333333 0.39292121013935727 0.6024305555555556
0 0.01716549295774648 0.6073943661971831 0.15360159969500098 0.7613806371090391
0 0.6914612676056338 0.3380281690140845 0.7708224202167229 0.4094260398069166
0 0.1487676056338028 0.45598591549295775 0.27502254946935134 0.5889342805660253
0 0.4441021126760563 0.17488262910798122 0.5609841099856179 0.24872366042892724
0 0.4449823943661972 0.09741784037558686 0.5583428774672684 0.17834658577442747
0 0.653169014084507 0.5199530516431925 0.7400294150466177 0.5982864125283784
0 0.7552816901408451 0.4735915492957746 0.8121675696786351 0.5971399110626199
0 0.14348591549295775 0.2007042253521127 0.19359881781888516 0.3872061594921643
0 0.2992957746478873 0.6103286384976526 0.39291404235270777 0.7578577883576892
0 0.3595950704225352 0.3380281690140845 0.4474649669584408 0.39944951398532036
0 0.3767605633802817 0.26467136150234744 0.45229896101963896 0.32554890178315593
0 0.6910211267605634 0.2699530516431925 0.7743437407012498 0.32848007450020944
0 0.7455985915492958 0.7142018779342723 0.7994077470987899 0.7707076280059071
0 0.8591549295774648 0.0005868544600938967 0.9600091747669113 0.07805129879433093
0 0.820862676056338 0.7259389671361502 0.8856422259348343 0.7765692846436993
0 0.5796654929577465 0.33392018779342725 0.6762413444133109 0.4023861970728912
0 0.07878521126760564 0.20422535211267606 0.13640898538236462 0.3872040931032203
0 0.6566901408450704 0.1437793427230047 0.744429273705614 0.18888275860168838
0 0.8538732394366197 0.5316901408450704 0.9248002318488394 0.6006269424056073
0 0.7874119718309859 0.3503521126760563 0.8354808926180322 0.40824509852542484
0 0.8301056338028169 0.3515258215962441 0.8733142140696291 0.41352609986995525
0 0.999 0.732981220657277 0.999 0.7830205509268444
0 0.965669014084507 0.0005868544600938967 0.999 0.09272266029667835
0 0.9691901408450704 0.7124413145539906 0.999 0.7730560790407547
0 0.999 0.670774647887324 0.999 0.7196767754413806
0 0.7486795774647887 0.0005868544600938967 0.8495824473690736 0.07687758987414314
0 0.999 0.0005868544600938967 0.999 0.09741749597742952
0 0.954225352112676 0.534037558685446 0.999 0.6023861281932598
0 0.5004401408450704 0.9336854460093896 0.5781248062760365 0.999
0 0.15669014084507044 0.8714788732394366 0.23276554131124777 0.9654510100509157
0 0.13908450704225353 0.999 0.20592469872049196 0.999
0 0.05985915492957746 0.9964788732394366 0.1271743577663162 0.999
0 0.40096830985915494 0.7224178403755869 0.5117073202861536 0.7765713510326434
0 0.2460387323943662 0.8685446009389671 0.31371213083961513 0.9631053142013268
0 0.5858274647887324 0.8714788732394366 0.6801998998834556 0.9331740147457515
0 0.4933978873239437 0.8556338028169014 0.5781279058594525 0.9161645341532764
0 0.7460387323943662 0.869131455399061 0.790604736473418 0.977189476845423
0 0.3301056338028169 0.8697183098591549 0.3911399182949811 0.9842313859683925
0 0.3089788732394366 0.999 0.3709027381719897 0.999
0 0.0761443661971831 0.8744131455399061 0.15225521814868082 0.9707309782009743
0 0.690580985915493 0.9454225352112676 0.7351713992139457 0.999
0 0.6421654929577465 0.7224178403755869 0.7290307370189447 0.7795056233331129
0 0.7037852112676056 0.8720657276995305 0.7422078410161674 0.9501924496903172
0 0.5972711267605634 0.9389671361502347 0.6793145813702639 0.9988621084881747
0 0.8089788732394366 0.8703051643192489 0.8495559071860741 0.9683859711477
0 0.8772007042253521 0.8773474178403756 0.9261103870139854 0.985400617712535
0 0.8776408450704225 0.999 0.9142263904731205 0.999
0 0.9225352112676056 0.999 0.9630622644316604 0.999
0 0.999 0.8497652582159625 0.999 0.9543135180409531
0 0.9986795774647887 0.863849765258216 0.999 0.9466761445039564
0 0.8987676056338029 0.8738262910798122 0.9665938522862526 0.9760130127399765
0 0.7473591549295775 0.999 0.8029280989634993 0.999
0 0.00044014084507042255 0.21948356807511737 0.05633783444505058 0.3913031199717869
0 0.3824823943661972 0.20422535211267606 0.4250077102137473 0.25750925742246905
0 0.5831866197183099 0.301056338028169 0.6828419072976591 0.33491722045890365
0 0.5858274647887324 0.2664319248826291 0.6749182097426106 0.3008999812647402
0 0.8331866197183099 0.2834507042253521 0.8715522946216028 0.3525331862064405
0 0.7918133802816901 0.2764084507042254 0.8315176877727634 0.34549506546320174
0 0.8305457746478874 0.22300469483568075 0.8675921893597501 0.27451701602415746
0 0.7099471830985915 0.2007042253521127 0.8003037204299742 0.2715958308536666
0 0.9339788732394366 0.3767605633802817 0.999 0.4264220888712557
0 0.999 0.28169014084507044 0.999 0.4299990081333069
0 0.9066901408450704 0.7136150234741784 0.954266421592938 0.7683605545636889
0 0.24647887323943662 0.9806338028169014 0.30975066951001784 0.999
0 0.39920774647887325 0.999 0.4716552782805991 0.999
0 0.4784330985915493 0.999 0.5473246333192819 0.999
0 0.4097711267605634 0.528755868544601 0.4690097838350526 0.5906521385747977
0 0.48723591549295775 0.5217136150234741 0.5649263926428288 0.5906562713526857
0 0.4810739436619718 0.4647887323943662 0.5649291047783177 0.5196802883025855
0 0.5677816901408451 0.5181924882629108 0.6361937580589169 0.5818555208402213
0 0.9119718309859155 0.24882629107981222 0.954264096905376 0.3384689986554696
0 0.5550176056338029 0.999 0.598347263377802 0.999
0 0.5215669014084507 0.0005868544600938967 0.6375345216102956 0.05751139269104454
0 0.4014084507042254 0.0005868544600938967 0.5103867040269788 0.0487085757896361
0 0.6439260563380281 0.01584507042253521 0.7189067226864709 0.059263001719235604
