0 0.10915492957746478 0.2846244131455399 0.13028169014084506 0.15023474178403756
0 0.6131161971830986 0.34066901408450706 0.10827464788732394 0.061619718309859156
0 0.38798415492957744 0.5504694835680751 0.07702464788732394 0.08450704225352113
0 0.5717429577464789 0.5704225352112676 0.09066901408450705 0.07042253521126761
0 0.3716989436619718 0.2790492957746479 0.10695422535211267 0.16725352112676056
0 0.12389964788732394 0.6622652582159625 0.0743838028169014 0.11561032863849766
0 0.7398767605633803 0.15375586854460094 0.08538732394366197 0.06807511737089202
0 0.2557218309859155 0.278462441314554 0.1267605633802817 0.16607981220657278
0 0.3074383802816901 0.5440140845070423 0.06734154929577464 0.09741784037558686
0 0.37874119718309857 0.6584507042253521 0.08054577464788733 0.1068075117370892
0 0.22183098591549297 0.5487089201877934 0.07834507042253522 0.08450704225352113
0 0.2055457746478873 0.6657863849765259 0.0721830985915493 0.10856807511737089
0 0.7238116197183099 0.73268779342723 0.061179577464788734 0.08157276995305164
0 0.6113556338028169 0.7356220657276995 0.04753521126760563 0.1073943661971831
0 0.4918573943661972 0.34066901408450706 0.11047535211267606 0.051056338028169015
0 0.6742957746478874 0.5137910798122066 0.09066901408450705 0.06044600938967136
0 0.5680017605633803 0.4838615023474178 0.08670774647887323 0.06396713615023474
0 0.8758802816901409 0.5501760563380281 0.03609154929577465 0.08509389671361503
0 0.8140404929577465 0.5082159624413145 0.047975352112676055 0.06455399061032864
0 0.24273767605633803 0.10592723004694836 0.12455985915492958 0.1613849765258216
0 0.8014964788732394 0.7056924882629108 0.05897887323943662 0.05457746478873239
0 0.1430457746478873 0.5484154929577465 0.07658450704225352 0.08274647887323944
0 0.6775968309859155 0.573943661971831 0.08934859154929578 0.06103286384976526
0 0.9357394366197183 0.5751173708920188 0.027288732394366196 0.08333333333333333
0 0.8109595070422535 0.3485915492957746 0.05677816901408451 0.06924882629107981
0 0.053036971830985914 0.4782863849765258 0.08142605633802817 0.11502347417840375
0 0.36465669014084506 0.10768779342723005 0.10607394366197183 0.17194835680751175
0 0.3928257042253521 0.4618544600938967 0.06205985915492958 0.06807511737089202
0 1.0625 0.5249413145539906 0.04841549295774648 0.12147887323943662
0 0.8347271126760564 0.12529342723004694 0.055897887323943664 0.15434272300469484
0 0.7990757042253521 0.7705399061032864 0.05149647887323944 0.06338028169014084
0 0.969850352112676 0.35827464788732394 0.050616197183098594 0.056924882629107984
0 1.0242077464788732 0.7235915492957746 0.03697183098591549 0.09976525821596244
0 0.7581426056338029 0.5845070422535211 0.04621478873239437 0.07394366197183098
0 1.1181778169014085 0.5319835680751174 0.03829225352112676 0.10387323943661972
0 1.0642605633802817 0.7276995305164319 0.03697183098591549 0.10211267605633803
0 0.9408010563380281 0.16461267605633803 0.08494718309859155 0.06514084507042253
0 1.0545774647887325 0.17370892018779344 0.09066901408450705 0.06807511737089202
0 0.1738556338028169 1.1006455399061033 0.07570422535211267 0.0710093896713615
0 0.22909330985915494 0.8952464788732394 0.11575704225352113 0.15082159624413147
0 0.7929137323943662 0.9416079812206573 0.06734154929577464 0.058098591549295774
0 0.6252200704225352 0.9644953051643192 0.07350352112676056 0.0534037558685446
0 0.37125880281690143 1.1009389671361502 0.10255281690140845 0.07746478873239436
0 0.7202904929577465 0.7975352112676056 0.05765845070422535 0.05046948356807512
0 0.5132042253521126 1.1038732394366197 0.05369718309859155 0.06924882629107981
0 0.4579665492957746 0.9533450704225352 0.0664612676056338 0.051056338028169015
0 1.0442341549295775 0.9565727699530516 0.09198943661971831 0.05868544600938967
0 0.04929577464788732 0.6270539906103286 0.06866197183098592 0.14847417840375587
0 0.15602992957746478 0.4586267605633803 0.07262323943661972 0.06396713615023474
0 0.2381161971830986 0.4595070422535211 0.07394366197183098 0.06572769953051644
0 0.3204225352112676 0.4509976525821596 0.06514084507042253 0.04518779342723005
0 0.3047975352112676 0.6355633802816901 0.06205985915492958 0.07276995305164319
0 0.4738116197183099 0.14465962441314553 0.06382042253521127 0.06748826291079812
0 0.5580985915492958 0.14289906103286384 0.07394366197183098 0.0710093896713615
0 0.5585387323943662 0.07188967136150234 0.0801056338028169 0.06044600938967136
0 0.6368838028169014 0.1481807511737089 0.06866197183098592 0.06748826291079812
0 0.7209507042253521 0.3500586854460094 0.10211267605633803 0.06044600938967136
0 0.7552816901408451 0.5105633802816901 0.05193661971830986 0.06690140845070422
0 0.8091989436619719 0.5874413145539906 0.042693661971830985 0.06924882629107981
0 0.9669894366197183 0.5666079812206573 0.032570422535211266 0.05575117370892019
0 1.0147447183098592 0.5528169014084507 0.042693661971830985 0.06924882629107981
0 0.1073943661971831 0.8512323943661971 0.09683098591549295 0.1414319248826291
0 0.352112676056338 0.8893779342723005 0.12059859154929578 0.1414319248826291
0 0.5358714788732394 0.9697769953051644 0.07878521126760564 0.04988262910798122
0 0.7101672535211268 0.9556924882629108 0.07526408450704225 0.04988262910798122
0 0.8926056338028169 0.9574530516431925 0.09330985915492958 0.04988262910798122
0 0.4738116197183099 0.7012910798122066 0.07350352112676056 0.06924882629107981
0 0.4707306338028169 0.7831572769953051 0.06998239436619719 0.06748826291079812
0 0.5495158450704225 0.6907276995305164 0.06998239436619719 0.05516431924882629
0 0.5475352112676056 0.7453051643192489 0.06866197183098592 0.05046948356807512
0 0.8829225352112676 0.70481220657277 0.07658450704225352 0.051643192488262914
0 1.1047535211267605 0.7323943661971831 0.03873239436619718 0.10328638497652583
0 0.9696302816901409 0.9530516431924883 0.04753521126760563 0.05516431924882629
0 1.0543573943661972 0.8961267605633803 0.06470070422535211 0.04812206572769953
0 0.8956866197183099 0.36208920187793425 0.07130281690140845 0.06690140845070422
0 1.0466549295774648 0.36619718309859156 0.06954225352112677 0.05516431924882629
0 0.9643485915492958 0.7221244131455399 0.06602112676056338 0.09330985915492958
0 0.8842429577464789 0.7511737089201878 0.07922535211267606 0.03755868544600939
0 0.27244718309859156 1.0982981220657277 0.0801056338028169 0.06514084507042253
0 0.4579665492957746 1.1056338028169015 0.04709507042253521 0.07042253521126761
0 0.5682218309859155 1.1032863849765258 0.04225352112676056 0.07511737089201878
0 0.6164172535211268 1.1032863849765258 0.04533450704225352 0.06924882629107981
