0 0.999 0.7546948356807511 0.999 0.9737355077255394
0 0.999 0.1255868544600939 0.999 0.3485178480901056
0 0.999 0.1273474178403756 0.999 0.35966704963741764
0 0.34815140845070425 0.4495305164319249 0.4325052150490974 0.6992667074434086
0 0.6399647887323944 0.45129107981220656 0.7035035366246777 0.7010262376292182
0 0.7257922535211268 0.45129107981220656 0.8055784365081333 0.6975051108686549
0 0.19850352112676056 0.4448356807511737 0.26267671499950407 0.6934009180277282
0 0.445862676056338 0.45892018779342725 0.5125678421320174 0.7086508684343935
0 0.23107394366197184 0.11208920187793427 0.31767998506000794 0.3561548772289449
0 0.3543133802816901 0.1426056338028169 0.42766095361783374 0.3543764051444819
0 0.11179577464788733 0.4448356807511737 0.18833107580341202 0.6992694626286672
0 0.27024647887323944 0.4536384976525822 0.33834936334556637 0.7016117144966828
0 0.8261443661971831 0.45481220657276994 0.9028053942050188 0.6869396641980207
0 0.5250880281690141 0.13615023474178403 0.5957195915368975 0.36259615596552713
0 0.5268485915492958 0.45422535211267606 0.6045216335424519 0.6980902433379621
0 0.6778169014084507 0.13380281690140844 0.7448601158004364 0.3579026978774053
0 0.44454225352112675 0.12323943661971831 0.515649409219401 0.35790889704423723
0 0.00044014084507042255 0.13849765258215962 0.05501741190983932 0.35613937931186496
0 0.7495598591549296 0.13145539906103287 0.8236137500619917 0.35262238532918955
0 0.6043133802816901 0.13380281690140844 0.6709488057305099 0.3643580969384382
0 0.061619718309859156 0.12265258215962441 0.12629330118032137 0.3596698048226763
0 0.00044014084507042255 0.46830985915492956 0.04577445416336044 0.7045373768432189
0 0.96875 0.4495305164319249 0.999 0.6992667074434086
0 0.8314260563380281 0.20657276995305165 0.9107256047287245 0.3602074103462717
0 0.24031690140845072 0.7723004694835681 0.30359140981452093 0.999
0 0.5369718309859155 0.7681924882629108 0.6001157694405872 0.999
0 0.7051056338028169 0.7646713615023474 0.7769783866048403 0.999
0 0.457306338028169 0.7687793427230047 0.5196050588300932 0.998961983953801
0 0.6183978873239436 0.7799295774647887 0.6841468319157905 0.999
0 0.3199823943661972 0.7699530516431925 0.38234155704473316 0.9737265533734488
0 0.10519366197183098 0.7693661971830986 0.18305229152201943 0.999
0 0.7904929577464789 0.7811032863849765 0.850444325282682 0.999
0 0.03609154929577465 0.7758215962441315 0.0963749597054156 0.999
0 0.3912852112676056 0.7752347417840375 0.44701087798799843 0.999
0 0.8600352112676056 0.778169014084507 0.9195158295725054 0.9889799477616874
0 0.999 0.7634976525821596 0.999 0.9925096844761842
0 0.9330985915492958 0.7769953051643192 0.9868252206903392 0.972548711675373
0 0.1329225352112676 0.14906103286384975 0.214290086912319 0.3625885792060658
0 0.9159330985915493 0.1437793427230047 0.9661461562066057 0.36141796986929403
0 0.04973591549295775 0.4595070422535211 0.10429148947381472 0.7045425428155789
0 0.999 0.46830985915492956 0.999 0.7045373768432189
0 0.999 0.4612676056338028 0.999 0.709823199761952
0 0.999 0.999 0.999 0.999
0 0.9700704225352113 0.999 0.999 0.999
0 0.840669014084507 0.999 0.9476933675114064 0.999
