0 0.10783450704225352 0.9055164319248826 0.07306338028169014 0.21713615023474178
0 0.7720070422535211 0.9022887323943662 0.07306338028169014 0.23650234741784038
0 0.5151848591549296 0.5824530516431925 0.0664612676056338 0.24471830985915494
0 0.9766725352112676 0.5874413145539906 0.0625 0.24178403755868544
0 1.0893485915492958 0.2538145539906103 0.06514084507042253 0.2318075117370892
0 0.6470070422535211 0.26848591549295775 0.06426056338028169 0.2130281690140845
0 0.5706426056338029 0.2602699530516432 0.0664612676056338 0.2177230046948357
0 0.2550616197183099 0.2632042253521127 0.08142605633802817 0.24471830985915494
0 1.0682218309859155 0.585387323943662 0.058098591549295774 0.24237089201877934
0 0.6029929577464789 0.5821596244131455 0.06690140845070422 0.24178403755868544
0 0.1150968309859155 0.5915492957746479 0.07174295774647887 0.2300469483568075
0 0.20378521126760563 0.5886150234741784 0.08098591549295775 0.2323943661971831
0 0.8164612676056338 0.6032863849765259 0.0625 0.22065727699530516
0 0.4359595070422535 0.5848004694835681 0.07966549295774648 0.2505868544600939
0 0.34991197183098594 0.579518779342723 0.07834507042253522 0.2576291079812207
0 0.1382042253521127 0.3039906103286385 0.1056338028169014 0.15258215962441316
0 0.7242517605633803 0.26936619718309857 0.06734154929577464 0.2007042253521127
0 0.36883802816901406 0.25264084507042256 0.0818661971830986 0.24119718309859156
0 0.4711707746478873 0.2596830985915493 0.06910211267605634 0.24119718309859156
0 0.7929137323943662 0.27318075117370894 0.05677816901408451 0.1942488262910798
0 0.8584947183098591 0.2661384976525822 0.04533450704225352 0.2106807511737089
0 0.7508802816901409 0.5956572769953051 0.06073943661971831 0.21830985915492956
0 0.04159330985915493 0.2761150234741784 0.06998239436619719 0.20363849765258216
0 0.8987676056338029 0.5859741784037559 0.05721830985915493 0.22711267605633803
0 0.9375 0.2579225352112676 0.06073943661971831 0.22007042253521128
0 1.0171654929577465 0.2546948356807512 0.05897887323943662 0.24413145539906103
0 1.0691021126760563 0.835387323943662 0.08538732394366197 0.1449530516431925
0 0.18705985915492956 0.8902582159624414 0.0625 0.22887323943661972
0 0.2592429577464789 0.8870305164319249 0.06778169014084508 0.22593896713615025
0 0.430237676056338 0.8855633802816901 0.06558098591549295 0.20774647887323944
0 0.36377640845070425 0.875 0.058538732394366196 0.19248826291079812
0 0.5596390845070423 0.8876173708920188 0.05941901408450704 0.2353286384976526
0 0.6960827464788732 0.9002347417840375 0.06382042253521127 0.2300469483568075
0 0.49559859154929575 0.8761737089201878 0.05193661971830986 0.19953051643192488
0 0.6305017605633803 0.8940727699530516 0.05501760563380282 0.22593896713615025
0 0.03389084507042254 0.8967136150234741 0.06602112676056338 0.25938967136150237
0 0.6349031690140845 1.1068075117370892 0.055897887323943664 0.05516431924882629
0 0.3798415492957746 1.114143192488263 0.07306338028169014 0.04753521126760563
0 0.8644366197183099 1.1015258215962442 0.05457746478873239 0.056338028169014086
0 0.545774647887324 1.1167840375586855 0.07570422535211267 0.04812206572769953
0 0.2566021126760563 1.1164906103286385 0.1056338028169014 0.04870892018779343
0 0.8705985915492958 0.9005281690140845 0.06690140845070422 0.22241784037558684
0 0.967649647887324 0.8867370892018779 0.07790492957746478 0.23591549295774647
0 0.7889524647887324 1.1153169014084507 0.07350352112676056 0.056924882629107984
0 0.9537852112676056 1.1059272300469483 0.07130281690140845 0.0534037558685446
0 0.037411971830985914 0.5933098591549296 0.07130281690140845 0.21948356807511737
0 0.6822183098591549 0.5924295774647887 0.07130281690140845 0.22124413145539906
0 0.45180457746478875 1.119718309859155 0.058538732394366196 0.03990610328638498
0 0.7147887323943662 1.1103286384976525 0.06866197183098592 0.05516431924882629
0 0.07372359154929578 1.113849765258216 0.0761443661971831 0.051643192488262914
0 0.15735035211267606 1.1112089201877935 0.07526408450704225 0.04988262910798122
