0 0.7486795774647887 0.17928403755868544 0.11179577464788733 0.24002347417840375
0 0.3430897887323944 0.2705399061032864 0.1694542253521127 0.03990610328638498
0 0.6423855633802817 0.17752347417840375 0.0682218309859155 0.232981220657277
0 0.17319542253521128 0.2749413145539906 0.14656690140845072 0.04870892018779343
0 0.31117957746478875 0.49295774647887325 0.06426056338028169 0.13615023474178403
0 0.17451584507042253 0.22095070422535212 0.1386443661971831 0.05575117370892019
0 0.3472711267605634 0.221537558685446 0.18485915492957747 0.05575117370892019
0 0.5728433098591549 0.18192488262910797 0.06470070422535211 0.2347417840375587
0 0.21192781690140844 0.49471830985915494 0.06382042253521127 0.1443661971830986
0 0.6452464788732394 0.5446009389671361 0.09859154929577464 0.18192488262910797
0 0.7555017605633803 0.5434272300469484 0.08758802816901408 0.17370892018779344
0 0.5264084507042254 0.9078638497652582 0.04841549295774648 0.2875586854460094
0 0.32944542253521125 0.9105046948356808 0.04621478873239437 0.29284037558685444
0 0.08340669014084508 0.49178403755868544 0.05237676056338028 0.142018779342723
0 0.5845070422535211 0.9008215962441315 0.04137323943661972 0.29577464788732394
0 0.5393926056338029 0.5410798122065728 0.06205985915492958 0.18544600938967137
0 0.35497359154929575 0.16285211267605634 0.1817781690140845 0.04518779342723005
0 0.08604753521126761 0.8089788732394366 0.04445422535211268 0.23650234741784038
0 0.39326584507042256 0.9128521126760564 0.04357394366197183 0.3022300469483568
0 0.4997799295774648 0.21097417840375587 0.06998239436619719 0.17077464788732394
0 0.037411971830985914 0.8110328638497653 0.04841549295774648 0.22535211267605634
0 0.2557218309859155 0.8591549295774648 0.025528169014084508 0.23943661971830985
0 0.3921654929577465 0.4982394366197183 0.06073943661971831 0.15023474178403756
0 0.36971830985915494 0.11737089201877934 0.1813380281690141 0.03990610328638498
0 0.14942781690140844 0.4961854460093897 0.04709507042253521 0.13791079812206572
0 0.19762323943661972 0.170481220657277 0.11883802816901408 0.04636150234741784
0 0.8664172535211268 0.1795774647887324 0.10959507042253522 0.22887323943661972
0 1.0873679577464788 0.6960093896713615 0.050616197183098594 0.26291079812206575
0 1.1034330985915493 0.1675469483568075 0.06690140845070422 0.25997652582159625
0 0.9454225352112676 0.5481220657276995 0.10915492957746478 0.19248826291079812
0 0.8512323943661971 0.5551643192488263 0.0801056338028169 0.16784037558685447
0 0.6373239436619719 0.9022887323943662 0.05457746478873239 0.3057511737089202
0 0.9661091549295775 1.0548708920187793 0.0448943661971831 0.1449530516431925
0 0.7220510563380281 0.9242957746478874 0.08494718309859155 0.2793427230046948
0 0.4621478873239437 0.9105046948356808 0.03169014084507042 0.29988262910798125
0 0.8261443661971831 0.9357394366197183 0.11003521126760564 0.2658450704225352
0 0.2832306338028169 0.8973004694835681 0.02596830985915493 0.25704225352112675
0 1.1014524647887325 0.9923708920187794 0.04005281690140845 0.15845070422535212
0 1.045774647887324 0.9794600938967136 0.037852112676056336 0.15140845070422534
0 0.047755281690140844 0.2790492957746479 0.09198943661971831 0.04988262910798122
0 0.4588468309859155 0.49911971830985913 0.06734154929577464 0.15199530516431925
0 0.9029489436619719 0.971244131455399 0.03653169014084507 0.21948356807511737
0 0.07042253521126761 0.2232981220657277 0.04929577464788732 0.041666666666666664
