0 0.0977112676056338 0.46566901408450706 0.07746478873239436 0.36795774647887325
0 0.18309859154929578 0.4612676056338028 0.0801056338028169 0.3380281690140845
0 0.26276408450704225 0.4794600938967136 0.06866197183098592 0.3673708920187793
0 0.3320862676056338 0.42664319248826293 0.05941901408450704 0.3591549295774648
0 0.4027288732394366 0.4363262910798122 0.06602112676056338 0.38791079812206575
0 0.522887323943662 0.3515258215962441 0.06338028169014084 0.20187793427230047
0 0.6701144366197183 0.49061032863849763 0.06998239436619719 0.3591549295774648
0 0.7590228873239436 0.5278755868544601 0.06734154929577464 0.3397887323943662
0 0.8712588028169014 0.545481220657277 0.07086267605633803 0.39730046948356806
0 0.954225352112676 0.545774647887324 0.06073943661971831 0.4107981220657277
0 1.0283890845070423 0.5443075117370892 0.07262323943661972 0.3796948356807512
0 1.110475352112676 0.5434272300469484 0.06073943661971831 0.3884976525821596
0 0.2830105633802817 0.9480633802816901 0.0880281690140845 0.2318075117370892
0 0.4375 0.9360328638497653 0.15669014084507044 0.2007042253521127
0 0.6342429577464789 0.9551056338028169 0.06073943661971831 0.22124413145539906
0 0.7706866197183099 0.9445422535211268 0.05985915492957746 0.2177230046948357
0 0.8369278169014085 0.9463028169014085 0.04181338028169014 0.2142018779342723
0 0.9009683098591549 0.9498239436619719 0.0528169014084507 0.2142018779342723
0 0.9639084507042254 0.9454225352112676 0.04401408450704225 0.20892018779342722
0 1.0077024647887325 0.9351525821596244 0.03125 0.2153755868544601
0 1.0816461267605635 0.9351525821596244 0.04621478873239437 0.19190140845070422
0 1.1236795774647887 0.9281103286384976 0.027288732394366196 0.18838028169014084
0 0.08516725352112677 0.9463028169014085 0.050616197183098594 0.2318075117370892
0 0.021346830985915492 0.9480633802816901 0.03653169014084507 0.2282863849765258
