0 0.5591989436619719 0.2746478873239437 0.055897887323943664 0.16549295774647887
0 0.17275528169014084 0.9342723004694836 0.06470070422535211 0.11267605633802817
0 0.28587147887323944 0.4210680751173709 0.09022887323943662 0.12969483568075119
0 0.07064260563380281 0.3392018779342723 0.05149647887323944 0.24882629107981222
0 0.14920774647887325 0.3456572769953052 0.04753521126760563 0.25938967136150237
0 0.2266725352112676 0.6387910798122066 0.05017605633802817 0.18368544600938966
0 0.198943661971831 0.3494718309859155 0.04137323943661972 0.2494131455399061
0 0.6474471830985915 0.35093896713615025 0.10211267605633803 0.15845070422535212
0 0.17847711267605634 0.6426056338028169 0.042693661971830985 0.1807511737089202
0 0.37874119718309857 0.39906103286384975 0.09815140845070422 0.12793427230046947
0 0.3939260563380282 0.6273474178403756 0.05193661971830986 0.14788732394366197
0 0.4694102112676056 0.40933098591549294 0.08230633802816902 0.10035211267605634
0 0.6547095070422535 0.6687206572769953 0.10255281690140845 0.13438967136150234
0 0.5556778169014085 0.41901408450704225 0.061179577464788734 0.107981220657277
0 0.7860915492957746 0.26789906103286387 0.05545774647887324 0.12852112676056338
0 0.2893926056338028 0.636150234741784 0.028609154929577465 0.1607981220657277
0 0.538512323943662 0.07482394366197183 0.1368838028169014 0.06044600938967136
0 0.07768485915492958 0.0539906103286385 0.053257042253521125 0.1068075117370892
0 0.7253521126760564 0.25880281690140844 0.05985915492957746 0.1396713615023474
0 0.05677816901408451 0.6126760563380281 0.04841549295774648 0.12910798122065728
0 0.2323943661971831 0.05046948356807512 0.056338028169014086 0.09624413145539906
0 0.4900968309859155 0.2737676056338028 0.08494718309859155 0.14964788732394366
0 0.014744718309859154 0.64231220657277 0.028609154929577465 0.16607981220657278
0 0.5466549295774648 0.6924882629107981 0.09859154929577464 0.08333333333333333
0 0.32856514084507044 0.6558098591549296 0.03829225352112676 0.19072769953051644
0 0.987455985915493 0.36120892018779344 0.08758802816901408 0.23767605633802816
0 1.0611795774647887 0.060152582159624414 0.06954225352112677 0.11913145539906103
0 0.8076584507042254 0.07541079812206573 0.07306338028169014 0.056924882629107984
0 0.9700704225352113 0.054870892018779344 0.061619718309859156 0.10035211267605634
0 0.7493397887323944 0.9028755868544601 0.05941901408450704 0.15199530516431925
0 0.43485915492957744 0.8973004694835681 0.07130281690140845 0.17018779342723006
0 0.23371478873239437 0.908744131455399 0.03609154929577465 0.1273474178403756
0 0.27420774647887325 0.9157863849765259 0.040492957746478875 0.12969483568075119
0 0.6650528169014085 0.8958333333333334 0.06690140845070422 0.15669014084507044
0 0.516725352112676 0.9295774647887324 0.07306338028169014 0.07746478873239436
0 0.3347271126760563 0.8063380281690141 0.04621478873239437 0.0715962441314554
0 0.366637323943662 0.937793427230047 0.04225352112676056 0.09389671361502347
0 0.023767605633802816 0.8882042253521126 0.04665492957746479 0.12617370892018778
0 0.8287852112676056 0.909037558685446 0.07570422535211267 0.17488262910798122
0 0.9102112676056338 0.909037558685446 0.06602112676056338 0.1643192488262911
0 1.0748239436619718 0.9333920187793427 0.04225352112676056 0.12265258215962441
0 0.144806338028169 0.04958920187793427 0.0528169014084507 0.09800469483568075
0 1.0620598591549295 0.38438967136150237 0.05193661971830986 0.19483568075117372
0 0.9599471830985915 0.6426056338028169 0.09595070422535211 0.13145539906103287
0 0.1133362676056338 0.9178403755868545 0.0488556338028169 0.10211267605633803
0 1.0680017605633803 0.6719483568075117 0.07878521126760564 0.142018779342723
0 0.31382042253521125 0.9213615023474179 0.04137323943661972 0.1396713615023474
0 0.4608274647887324 0.647887323943662 0.06602112676056338 0.1068075117370892
