0 0.0022007042253521128 0.18838028169014084 0.05501663701398532 0.3913213730741255
0 0.05501760563380282 0.25586854460093894 0.12981733380033725 0.3959766029667835
0 0.18617957746478872 0.2529342723004695 0.24903777307329894 0.391283489276819
0 0.25044014084507044 0.20011737089201878 0.2943439964168816 0.30856800623773945
0 0.29313380281690143 0.1954225352112676 0.3427406981501686 0.31443930602393705
0 0.35651408450704225 0.25 0.4307409709135092 0.33259976525821594
0 0.4410211267605634 0.11737089201877934 0.4940840576026582 0.23760717670656176
0 0.503080985915493 0.1267605633802817 0.5569968833688753 0.2557941545989552
0 0.4546654929577465 0.25410798122065725 0.5143245310330292 0.38658796479975316
0 0.5809859154929577 0.2846244131455399 0.6348675238048007 0.41239165233970326
0 0.6452464788732394 0.27699530516431925 0.6995399443314818 0.4211989464171571
0 0.704225352112676 0.27875586854460094 0.7659752529260068 0.427066457823624
0 0.0035211267605633804 0.004694835680751174 0.07658295725054552 0.07511461570676012
0 0.10167253521126761 0.004694835680751174 0.18965595398978377 0.05574841852366153
0 0.19410211267605634 0.0017605633802816902 0.28644625787294187 0.07981117337829795
0 0.2878521126760563 0.0017605633802816902 0.37883457213350524 0.06924779309660781
0 0.3890845070422535 0.0005868544600938967 0.47694142407260465 0.07981186217461261
0 0.4819542253521127 0.0029342723004694834 0.5706505483163062 0.08157104796226498
0 0.5743838028169014 0.0017605633802816902 0.6427929648755207 0.08274544567876743
0 0.6443661971830986 0.0017605633802816902 0.7083431486808174 0.09037455365998809
0 0.7143485915492958 0.0005868544600938967 0.7747736141762548 0.09213580583658446
0 0.005721830985915493 0.4876760563380282 0.0642580449687562 0.642319438934074
0 0.06998239436619719 0.534037558685446 0.1364128598616346 0.6364236868787058
0 0.1443661971830986 0.5252347417840375 0.19623927544138067 0.6305603082501268
0 0.19982394366197184 0.4982394366197183 0.2648768380529657 0.6546371834292137
0 0.27508802816901406 0.4636150234741784 0.32250216195943265 0.594211493530825
0 0.323943661971831 0.5580985915492958 0.41182925014878 0.6557757637373538
0 0.5022007042253521 0.5404929577464789 0.564039524337929 0.6164668468557826
0 0.5642605633802817 0.6167840375586855 0.5640122092590756 0.6164220750953293
0 0.5642605633802817 0.5176056338028169 0.6058255895407657 0.5988746445811016
0 0.6351232394366197 0.4818075117370892 0.7466394704051775 0.6546468265776191
0 0.02464788732394366 0.7869718309859155 0.08449619371156517 0.9162048287376843
0 0.3102992957746479 0.7253521126760564 0.37222257953531046 0.8557949811545328
0 0.37367957746478875 0.7300469483568075 0.4298531339887919 0.8587264982697437
0 0.31382042253521125 0.8532863849765259 0.37574215650416587 0.9337715455487227
0 0.38116197183098594 0.857981220657277 0.4307301223715532 0.9308345180629947
0 0.4727112676056338 0.8157276995305164 0.5200384193364411 0.9308593147303225
0 0.5224471830985915 0.8080985915492958 0.564030613035608 0.9238215383852411
0 0.5959507042253521 0.7165492957746479 0.6766743174717318 0.8587344194273623
