0 0.4960387323943662 0.03697183098591549 0.5882499829522913 0.36441492263439795
0 0.30985915492957744 0.036384976525821594 0.3863072803015275 0.34915705107011397
0 0.3965669014084507 0.0357981220657277 0.4782585533004364 0.36148133913024316
0 0.6941021126760564 0.09741784037558686 0.7835853423799841 0.38022452004672797
0 0.7922535211267606 0.10446009389671361 0.8636477757389407 0.3579199177852719
0 0.8974471830985915 0.11208920187793427 0.9749571095144813 0.3907792903744848
0 0.03389084507042254 0.0357981220657277 0.10429846353650069 0.35091795884855304
0 0.11795774647887323 0.028755868544600938 0.19228963127355683 0.36441974420860057
0 0.33758802816901406 0.6144366197183099 0.40962254048055946 0.7390760348475831
0 0.16285211267605634 0.6449530516431925 0.2358438150912517 0.7367107083030263
0 0.058098591549295774 0.43133802816901406 0.17691104815512795 0.4862492147722013
0 0.05941901408450704 0.6003521126760564 0.14786117120858958 0.7261735022812934
0 0.23415492957746478 0.4612676056338028 0.3322032768795874 0.6012551246445811
0 0.0664612676056338 0.5252347417840375 0.17866793078010315 0.5883067871233661
0 0.945862676056338 0.5557511737089202 0.999 0.6628193948511099
0 0.9225352112676056 0.6678403755868545 0.999 0.7578240373382706
0 0.9234154929577465 0.46068075117370894 0.999 0.5320066427516585
0 0.9929577464788732 0.12147887323943662 0.999 0.32856720723401445
0 0.4511443661971831 0.835093896713615 0.5816676301205118 0.9302610951310365
0 0.7205105633802817 0.9342723004694836 0.8443131555618925 0.999
0 0.3045774647887324 0.9559859154929577 0.4395666472426106 0.999
0 0.860475352112676 0.9800469483568075 0.9916987344400913 0.999
0 0.15580985915492956 0.8456572769953051 0.28910395692818885 0.9578370555886178
0 0.2984154929577465 0.8374413145539906 0.4395693593780996 0.9525601870219753
0 0.16285211267605634 0.9630281690140845 0.299664237626463 0.999
0 0.585387323943662 0.8509389671361502 0.7022071358609403 0.9009090733760937
0 0.4507042253521127 0.931924882629108 0.5715445844078556 0.999
0 0.5919894366197183 0.9072769953051644 0.703524652536699 0.999
0 0.8670774647887324 0.8667840375586855 0.9969775187214839 0.9560640938746721
0 0.7997359154929577 0.6578638497652582 0.8755282852484626 0.747266511825255
0 0.999 0.15434272300469484 0.999 0.41070754535034937
0 0.06426056338028169 0.48708920187793425 0.16766537827316008 0.5267094546937336
0 0.24647887323943662 0.6267605633802817 0.33087743007339815 0.7355476757257158
0 0.39436619718309857 0.43896713615023475 0.46637571910335257 0.5355405122440433
0 0.3824823943661972 0.5387323943661971 0.4677013721855783 0.6041439363882828
0 0.7746478873239436 0.5029342723004695 0.8495710176552271 0.5924278554740021
0 0.695862676056338 0.4835680751173709 0.7602571026953977 0.598894619674227
0 0.7191901408450704 0.8444835680751174 0.8403524691281492 0.8973917349952611
0 0.999 0.545774647887324 0.999 0.7889989585399723
0 0.10167253521126761 0.840962441314554 0.15092355962358658 0.9425815948114351
