0 0.0022007042253521128 0.125 0.10255184828159096 0.49053697183098594
0 0.13204225352112675 0.15492957746478872 0.3982693475996826 0.4858245718442108
0 0.17033450704225353 0.005868544600938967 0.384608127417675 0.05398716634706517
0 0.16109154929577466 0.04988262910798122 0.38461219562090854 0.09914912991249532
0 0.15096830985915494 0.10269953051643192 0.384616651272069 0.15076132656659835
0 0.40492957746478875 0.11443661971830986 0.6657548725451299 0.29805490808701973
0 0.3996478873239437 0.2981220657276995 0.6758804366693116 0.48750110207410347
0 0.6668133802816901 0.1431924882629108 0.8166079166460029 0.28454037999515086
0 0.6861795774647887 0.2904929577464789 0.9068282660310454 0.4922004149309
0 0.8160211267605634 0.14906103286384975 0.999 0.2017904571403381
0 0.8261443661971831 0.20481220657276994 0.999 0.23931642476140094
0 0.8226232394366197 0.24413145539906103 0.999 0.2803731622914325
0 0.9141725352112676 0.2934272300469484 0.9969567902573893 0.49337240186030107
0 0.005721830985915493 0.5475352112676056 0.13071931257439 0.8605941694769557
0 0.19982394366197184 0.6502347417840375 0.4343310634050784 0.7431630077806431
0 0.43794014084507044 0.7194835680751174 0.5447016108535013 0.822934575370848
0 0.44014084507042256 0.829225352112676 0.5561443042055149 0.9308513935727039
0 0.4357394366197183 0.6156103286384976 0.5222553963747272 0.7085589141263858
0 0.5303697183098591 0.6185446009389671 0.5943968443141242 0.6950595395534396
0 0.5506161971830986 0.7118544600938967 0.6507259611808174 0.8123756722652031
0 0.554137323943662 0.8204225352112676 0.6542455381496727 0.9038612543807446
0 0.6012323943661971 0.6156103286384976 0.6916367815165642 0.7085589141263858
0 0.6522887323943662 0.710093896713615 0.7321072672832771 0.7865551092155436
0 0.653169014084507 0.7946009389671361 0.7589554713846459 0.9038764078996673
0 0.7605633802816901 0.6484741784037559 0.8720243999206507 0.738469205294364
0 0.7640845070422535 0.7376760563380281 0.8729031318190835 0.8182290633472196
0 0.7649647887323944 0.8204225352112676 0.8698217584556636 0.9085560900614957
0 0.8745598591549296 0.6367370892018779 0.9679249296394564 0.7296732763561021
0 0.8758802816901409 0.7312206572769953 0.970125052692918 0.813538016046199
0 0.8758802816901409 0.8215962441314554 0.9780475879041857 0.8950577486830215
0 0.971830985915493 0.6426056338028169 0.999 0.7161721797923692
0 0.971830985915493 0.7300469483568075 0.9969314124181711 0.8123649959223258
0 0.24691901408450703 0.9407276995305164 0.41758498282830786 0.9959268029932333
