0 0.7810299295774648 1.0718896713615023 0.0682218309859155 0.13791079812206572
0 0.5545774647887324 0.7303403755868545 0.11179577464788733 0.38204225352112675
0 0.686399647887324 0.7241784037558685 0.13336267605633803 0.36971830985915494
0 0.4311179577464789 0.7194835680751174 0.1034330985915493 0.3826291079812207
0 0.31536091549295775 0.7118544600938967 0.10607394366197183 0.39906103286384975
0 0.19718309859154928 0.7194835680751174 0.11443661971830986 0.40023474178403756
0 0.047755281690140844 0.7262323943661971 0.09463028169014084 0.3609154929577465
0 0.7992957746478874 0.6839788732394366 0.0897887323943662 0.32805164319248825
0 0.4898767605633803 0.21449530516431925 0.09242957746478873 0.32922535211267606
0 0.24141725352112675 0.23738262910798122 0.08846830985915492 0.2717136150234742
0 0.722931338028169 0.22036384976525822 0.12191901408450705 0.3855633802816901
0 0.3686179577464789 0.20774647887323944 0.11487676056338028 0.3767605633802817
0 0.5875880281690141 0.21508215962441316 0.061619718309859156 0.3397887323943662
0 0.9319982394366197 0.7115610328638498 0.08934859154929578 0.3386150234741784
0 1.064480633802817 0.25997652582159625 0.08758802816901408 0.3438967136150235
0 0.9423415492957746 0.232981220657277 0.10211267605633803 0.38028169014084506
0 1.0237676056338028 0.7177230046948356 0.05897887323943662 0.2981220657276995
0 0.601012323943662 1.074530516431925 0.09110915492957747 0.12206572769953052
0 0.6982834507042254 1.0751173708920188 0.09375 0.12910798122065728
0 1.0063820422535212 1.068661971830986 0.05677816901408451 0.1443661971830986
0 0.8501320422535211 1.0669014084507042 0.05677816901408451 0.14788732394366197
0 0.948943661971831 1.067781690140845 0.040492957746478875 0.14612676056338028
0 0.9049295774647887 1.067781690140845 0.040492957746478875 0.14612676056338028
0 1.1221390845070423 1.0607394366197183 0.037411971830985914 0.15669014084507044
0 1.0798855633802817 1.0651408450704225 0.03829225352112676 0.15140845070422534
0 0.49691901408450706 1.0842136150234742 0.06778169014084508 0.11326291079812206
0 1.0913292253521127 0.6833920187793427 0.06382042253521127 0.2916666666666667
