0 0.8842429577464789 0.6044600938967136 0.09419014084507042 0.24413145539906103
0 0.5259683098591549 0.18838028169014084 0.051056338028169015 0.2652582159624413
0 0.6782570422535211 0.2039319248826291 0.061619718309859156 0.2658450704225352
0 0.7676056338028169 0.5827464788732394 0.06778169014084508 0.23943661971830985
0 0.6036531690140845 0.2027582159624413 0.05413732394366197 0.24237089201877934
0 0.46588908450704225 0.18485915492957747 0.04005281690140845 0.2711267605633803
0 0.1582306338028169 0.5730633802816901 0.0488556338028169 0.29401408450704225
0 0.7365757042253521 0.20363849765258216 0.06470070422535211 0.27699530516431925
0 0.41329225352112675 0.1710680751173709 0.04929577464788732 0.24119718309859156
0 0.690580985915493 0.5988849765258216 0.05545774647887324 0.2142018779342723
0 0.0900088028169014 0.568075117370892 0.08670774647887323 0.29107981220657275
0 0.19014084507042253 0.17752347417840375 0.07042253521126761 0.2775821596244131
0 0.2211707746478873 0.5557511737089202 0.04709507042253521 0.2335680751173709
0 0.3340669014084507 0.6863262910798122 0.06690140845070422 0.06866197183098592
0 0.25374119718309857 0.1637323943661972 0.04445422535211268 0.31572769953051644
0 0.34375 0.15082159624413147 0.058098591549295774 0.2652582159624413
0 0.8028169014084507 0.17752347417840375 0.07042253521126761 0.3397887323943662
0 0.8681778169014085 0.18485915492957747 0.06029929577464789 0.3392018779342723
0 0.47183098591549294 0.9738849765258216 0.05721830985915493 0.18016431924882628
0 0.6963028169014085 0.95481220657277 0.045774647887323945 0.2112676056338028
0 0.4117517605633803 0.9527582159624414 0.04357394366197183 0.17312206572769953
0 0.5290492957746479 0.5466549295774648 0.04401408450704225 0.22241784037558684
0 0.4077904929577465 0.533744131455399 0.03477112676056338 0.2142018779342723
0 0.1307218309859155 0.9040492957746479 0.0528169014084507 0.1742957746478873
0 0.1857394366197183 0.9524647887323944 0.05721830985915493 0.19483568075117372
0 0.2944542253521127 0.9515845070422535 0.05193661971830986 0.22124413145539906
0 0.3529929577464789 0.9703638497652582 0.04401408450704225 0.1965962441314554
0 0.745818661971831 0.9556924882629108 0.04005281690140845 0.22241784037558684
0 0.898987676056338 0.9586267605633803 0.12191901408450705 0.20363849765258216
0 1.0376320422535212 0.960387323943662 0.12455985915492958 0.20715962441314553
0 1.075924295774648 0.21713615023474178 0.08142605633802817 0.3051643192488263
0 0.9973591549295775 0.6044600938967136 0.08274647887323944 0.2793427230046948
0 0.5805457746478874 1.0325704225352113 0.03609154929577465 0.1273474178403756
