0 0.0448943661971831 0.1414319248826291 0.2504203810007935 0.4394709906544116
0 0.012764084507042254 0.0005868544600938967 0.16240635383604443 0.07218275419339196
0 0.2649647887323944 0.0017605633802816902 0.5144080260612973 0.10269849732195993
0 0.5360915492957746 0.004694835680751174 0.773971790691331 0.10680475655183055
0 0.7944542253521126 0.0017605633802816902 0.999 0.13086751140646696
0 0.2966549295774648 0.25880281690140844 0.5157145004711366 0.35665563214970575
0 0.5347711267605634 0.32981220657276994 0.632687160595616 0.42586278626374835
0 0.6399647887323944 0.33098591549295775 0.7219894521176354 0.4211672617866825
0 0.5347711267605634 0.4336854460093897 0.6384089915815315 0.520285395865018
0 0.6452464788732394 0.4231220657276995 0.7206667048948621 0.508554505829972
0 0.7279929577464789 0.4107981220657277 0.8289049326770482 0.5202988273931539
0 0.7367957746478874 0.32511737089201875 0.7954503539724261 0.4094336165663779
0 0.5189260563380281 0.2511737089201878 0.5966025853625273 0.3296648041614318
0 0.6025528169014085 0.2576291079812207 0.6656678904855188 0.32320561672066833
0 0.6738556338028169 0.25410798122065725 0.7536646762175164 0.32496824648989403
0 0.8305457746478874 0.2711267605633803 0.936254161190736 0.3595826720888713
0 0.9480633802816901 0.27992957746478875 0.999 0.36075121503669905
0 0.8349471830985915 0.3644366197183099 0.9318508155003968 0.4422743916550949
0 0.9379401408450704 0.36561032863849763 0.9960660474732196 0.4452079751592497
0 0.8318661971830986 0.4424882629107981 0.9248099180470145 0.520280229892658
0 0.9322183098591549 0.4454225352112676 0.9982692701100971 0.5249733435826225
0 0.06866197183098592 0.5357981220657277 0.2931035818785955 0.8606010574401023
0 0.3089788732394366 0.5234741784037559 0.5179097804255107 0.8829087592849743
0 0.5497359154929577 0.7012910798122066 0.615955221868181 0.858743373779453
0 0.6690140845070423 0.6895539906103286 0.7343006099980163 0.8528817171416605
0 0.9172535211267606 0.6754694835680751 0.9745082510910533 0.8165050061716149
0 0.7491197183098591 0.6619718309859155 0.8381385916732791 0.7372875752165575
0 0.6558098591549296 0.5868544600938967 0.6960141681957944 0.6856884656924331
0 0.5981514084507042 0.6156103286384976 0.6485043347674072 0.6979955338446957
0 0.9322183098591549 0.5721830985915493 0.9859453264481253 0.6633966061627984
0 0.8362676056338029 0.5721830985915493 0.887836149821464 0.6405092822191365
0 0.852112676056338 0.6443661971830986 0.9137974856179328 0.7777908649077565
0 0.7662852112676056 0.22124413145539906 0.8368106139034914 0.27686546705900505
