0 0.1875 0.19248826291079812 0.24287522007042253 0.41655370407106174
0 0.9639084507042254 0.5046948356807511 0.999 0.6822155546738963
0 0.5871478873239436 0.4970657276995305 0.6630338257538188 0.7009993745729464
0 0.25044014084507044 0.20539906103286384 0.34892146120561396 0.45410481275760983
0 0.4898767605633803 0.49471830985915494 0.5816505824117238 0.6387941793956226
0 0.999 0.5181924882629108 0.999 0.6334987133284842
0 0.10431338028169014 0.5187793427230047 0.19977803108262251 0.7133105755030968
0 0.7711267605633803 0.5070422535211268 0.8328472153342591 0.7250545526681214
0 0.7433978873239436 0.20363849765258216 0.813493222760861 0.43180537646851375
0 0.664612676056338 0.1789906103286385 0.7277004345615949 0.42653815105027665
0 0.09242957746478873 0.20246478873239437 0.1702938250099187 0.4494116990676453
0 0.28036971830985913 0.5176056338028169 0.36695406262398333 0.7009873206374397
0 0.6795774647887324 0.4982394366197183 0.7448593409045824 0.6851536153540964
0 0.20246478873239437 0.5246478873239436 0.2749989151458044 0.69922262447927
0 0.00044014084507042255 0.2153755868544601 0.07174276402251538 0.444122432167339
0 0.5620598591549296 0.18427230046948356 0.660844163794386 0.4353378683682691
0 0.823943661971831 0.1960093896713615 0.890922560007935 0.44589436068681254
0 0.022887323943661973 0.5258215962441315 0.09946175733981354 0.7091984615045516
0 0.37059859154929575 0.5070422535211268 0.46902702526780404 0.69923295642399
0 0.8785211267605634 0.5099765258215962 0.9410745945744893 0.6939495442923581
0 0.38688380281690143 0.20539906103286384 0.4637381673403094 0.4388465967951685
0 0.3727992957746479 0.0005868544600938967 0.44173732425362033 0.12793392790231214
0 0.2790492957746479 0.002347417840375587 0.34758844661277527 0.1384962749895303
0 0.653169014084507 0.004694835680751174 0.7149413868776036 0.12323668143445966
0 0.5752640845070423 0.0029342723004694834 0.6489545492585796 0.12499827800921333
0 0.19630281690140844 0.0005868544600938967 0.26971993714044834 0.14143158048447177
0 0.4449823943661972 0.0005868544600938967 0.5130083704250149 0.12969449128259383
0 0.4850352112676056 0.7012910798122066 0.5891351077415196 0.7490015897418943
0 0.983274647887324 0.20833333333333334 0.999 0.43884487480438183
0 0.897887323943662 0.20950704225352113 0.9635132538186869 0.44060474938834887
0 0.1500880281690141 0.7987089201877934 0.2296874612552073 0.9666674243426128
0 0.23371478873239437 0.8057511737089202 0.30359431567397344 0.9543393479027531
0 0.534330985915493 0.8080985915492958 0.5908739740378893 0.9783990031739734
0 0.7561619718309859 0.8186619718309859 0.8170087315264828 0.9566791889836672
0 0.45774647887323944 0.8045774647887324 0.5288478228526086 0.9784010695629174
0 0.8433098591549296 0.8262910798122066 0.901477416435231 0.999
0 0.09242957746478873 0.8004694835680751 0.1496072052916088 0.9784034803500187
0 0.30985915492957744 0.7987089201877934 0.3968706605832176 0.9578646074412043
0 0.9181338028169014 0.8280516431924883 0.9943142016712954 0.9907112372985959
0 0.04401408450704225 0.7881455399061033 0.08756865577266415 0.9367440460446561
0 0.608274647887324 0.7998826291079812 0.6617041044683595 0.9666667355462981
0 0.6764964788732394 0.8169014084507042 0.7391388659864114 0.9948257620842424
0 0.01232394366197183 0.0005868544600938967 0.09374457572902202 0.140257871564284
0 0.10959507042253522 0.0005868544600938967 0.1896524669584408 0.1384973081840023
0 0.5171654929577465 0.005868544600938967 0.570194909554156 0.12675711939870837
0 0.721830985915493 0.0005868544600938967 0.7998583490378893 0.12147852884127928
0 0.8058978873239436 0.0005868544600938967 0.8838882491693116 0.12499965560184266
0 0.9132922535211268 0.0005868544600938967 0.9894747833391193 0.12676021898212436
0 0.999 0.0005868544600938967 0.999 0.12147852884127928
0 0.4665492957746479 0.18661971830985916 0.5350059202043245 0.4423787442967665
0 0.999 0.3145539906103286 0.999 0.4458247922590315
0 0.397887323943662 0.8045774647887324 0.452289662269391 0.9596217268399128
0 0.999 0.8685446009389671 0.999 0.9595841874407635
0 0.999 0.664906103286385 0.999 0.7560651959487756
