0 0.9313380281690141 0.7165492957746479 0.9868259955861931 0.9133118842160947
0 0.10475352112676056 0.06279342723004695 0.19977783735865898 0.31979883014833915
0 0.417693661971831 0.999 0.5028971418741321 0.999
0 0.5123239436619719 0.999 0.6023273222078952 0.999
0 0.21742957746478872 0.061619718309859156 0.2983197933197778 0.31099670204324537
0 0.3102992957746479 0.05516431924882629 0.39775074854939496 0.3074793636624127
0 0.4137323943661972 0.05868544600938967 0.4822122656714937 0.31275898741431374
0 0.4876760563380282 0.0534037558685446 0.5636057763836541 0.3039592700963213
0 0.44366197183098594 0.3779342723004695 0.5143293741321167 0.6511866582909034
0 0.789612676056338 0.3955399061032864 0.8588073887869471 0.6476551995856201
0 0.20950704225352113 0.3826291079812207 0.28159792823844476 0.6459022129647997
0 0.5237676056338029 0.397887323943662 0.5996814403144217 0.6593909111948687
0 0.3644366197183099 0.3890845070422535 0.4355790331779409 0.6547012414864776
0 0.5695422535211268 0.04753521126760563 0.6410345324588376 0.3039627140778946
0 0.6474471830985915 0.07805164319248827 0.7228664405003967 0.30746593213427675
0 0.6800176056338029 0.3984741784037559 0.7549823866172386 0.661151130176993
0 0.2918133802816901 0.3937793427230047 0.35902649058966474 0.6529379229209372
0 0.727112676056338 0.07394366197183098 0.7950144750545527 0.3109894696819414
0 0.12455985915492958 0.3855633802816901 0.19888883809016067 0.6547033078754216
0 0.610475352112676 0.4014084507042254 0.655541164017556 0.652933445744892
0 0.878080985915493 0.3873239436619718 0.9349128164674668 0.6547022746809494
0 0.9414612676056338 0.40023474178403756 0.9956243568364412 0.6435444631797042
0 0.9238556338028169 0.0733568075117371 0.9969525283301924 0.3092292506998171
0 0.9942781690140845 0.7171361502347418 0.999 0.9297434647005666
0 0.999 0.3984741784037559 0.999 0.6382638062333311
0 0.999 0.7183098591549296 0.999 0.9297427759042518
0 0.999 0.3931924882629108 0.999 0.6382669058167472
0 0.8455105633802817 0.7171361502347418 0.9270046168294981 0.9426542628226322
0 0.7618838028169014 0.715962441314554 0.8442949455093235 0.9561526042011065
0 0.3657570422535211 0.7188967136150235 0.4355784520060504 0.9702353892525734
0 0.2935739436619718 0.7247652582159625 0.3616665607642333 0.9737530720315635
0 0.610475352112676 0.7136150234741784 0.6630235583837533 0.9391352024510128
0 0.4441021126760563 0.7165492957746479 0.5209312930842095 0.9702367668452027
0 0.5338908450704225 0.721830985915493 0.5948354353674866 0.9614308503603782
0 0.6782570422535211 0.7147887323943662 0.7510218939074588 0.9502847483964822
0 0.00044014084507042255 0.8603286384976526 0.09242938374082524 0.9742603705173136
0 0.22095070422535212 0.7200704225352113 0.2868745815562388 0.9737558272168221
0 0.940580985915493 0.999 0.999 0.999
0 0.999 0.999 0.999 0.999
0 0.6258802816901409 0.999 0.7175942428337632 0.999
0 0.013644366197183098 0.15610328638497653 0.09242357202192025 0.33500228680376465
0 0.8072183098591549 0.09741784037558686 0.8469158370115056 0.31273625713592984
0 0.9973591549295775 0.11091549295774648 0.999 0.32329171626000136
0 0.999 0.09213615023474178 0.999 0.32036846470056646
0 0.051056338028169015 0.528755868544601 0.11837541534417774 0.6628352371663471
0 0.17297535211267606 0.7235915492957746 0.2155928805668518 0.9232842772598029
0 0.2790492957746479 0.999 0.3872011226691133 0.999
0 0.7438380281690141 0.999 0.8117324656566157 0.999
0 0.8613556338028169 0.999 0.9353603188231502 0.999
0 0.999 0.999 0.999 0.999
0 0.07966549295774648 0.999 0.15093324582176154 0.999
