0 0.16637323943661972 0.38967136150234744 0.22703944839813528 0.6165553571822169
0 0.22359154929577466 0.6977699530516432 0.2877537009025987 0.9080412148162842
0 0.7724471830985915 0.03873239436619718 0.8522128313454671 0.28694910070753155
0 0.577024647887324 0.040492957746478875 0.6542354645035707 0.2939903210341863
0 0.8926056338028169 0.41901408450704225 0.9599944517456854 0.6793315645043972
0 0.6804577464788732 0.06807511737089202 0.7563026154284864 0.2957346977010734
0 0.894806338028169 0.052230046948356805 0.9696765817174172 0.3057205222729176
0 0.20642605633802816 0.03169014084507042 0.30888801670055543 0.2799109799642928
0 0.6302816901408451 0.40199530516431925 0.707028925312438 0.6646701905486125
0 0.4110915492957746 0.09624413145539906 0.47297047026879585 0.2886759130683947
0 0.0840669014084507 0.06631455399061033 0.13904750576522515 0.2816512238532919
0 0.02112676056338028 0.06103286384976526 0.07305408153144217 0.2798937600564262
0 0.503080985915493 0.04929577464788732 0.5675602636505654 0.2922245916815447
0 0.397887323943662 0.3884976525821596 0.45581078902995437 0.62535886287994
0 0.2777288732394366 0.3796948356807512 0.35375099961565165 0.6236034654720183
0 0.7363556338028169 0.40375586854460094 0.8024928012175164 0.6188945094668166
0 0.2984154929577465 0.7541079812206573 0.35858344388514185 0.9185715328748705
0 0.4652288732394366 0.3937793427230047 0.5262036844748066 0.6235951999162423
0 0.15889084507042253 0.06396713615023474 0.2037152769167824 0.2869342915867663
0 0.5352112676056338 0.39436619718309857 0.5838313330688355 0.6494164517622165
0 0.05897887323943662 0.6983568075117371 0.12013249169311645 0.9197779596200049
0 0.23371478873239437 0.3761737089201878 0.27234431567397344 0.5989576445370187
0 0.11883802816901408 0.6954225352112676 0.18304628607915097 0.9321036252727634
0 0.04005281690140845 0.37734741784037557 0.1003344837953779 0.6077597726421125
0 0.5867077464788732 0.3967136150234742 0.6256220476467963 0.6441333840287422
0 0.34639084507042256 0.11150234741784038 0.3942137364238246 0.283385268575459
0 0.9938380281690141 0.0357981220657277 0.999 0.29927476636029005
0 0.8230633802816901 0.3996478873239437 0.8847609756248761 0.6676058404417113
0 0.9753521126760564 0.4225352112676056 0.999 0.6793294981154533
0 0.999 0.42664319248826293 0.999 0.7080829558729529
0 0.999 0.04812206572769953 0.999 0.3057229330600189
0 0.608274647887324 0.7400234741784038 0.6775491748908946 0.9737441176794728
0 0.8014964788732394 0.7599765258215962 0.8662845526061297 0.9907511874848465
0 0.5048415492957746 0.7400234741784038 0.5728411788955564 0.983720643501069
0 0.7024647887323944 0.7588028169014085 0.7782999714838326 0.9819490593797527
0 0.4238556338028169 0.7335680751173709 0.49585217621751637 0.9631845257775133
0 0.4793133802816901 0.999 0.5345601613643127 0.999
0 0.5338908450704225 0.999 0.5860326184660782 0.999
0 0.2953345070422535 0.999 0.348901701361337 0.999
0 0.999 0.9782863849765259 0.999 0.999
0 0.125 0.999 0.1856844190140845 0.999
0 0.12764084507042253 0.999 0.19228536934635987 0.999
0 0.0448943661971831 0.999 0.09901193029656814 0.999
0 0.00044014084507042255 0.999 0.036971637261951996 0.999
0 0.21434859154929578 0.999 0.2842366423452688 0.999
0 0.7865316901408451 0.999 0.947717195558917 0.999
