0 0.8890845070422535 0.9313380281690141 0.9296262832275342 0.999
0 0.999 0.15375586854460094 0.999 0.2886421620489762
0 0.999 0.4025821596244131 0.999 0.5637308790143049
0 0.5752640845070423 0.07453051643192488 0.6361904647515374 0.2505431158941127
0 0.2323943661971831 0.6666666666666666 0.2983132067050189 0.8493740219092332
0 0.670774647887324 0.6801643192488263 0.732979412566951 0.875187696995746
0 0.3362676056338028 0.06572769953051644 0.41226396672287247 0.24702715510590934
0 0.41813380281690143 0.0733568075117371 0.4857314551924221 0.24232784224911283
0 0.5061619718309859 0.0733568075117371 0.5697596118081729 0.2458489690096762
0 0.16901408450704225 0.6643192488262911 0.22439744098393175 0.8493753995018625
0 0.5246478873239436 0.6566901408450704 0.5855965458242413 0.8423376231567811
0 0.6038732394366197 0.6719483568075117 0.6683081543840508 0.8699108284291036
0 0.6584507042253521 0.10856807511737089 0.7118580762745488 0.2581522487822081
0 0.1795774647887324 0.06866197183098592 0.24683997470739932 0.2558282500165311
0 0.31514084507042256 0.6596244131455399 0.37442115279706406 0.8370542110251493
0 0.07878521126760564 0.38204225352112675 0.12100405580489983 0.5455504446869007
0 0.721830985915493 0.1068075117370892 0.784893560305495 0.26460868103771296
0 0.38028169014084506 0.37265258215962443 0.4267692422138465 0.5596404620996716
0 0.43309859154929575 0.3568075117370892 0.4910065587185083 0.5590629063898257
0 0.8054577464788732 0.11326291079812206 0.8596806964144019 0.2681260194185457
0 0.08758802816901408 0.036384976525821594 0.16105299822703828 0.22122277876964447
0 0.1267605633802817 0.3785211267605634 0.1702787145407657 0.5385102575547179
0 0.5726232394366197 0.38791079812206575 0.6190261341375719 0.536744183803919
0 0.5118838028169014 0.3814553990610329 0.5653556849459432 0.5432033712446825
0 0.006161971830985915 0.03345070422535211 0.0836240484278913 0.21946393738014944
0 0.11091549295774648 0.6948356807511737 0.16500399846260663 0.8440758006568362
0 0.4551056338028169 0.6543427230046949 0.5156447598442769 0.8352967472282836
0 0.8397887323943662 0.3902582159624413 0.890915585945249 0.5543484400141065
0 0.2746478873239437 0.09154929577464789 0.3299847500495933 0.24407772928651722
0 0.20378521126760563 0.3456572769953052 0.249030024114759 0.5338347081707774
0 0.3851232394366197 0.659037558685446 0.44085161829250147 0.835293992043025
0 0.7438380281690141 0.6660798122065728 0.796327536079151 0.8217922066829774
0 0.996919014084507 0.3937793427230047 0.999 0.5660834628270405
0 0.8745598591549296 0.6713615023474179 0.9287523944281888 0.8458501399634111
0 0.9322183098591549 0.6660798122065728 0.979343213772069 0.8217922066829774
0 0.9379401408450704 0.38028169014084506 0.9903442164873041 0.5660913839846592
0 0.9898767605633803 0.6854460093896714 0.999 0.8335179307456634
0 0.8631161971830986 0.1238262910798122 0.9067503889977188 0.27516207377284047
0 0.999 0.40316901408450706 0.999 0.5678385158368049
0 0.999 0.6807511737089202 0.999 0.8305864136304526
0 0.766725352112676 0.9419014084507042 0.8121625328555843 0.999
0 0.8213028169014085 0.9401408450704225 0.8587934406615751 0.999
0 0.8050176056338029 0.6572769953051644 0.8548393408425907 0.835295025237497
0 0.3675176056338028 0.9507042253521126 0.41489105739188653 0.999
0 0.2517605633802817 0.9507042253521126 0.2917025701745686 0.999
0 0.5924295774647887 0.9436619718309859 0.6388237545873834 0.999
0 0.31778169014084506 0.9460093896713615 0.3612157651011704 0.999
0 0.6650528169014085 0.9471830985915493 0.7070136211193215 0.999
0 0.19058098591549297 0.9454225352112676 0.23891259639704424 0.999
0 0.7134683098591549 0.9471830985915493 0.7576085086664353 0.999
0 0.12632042253521128 0.9530516431924883 0.17424017587036303 0.999
0 0.5391725352112676 0.948943661971831 0.5908718430742909 0.999
0 0.051056338028169015 0.647887323943662 0.10693175337234676 0.8388216623685777
0 0.999 0.16549295774647887 0.999 0.28511414732526613
0 0.6971830985915493 0.477112676056338 0.7756614511009721 0.5578185958473848
0 0.9713908450704225 0.9360328638497653 0.999 0.999
0 0.999 0.9419014084507042 0.999 0.999
