0 0.1036531690140845 0.3585680751173709 0.058538732394366196 0.2605633802816901
0 0.8202024647887324 0.3664906103286385 0.05941901408450704 0.27992957746478875
0 0.5647007042253521 0.3568075117370892 0.04753521126760563 0.28169014084507044
0 0.45048415492957744 0.37059859154929575 0.04533450704225352 0.26115023474178406
0 0.3380281690140845 0.3659037558685446 0.04841549295774648 0.25997652582159625
0 0.3926056338028169 0.369424882629108 0.05017605633802817 0.267018779342723
0 0.22755281690140844 0.36238262910798125 0.043133802816901406 0.2634976525821596
0 0.4918573943661972 0.6833920187793427 0.047975352112676055 0.13673708920187794
0 0.626100352112676 0.3597417840375587 0.05677816901408451 0.29694835680751175
0 0.17671654929577466 0.3647300469483568 0.05149647887323944 0.2482394366197183
0 0.2814700704225352 0.36795774647887325 0.04709507042253521 0.25586854460093894
0 0.11289612676056338 0.6628521126760564 0.04709507042253521 0.1402582159624413
0 0.363556338028169 0.6742957746478874 0.04225352112676056 0.1431924882629108
0 0.7433978873239436 0.6851525821596244 0.05545774647887324 0.12852112676056338
0 0.6927816901408451 0.36238262910798125 0.05017605633802817 0.2881455399061033
0 0.4253961267605634 0.6757629107981221 0.047975352112676055 0.1426056338028169
0 0.5495158450704225 0.6842723004694836 0.05149647887323944 0.13380281690140844
0 0.258362676056338 0.6605046948356808 0.04665492957746479 0.13673708920187794
0 0.19630281690140844 0.6566901408450704 0.043133802816901406 0.13380281690140844
0 0.8078785211267606 0.6960093896713615 0.050616197183098594 0.12793427230046947
0 0.3085387323943662 0.6684272300469484 0.04401408450704225 0.13849765258215962
0 0.8705985915492958 0.3967136150234742 0.03873239436619718 0.23708920187793428
0 1.033450704225352 0.37940140845070425 0.04665492957746479 0.267018779342723
0 0.9727112676056338 0.37588028169014087 0.04665492957746479 0.27406103286384975
0 1.0838468309859155 0.3799882629107981 0.04709507042253521 0.27992957746478875
0 0.918794014084507 0.3835093896713615 0.050616197183098594 0.27523474178403756
0 0.871919014084507 0.6948356807511737 0.04401408450704225 0.13732394366197184
0 0.9168133802816901 0.6910211267605634 0.03961267605633803 0.13086854460093897
0 1.0497359154929577 0.6960093896713615 0.04401408450704225 0.1431924882629108
0 0.1525088028169014 0.9069835680751174 0.058538732394366196 0.1402582159624413
0 0.6672535211267606 0.920481220657277 0.04841549295774648 0.14847417840375587
0 0.6054137323943662 0.9275234741784038 0.0488556338028169 0.1426056338028169
0 0.4828345070422535 0.9187206572769953 0.04753521126760563 0.13791079812206572
0 0.28829225352112675 0.9172535211267606 0.0448943661971831 0.13145539906103287
0 0.7253521126760564 0.9187206572769953 0.045774647887323945 0.14964788732394366
0 0.7786091549295775 0.9196009389671361 0.0528169014084507 0.1396713615023474
0 0.5462147887323944 0.9213615023474179 0.04665492957746479 0.1431924882629108
0 0.34639084507042256 0.9325117370892019 0.05193661971830986 0.13145539906103287
0 0.9911971830985915 0.9190140845070423 0.03697183098591549 0.10446009389671361
0 0.4141725352112676 0.9266431924882629 0.0528169014084507 0.1267605633802817
0 0.21764964788732394 0.9225352112676056 0.05765845070422535 0.13849765258215962
0 0.08868838028169014 0.9078638497652582 0.04181338028169014 0.15492957746478872
0 1.0382922535211268 0.9354460093896714 0.05017605633802817 0.1267605633802817
0 0.7372359154929577 0.3785211267605634 0.03873239436619718 0.25938967136150237
0 1.1276408450704225 0.37940140845070425 0.022007042253521125 0.2775821596244131
0 0.6225792253521126 0.6910211267605634 0.050616197183098594 0.1273474178403756
0 0.6784771126760564 0.6875 0.047975352112676055 0.1273474178403756
0 1.1012323943661972 0.7356220657276995 0.04401408450704225 0.2658450704225352
0 0.9480633802816901 0.9254694835680751 0.04401408450704225 0.11384976525821597
0 0.04929577464788732 0.6968896713615024 0.06866197183098592 0.11561032863849766
