0 0.3028169014084507 0.10446009389671361 0.3823491122793096 0.3561593544049902
0 0.9498239436619719 0.5715962441314554 0.999 0.6956739458661201
0 0.846830985915493 0.5187793427230047 0.9428491060801428 0.7033340496815006
0 0.8450704225352113 0.8961267605633803 0.9468111485816306 0.999
0 0.4027288732394366 0.18368544600938966 0.48969950313677835 0.3490706071326236
0 0.9247359154929577 0.23826291079812206 0.999 0.31676158279882743
0 0.5070422535211268 0.20422535211267606 0.5825233088672882 0.33380033723467567
0 0.21434859154929578 0.1068075117370892 0.2956803043170998 0.35263685005179746
0 0.6769366197183099 0.5487089201877934 0.8399309257835746 0.7625887858449601
0 0.4709507042253521 0.551056338028169 0.6388772224013093 0.761413699332143
0 0.7847711267605634 0.1068075117370892 0.9076651535533625 0.21472605192973176
0 0.31866197183098594 0.5023474178403756 0.4131519973715532 0.5830385285106571
0 0.6901408450704225 0.24237089201877934 0.7699427196984726 0.32908311567369786
0 0.7944542253521126 0.2282863849765258 0.9050200465557429 0.33026509014966166
0 0.15096830985915494 0.6115023474178404 0.23760960901854788 0.6621998225660694
0 0.06690140845070422 0.7846244131455399 0.18438956804205514 0.8733658307434592
0 0.09595070422535211 0.14847417840375587 0.2002218526829994 0.24287061374506821
0 0.09198943661971831 0.32629107981220656 0.1984630328183892 0.3742216601644294
0 0.6060739436619719 0.05046948356807512 0.6837121153416981 0.19363235358945535
0 0.5308098591549296 0.058098591549295774 0.5860339745338227 0.18365135059181378
0 0.6065140845070423 0.20246478873239437 0.6621450202092838 0.31560888216623684
0 0.9308978873239436 0.11854460093896714 0.999 0.20709005598536448
0 0.9652288732394366 0.4818075117370892 0.999 0.5660318031034407
0 0.999 0.57981220657277 0.999 0.6886268707707907
0 0.999 0.09213615023474178 0.999 0.20358442714188102
0 0.9445422535211268 0.2846244131455399 0.999 0.32788461008618214
0 0.9203345070422535 0.004694835680751174 0.999 0.0798094513875113
0 0.999 0.4653755868544601 0.999 0.5678020096321277
0 0.33098591549295775 0.9154929577464789 0.4100655871850823 0.999
0 0.19190140845070422 0.8204225352112676 0.30757398705613964 0.890363601798585
0 0.36795774647887325 0.7353286384976526 0.47739086366792305 0.8141224597191916
0 0.5220070422535211 0.9019953051643192 0.6036434828159095 0.999
0 0.4242957746478873 0.9137323943661971 0.5099364895358064 0.999
0 0.11619718309859155 0.999 0.19361082870462212 0.999
0 0.7367957746478874 0.9330985915492958 0.8302214807329895 0.999
0 0.2007042253521127 0.7411971830985915 0.30448912666137673 0.7994476542352708
0 0.03873239436619718 0.999 0.10693717764332474 0.999
0 0.9643485915492958 0.8990610328638498 0.999 0.9842141660605259
0 0.9463028169014085 0.8092723004694836 0.999 0.8821541829222597
0 0.999 0.7857981220657277 0.999 0.8768862687077079
0 0.43045774647887325 0.005868544600938967 0.5222577210622893 0.17487918512640788
0 0.0977112676056338 0.057511737089201875 0.20242178201249753 0.1349427748021777
0 0.0017605633802816902 0.07629107981220658 0.08362598566752628 0.2211993596949459
0 0.00044014084507042255 0.2904929577464789 0.06778149641688158 0.39302201117503144
0 0.3538732394366197 0.6390845070422535 0.47563649945447334 0.72321649970244
0 0.0017605633802816902 0.5387323943661971 0.124999225104146 0.664589945777954
0 0.136443661971831 0.5093896713615024 0.273707551205118 0.6006400295355859
0 0.7618838028169014 0.002347417840375587 0.8922702976219996 0.09741646278295753
0 0.999 0.2130281690140845 0.999 0.3238186454407194
0 0.20994718309859156 0.9911971830985915 0.319889988035608 0.999
0 0.6338028169014085 0.9806338028169014 0.7149499107319977 0.999
0 0.6311619718309859 0.8703051643192489 0.7228736082870462 0.9754282246688267
0 0.31778169014084506 0.5874413145539906 0.4250361876363817 0.6387397644867641
0 0.005721830985915493 0.2300469483568075 0.07702212947579845 0.27803401000683287
