0 0.39348591549295775 0.10152582159624413 0.48838314880480066 0.3954803252220679
0 0.07394366197183098 0.08685446009389672 0.16898153888117437 0.3990100619365646
0 0.6936619718309859 0.5217136150234741 0.7637791980757785 0.7995764591461131
0 0.6029929577464789 0.49061032863849763 0.6815127671840905 0.8060501113094845
0 0.2878521126760563 0.09330985915492958 0.37971485382364606 0.4113302172188058
0 0.5189260563380281 0.5123239436619719 0.5895603318414006 0.7702392465119354
0 0.3512323943661972 0.5029342723004695 0.414898225178536 0.768484193502171
0 0.672975352112676 0.12910798122065728 0.7642284439471335 0.40778808217064516
0 0.4375 0.5134976525821596 0.5116912411971831 0.7596751774339306
0 0.20598591549295775 0.10446009389671361 0.282919900565364 0.39547860323128126
0 0.5022007042253521 0.1449530516431925 0.5856064257463797 0.4060182200401155
0 0.2367957746478873 0.5017605633802817 0.3189978891836937 0.7943064785426173
0 0.7768485915492958 0.5381455399061033 0.8368059645283674 0.8077827784390222
0 0.12720070422535212 0.5035211267605634 0.19096514053511207 0.7491176519209152
0 0.5999119718309859 0.13321596244131456 0.666989475364511 0.3972222911018537
0 0.983274647887324 0.20774647887323944 0.999 0.42476071216028566
0 0.8411091549295775 0.142018779342723 0.9155628920973021 0.41130163217174726
0 0.19586267605633803 0.5046948356807511 0.23230815903342591 0.7526380898851639
0 0.00044014084507042255 0.10387323943661972 0.06558079219152946 0.3937183842491569
0 0.999 0.18016431924882628 0.999 0.43357971577508875
0 0.8503521126760564 0.5299295774647887 0.928322908401111 0.8077876000132249
0 0.9515845070422535 0.5352112676056338 0.999 0.7978079746082126
0 0.999 0.539906103286385 0.999 0.8060211818642686
0 0.9181338028169014 0.22359154929577466 0.9643846242065066 0.4153617420485354
0 0.7676056338028169 0.14906103286384975 0.8055600327316009 0.41129749939385923
0 0.09330985915492958 0.8902582159624414 0.16985329671692123 0.999
0 0.7610035211267606 0.8961267605633803 0.8420946287318984 0.999
0 0.6866197183098591 0.9002347417840375 0.7536590582225748 0.999
0 0.4903169014084507 0.903755868544601 0.5688863041807181 0.999
0 0.3085387323943662 0.8931924882629108 0.3709029318959532 0.999
0 0.8556338028169014 0.8967136150234741 0.9270001611783376 0.999
0 0.3926056338028169 0.8814553990610329 0.4676969165344178 0.999
0 0.22931338028169015 0.8884976525821596 0.2983145627727633 0.999
0 0.01056338028169014 0.9242957746478874 0.07657985766712953 0.999
0 0.9546654929577465 0.9049295774647887 0.999 0.999
0 0.999 0.892018779342723 0.999 0.999
0 0.0044014084507042256 0.5046948356807511 0.038290316281491765 0.7338587471621592
0 0.999 0.2699530516431925 0.999 0.4264847693358902
