0 0.27420774647887325 0.07453051643192488 0.35727367616792305 0.22530837411007515
0 0.9555457746478874 0.8914319248826291 0.999 0.999
0 0.8741197183098591 0.0880281690140845 0.9723265318141242 0.27166195529987436
0 0.16681338028169015 0.04870892018779343 0.24816601523755205 0.21769441964777714
0 0.3023767605633803 0.8368544600938967 0.343616911637076 0.999
0 0.999 0.9530516431924883 0.999 0.999
0 0.7279929577464789 0.46068075117370894 0.8223028200009919 0.7767249526108136
0 0.304137323943662 0.4477699530516432 0.3616619113891093 0.7579531866472702
0 0.00044014084507042255 0.34624413145539906 0.029049102050684387 0.6388813121294276
0 0.7570422535211268 0.08744131455399061 0.8614625694306685 0.2575777926557782
0 0.6492077464788732 0.42018779342723006 0.7008586233510217 0.745645429698693
0 0.4564260563380282 0.4325117370892019 0.4989188265597104 0.7597227043796424
0 0.37191901408450706 0.06866197183098592 0.4470194018423924 0.2405700340540898
0 0.5308098591549296 0.08215962441314555 0.6102417210126959 0.2370409861359078
0 0.5875880281690141 0.4477699530516432 0.6229808151284467 0.7268499002622937
0 0.10167253521126761 0.09096244131455399 0.16016651737006546 0.21062736945932245
0 0.035651408450704226 0.06748826291079812 0.08801247737304106 0.21944396228702417
0 0.6298415492957746 0.07805164319248827 0.7422403866420353 0.25582273964601376
0 0.8305457746478874 0.44835680751173707 0.9380147245710176 0.7837744384932442
0 0.375 0.4477699530516432 0.426331426056338 0.7544320598867068
0 0.25880281690140844 0.4471830985915493 0.2947804565066455 0.7133525920782914
0 0.5162852112676056 0.43720657276995306 0.5635931843260266 0.7738044562366373
0 0.03389084507042254 0.3503521126760563 0.07436888607171196 0.6265549576803544
0 0.21963028169014084 0.42664319248826293 0.2582660077985519 0.7116040826335163
0 0.4397007042253521 0.02992957746478873 0.5182923852534219 0.21477116808834226
0 0.999 0.7089201877934272 0.999 0.8405464083404969
0 0.977112676056338 0.05457746478873239 0.999 0.27344214937512396
0 0.4027288732394366 0.8556338028169014 0.45052696792551084 0.999
0 0.6148767605633803 0.8650234741784038 0.655539226777921 0.999
0 0.5572183098591549 0.8585680751173709 0.6062688299692521 0.999
0 0.4546654929577465 0.8562206572769953 0.4989196014555644 0.999
0 0.5105633802816901 0.8585680751173709 0.5442295055544535 0.999
0 0.3569542253521127 0.8503521126760564 0.39949077718954573 0.999
0 0.20642605633802816 0.8186619718309859 0.2507894251512597 0.999
0 0.7882922535211268 0.9055164319248826 0.8376812093954572 0.999
0 0.8626760563380281 0.8931924882629108 0.9225956531442174 0.999
0 0.7288732394366197 0.8896713615023474 0.7804890522713748 0.999
0 0.07570422535211267 0.4923708920187793 0.20507231328109501 0.6370349936079702
0 0.0017605633802816902 0.7946009389671361 0.10035133778020233 0.9784069243315922
0 0.13380281690140844 0.3855633802816901 0.17907843185875816 0.49038405904913046
