0 0.706205985915493 0.26936619718309857 0.05941901408450704 0.2323943661971831
0 0.4372799295774648 0.6176643192488263 0.055897887323943664 0.2564553990610329
0 0.10277288732394366 0.29518779342723006 0.07262323943661972 0.24647887323943662
0 0.6738556338028169 0.6029929577464789 0.05457746478873239 0.24471830985915494
0 0.18309859154929578 0.2796361502347418 0.07042253521126761 0.2353286384976526
0 0.5840669014084507 0.6147300469483568 0.0801056338028169 0.24119718309859156
0 0.3595950704225352 0.6226525821596244 0.06954225352112677 0.25704225352112675
0 0.8272447183098591 0.26261737089201875 0.07086267605633803 0.2177230046948357
0 0.5002200704225352 0.6176643192488263 0.05501760563380282 0.2634976525821596
0 0.9168133802816901 0.2904929577464789 0.06778169014084508 0.1619718309859155
0 0.5477552816901409 0.2705399061032864 0.07878521126760564 0.23708920187793428
0 0.07900528169014084 0.6258802816901409 0.058538732394366196 0.23650234741784038
0 0.30303697183098594 0.29284037558685444 0.055897887323943664 0.1983568075117371
0 0.8325264084507042 0.5980046948356808 0.058538732394366196 0.25
0 0.7566021126760564 0.6068075117370892 0.06690140845070422 0.25704225352112675
0 0.40162852112676056 0.2811032863849765 0.07350352112676056 0.22183098591549297
0 0.20840669014084506 0.6203051643192489 0.058538732394366196 0.21009389671361503
0 0.4663292253521127 0.2857981220657277 0.05501760563380282 0.20657276995305165
0 0.2713468309859155 0.6197183098591549 0.05413732394366197 0.22535211267605634
0 0.24317781690140844 0.3019366197183099 0.04357394366197183 0.20129107981220656
0 0.12940140845070422 0.6261737089201878 0.032570422535211266 0.22887323943661972
0 0.6439260563380281 0.2925469483568075 0.04137323943661972 0.19307511737089203
0 0.04511443661971831 0.30927230046948356 0.03301056338028169 0.19718309859154928
0 0.028169014084507043 0.6203051643192489 0.030809859154929578 0.20657276995305165
0 0.9872359154929577 0.2822769953051643 0.06690140845070422 0.17136150234741784
0 0.9238556338028169 0.647887323943662 0.08098591549295775 0.1643192488262911
0 1.0356514084507042 0.6505281690140845 0.09859154929577464 0.14964788732394366
0 0.7660651408450704 0.27992957746478875 0.04621478873239437 0.19718309859154928
0 0.4359595070422535 0.8993544600938967 0.07174295774647887 0.18016431924882628
0 0.07196302816901408 0.8928990610328639 0.06998239436619719 0.14847417840375587
0 0.5165052816901409 0.9011150234741784 0.0664612676056338 0.18016431924882628
0 0.23173415492957747 0.8846830985915493 0.058538732394366196 0.15082159624413147
0 0.5977112676056338 0.8946596244131455 0.0721830985915493 0.16842723004694835
0 0.7535211267605634 0.8846830985915493 0.06338028169014084 0.15082159624413147
0 0.058098591549295774 1.0877347417840375 0.056338028169014086 0.09213615023474178
0 0.15184859154929578 0.891725352112676 0.07306338028169014 0.1437793427230047
0 0.8334066901408451 0.8873239436619719 0.06910211267605634 0.15258215962441316
0 0.9306778169014085 0.9242957746478874 0.08670774647887323 0.13380281690140844
0 0.30127640845070425 0.8949530516431925 0.06910211267605634 0.15140845070422534
0 0.6815580985915493 0.8688380281690141 0.05677816901408451 0.1238262910798122
0 1.0341109154929577 0.9298708920187794 0.08230633802816902 0.13673708920187794
0 0.3494718309859155 0.2990023474178404 0.01936619718309859 0.19307511737089203
0 1.0607394366197183 0.5252347417840375 0.08274647887323944 0.05868544600938967
0 0.20906690140845072 1.1006455399061033 0.0625 0.08039906103286384
0 1.1203785211267605 0.5977112676056338 0.0409330985915493 0.061619718309859156
0 1.1087147887323943 0.10651408450704225 0.06426056338028169 0.14612676056338028
0 1.126100352112676 0.5187793427230047 0.02948943661971831 0.05985915492957746
0 0.016725352112676055 0.8890845070422535 0.032570422535211266 0.09624413145539906
