0 0.29973591549295775 0.11795774647887323 0.3911532852484626 0.3496960341863387
0 0.7425176056338029 0.54518779342723 0.8174548778144217 0.747332636271463
0 0.9454225352112676 0.8591549295774648 0.999 0.999
0 0.999 0.8303990610328639 0.999 0.999
0 0.40492957746478875 0.11267605633802817 0.4985013514183694 0.3602625140514448
0 0.25132042253521125 0.4753521126760563 0.34055839770134894 0.7297679858493685
0 0.7605633802816901 0.12147887323943662 0.8500173576671296 0.3661258926800238
0 0.1382042253521127 0.4595070422535211 0.23761522701348942 0.7332984113601798
0 0.21346830985915494 0.09741784037558686 0.2811560438777028 0.3532292148824087
0 0.5189260563380281 0.48532863849765256 0.6023244163484428 0.7526494550243559
0 0.03477112676056338 0.45598591549295775 0.12894596341251735 0.7338873322092178
0 0.5444542253521126 0.09213615023474178 0.629601912752926 0.3538191689259186
0 0.34639084507042256 0.48826291079812206 0.42634401811396544 0.742671207211973
0 0.6606514084507042 0.1255868544600939 0.7378254175138861 0.3655366274328286
0 0.14524647887323944 0.11208920187793427 0.19931987390894665 0.3543943138486632
0 0.43221830985915494 0.482981220657277 0.5028907489833366 0.7438480157155768
0 0.05457746478873239 0.1068075117370892 0.11793372470739932 0.3473551599109524
0 0.6668133802816901 0.5487089201877934 0.718896649040369 0.7355934806806409
0 0.8098591549295775 0.5328638497652582 0.87332312537195 0.7467530141726729
0 0.0008802816901408451 0.1056338028169014 0.0488552463548899 0.33913988626595254
0 0.6126760563380281 0.556924882629108 0.6542197728625273 0.7303069689655932
0 0.999 0.5252347417840375 0.999 0.7526260359496573
0 0.9621478873239436 0.1742957746478873 0.999 0.3666817513059578
0 0.8798415492957746 0.16960093896713616 0.94239443593781 0.3801821590733761
0 0.8970070422535211 0.5181924882629108 0.9687953314074589 0.7438273518261368
0 0.999 0.1596244131455399 0.999 0.38723026736317745
0 0.08494718309859155 0.8268779342723005 0.16237458310603056 0.999
0 0.1817781690140845 0.8380281690140845 0.26356435820025786 0.999
0 0.480193661971831 0.8503521126760564 0.5499647034938505 0.999
0 0.5620598591549296 0.840962441314554 0.6511610652028368 0.999
0 0.2755281690140845 0.8268779342723005 0.35815337668617336 0.999
0 0.659330985915493 0.8491784037558685 0.7259421958688753 0.999
0 0.0044014084507042256 0.818075117370892 0.07658256980261852 0.999
0 0.7429577464788732 0.840962441314554 0.8209758108510217 0.999
0 0.38116197183098594 0.8667840375586855 0.46242026321662366 0.999
0 0.8274647887323944 0.8221830985915493 0.9019245313429874 0.999
