0 0.18265845070422534 0.7062793427230047 0.12323943661971831 0.306924882629108
0 0.8371478873239436 0.2353286384976526 0.13028169014084506 0.38967136150234744
0 0.6670334507042254 0.24178403755868544 0.1324823943661972 0.3568075117370892
0 0.5074823943661971 0.2262323943661972 0.17869718309859156 0.38438967136150237
0 0.1701144366197183 0.22007042253521128 0.1289612676056338 0.3931924882629108
0 0.3241637323943662 0.22183098591549297 0.16505281690140844 0.38967136150234744
0 0.6078345070422535 0.6681338028169014 0.17781690140845072 0.06279342723004695
0 0.8193221830985915 0.6047535211267606 0.1949823943661972 0.06514084507042253
0 0.6183978873239436 0.7505868544600939 0.19806338028169015 0.0880281690140845
0 0.3987676056338028 0.7230046948356808 0.21214788732394366 0.07746478873239436
0 0.8587147887323944 0.7579225352112676 0.25088028169014087 0.0698356807511737
0 0.05743838028169014 0.6957159624413145 0.09727112676056338 0.3198356807511737
0 0.04841549295774648 0.22593896713615025 0.08450704225352113 0.37089201877934275
0 0.9700704225352113 0.2661384976525822 0.11355633802816902 0.3421361502347418
0 0.8397887323943662 0.6801643192488263 0.24911971830985916 0.07394366197183098
0 0.6175176056338029 0.8389084507042254 0.19718309859154928 0.08392018779342723
0 0.38534330985915494 0.8101525821596244 0.2363556338028169 0.08274647887323944
0 0.8615757042253521 0.8359741784037559 0.23987676056338028 0.07570422535211267
0 1.034330985915493 0.7488262910798122 0.09683098591549295 0.21948356807511737
0 0.23943661971830985 1.0765845070422535 0.1073943661971831 0.11561032863849766
0 0.35079225352112675 1.0724765258215962 0.07130281690140845 0.13438967136150234
0 0.47315140845070425 1.068075117370892 0.0880281690140845 0.1431924882629108
0 0.7902728873239436 1.0695422535211268 0.09551056338028169 0.1426056338028169
0 0.954225352112676 1.0663145539906103 0.1073943661971831 0.1467136150234742
0 0.144806338028169 1.0645539906103287 0.06514084507042253 0.1396713615023474
