0 0.8789612676056338 0.15023474178403756 0.919507499442075 0.42127333641914083
0 0.7909330985915493 0.12030516431924883 0.8755321597277326 0.42481202748572816
0 0.25132042253521125 0.05516431924882629 0.3282344540393771 0.3937469692962155
0 0.4278169014084507 0.5428403755868545 0.5231391650962111 0.9087189903899139
0 0.8679577464788732 0.5475352112676056 0.9635264270482047 0.9169321976459697
0 0.3032570422535211 0.4982394366197183 0.40963765094971233 0.9333930519738147
0 0.11619718309859155 0.0017605633802816902 0.22177984278912916 0.3802806569463731
0 0.71875 0.10093896713615023 0.7835744938380281 0.4148468668033239
0 0.6461267605633803 0.09976525821596244 0.7136240639258083 0.4078053020785118
0 0.46742957746478875 0.2323943661971831 0.5182801806437215 0.40596690471467306
0 0.5259683098591549 0.2323943661971831 0.5750325843706606 0.400685214573828
0 0.5387323943661971 0.5516431924882629 0.6075973889109304 0.8981504441358638
0 0.21434859154929578 0.6678403755868545 0.28159579727484624 0.9074719246622143
0 0.6285211267605634 0.5580985915492958 0.7448818128843484 0.9151654350988561
0 0.03125 0.198943661971831 0.0888946963028169 0.5268785541889837
0 0.9295774647887324 0.08098591549295775 0.999 0.4248351021622694
0 0.9947183098591549 0.573943661971831 0.999 0.9116350095880448
0 0.999 0.5950704225352113 0.999 0.9034066488130662
0 0.999 0.20422535211267606 0.999 0.43884728559148317
0 0.7491197183098591 0.5580985915492958 0.8121702818141242 0.8805410219533162
