0 0.3617957746478873 0.5921361502347418 0.4342597729865106 0.8077510938085477
0 0.7618838028169014 0.18720657276995306 0.835492128607915 0.30916243745729466
0 0.999 0.5915492957746479 0.999 0.6903805461879257
0 0.28741197183098594 0.5886150234741784 0.3590284278292997 0.7649127846106373
0 0.46830985915492956 0.5903755868544601 0.5424875396746677 0.7672591692565408
0 0.31117957746478875 0.8855633802816901 0.37442289631273556 0.999
0 0.20378521126760563 0.5886150234741784 0.26575537622743506 0.7819315639533603
0 0.4586267605633803 0.892018779342723 0.5169636325877802 0.999
0 0.34815140845070425 0.0017605633802816902 0.4263432432181115 0.2353276053031806
0 0.6584507042253521 0.4119718309859155 0.7202207523308868 0.5320352277987173
0 0.25 0.29401408450704225 0.3269146126760563 0.5233016349269325
0 0.457306338028169 0.005868544600938967 0.523566326435727 0.2230012508541074
0 0.5602992957746479 0.2904929577464789 0.6348766288310851 0.5414961895787873
0 0.5532570422535211 0.004107981220657277 0.629598038273656 0.22124172066829773
0 0.022887323943661973 0.0011737089201877935 0.07965541931164452 0.23298053186096232
0 0.00044014084507042255 0.30809859154929575 0.06161952458589566 0.5385515853335978
0 0.3336267605633803 0.3051643192488263 0.3915785093483436 0.5162528378408164
0 0.2125880281690141 0.009389671361502348 0.2609099524523904 0.23825740042760477
0 0.4705105633802817 0.284037558685446 0.544247134435132 0.5303497432167339
0 0.13380281690140844 0.005868544600938967 0.20240589664749056 0.23180406775551587
0 0.1505281690140845 0.29460093896713613 0.2516943097847649 0.5233012905287752
0 0.3970070422535211 0.2887323943661972 0.4663745567595715 0.5250652978906302
0 0.8199823943661971 0.6132629107981221 0.8689172612700853 0.7197105264607992
0 0.582306338028169 0.5892018779342723 0.6348669426329101 0.7578701866913531
0 0.0017605633802816902 0.596830985915493 0.09242880256893474 0.780166178998876
0 0.9357394366197183 0.5980046948356808 0.9784613822902202 0.6886161944279133
0 0.999 0.20011737089201878 0.999 0.30211260717670657
0 0.999 0.20598591549295775 0.999 0.3079777077960722
0 0.9515845070422535 0.7857981220657277 0.9965001828754215 0.848130400163107
0 0.977112676056338 0.4102112676056338 0.999 0.5355573877537526
0 0.7051056338028169 0.2007042253521127 0.7527706401259671 0.32969442240296243
0 0.7962147887323944 0.41725352112676056 0.8728889899697481 0.5320321282153012
0 0.8512323943661971 0.20950704225352113 0.89311125334755 0.3062150780268465
0 0.5536971830985915 0.8949530516431925 0.6159534783525095 0.999
0 0.17693661971830985 0.8732394366197183 0.23759817930470145 0.999
0 0.8670774647887324 0.9642018779342723 0.9247944201299346 0.999
0 0.10255281690140845 0.8738262910798122 0.17160979189396944 0.999
0 0.39348591549295775 0.8890845070422535 0.4470099093681809 0.999
0 0.8028169014084507 0.954225352112676 0.8610022812933942 0.999
0 0.00044014084507042255 0.8703051643192489 0.06778149641688158 0.999
0 0.9269366197183099 0.9647887323943662 0.9912293412765325 0.999
0 0.9348591549295775 0.999 0.999 0.999
0 0.999 0.7846244131455399 0.999 0.851652215719985
0 0.852112676056338 0.7805164319248826 0.9027939644911723 0.8352227016244572
0 0.7508802816901409 0.7734741784037559 0.7936835914253124 0.841682233463378
0 0.999 0.7846244131455399 0.999 0.8487179434195155
0 0.08626760563380281 0.005868544600938967 0.12892329770878794 0.23356463113579756
0 0.2649647887323944 0.005868544600938967 0.34231295563876213 0.2300435043752342
0 0.6632922535211268 0.0005868544600938967 0.7444263678461615 0.12969449128259383
0 0.7891725352112676 0.0005868544600938967 0.8618885684264035 0.1332156180431572
0 0.8798415492957746 0.0005868544600938967 0.94239443593781 0.13497618142343892
0 0.9546654929577465 0.002347417840375587 0.999 0.13321458484868523
0 0.999 0.0005868544600938967 0.999 0.14377899832484736
0 0.999 0.007629107981220657 0.999 0.13321148526526924
0 0.06029929577464789 0.3057511737089202 0.11573050207052171 0.5438346530670722
0 0.727112676056338 0.4231220657276995 0.7743278553362428 0.537310374374573
0 0.999 0.42664319248826293 0.999 0.5384820169058168
0 0.9859154929577465 0.5927230046948356 0.999 0.6768822048094514
0 0.7125880281690141 0.5839201877934272 0.756288473579151 0.6851033332231259
0 0.6465669014084507 0.5974178403755869 0.6902964054131124 0.7161986984504838
0 0.2623239436619718 0.880868544600939 0.3097436954473319 0.999
0 0.6518485915492958 0.95481220657277 0.7215440807255505 0.999
0 0.727112676056338 0.9583333333333334 0.7950144750545527 0.999
0 0.999 0.95481220657277 0.999 0.9923974106768939
0 0.999 0.9530516431924883 0.999 0.999
