0 1.0587588028169015 0.9527582159624414 0.055897887323943664 0.22593896713615025
0 0.639524647887324 0.9366197183098591 0.10211267605633803 0.24413145539906103
0 0.2836707746478873 0.5915492957746479 0.042693661971830985 0.24413145539906103
0 0.8648767605633803 0.6188380281690141 0.07834507042253522 0.23767605633802816
0 0.4876760563380282 0.6071009389671361 0.06954225352112677 0.24706572769953053
0 0.563600352112676 0.6053403755868545 0.06998239436619719 0.2505868544600939
0 0.19036091549295775 0.2632042253521127 0.04533450704225352 0.2142018779342723
0 0.38798415492957744 0.2494131455399061 0.0664612676056338 0.2476525821596244
0 0.8670774647887324 0.2822769953051643 0.06954225352112677 0.22652582159624413
0 0.24493838028169015 0.26379107981220656 0.04709507042253521 0.21185446009389672
0 0.7825704225352113 0.6156103286384976 0.06690140845070422 0.2300469483568075
0 0.6335827464788732 0.6126760563380281 0.06734154929577464 0.24647887323943662
0 0.5966109154929577 0.272887323943662 0.0664612676056338 0.2136150234741784
0 0.664612676056338 0.25880281690140844 0.04929577464788732 0.2535211267605634
0 0.4128521126760563 0.5947769953051644 0.06866197183098592 0.25410798122065725
0 0.31954225352112675 0.26467136150234744 0.056338028169014086 0.2112676056338028
0 0.7064260563380281 0.6120892018779343 0.06954225352112677 0.23708920187793428
0 0.7231514084507042 0.2743544600938967 0.05369718309859155 0.23884976525821597
0 0.18045774647887325 0.5839201877934272 0.07306338028169014 0.25586854460093894
0 0.4964788732394366 0.2934272300469484 0.1267605633802817 0.17488262910798122
0 0.09837147887323944 0.5950704225352113 0.04709507042253521 0.20774647887323944
0 0.032570422535211266 0.5724765258215962 0.05985915492957746 0.2142018779342723
0 0.9597271126760564 0.6285211267605634 0.10167253521126761 0.23826291079812206
0 0.7898327464788732 0.2778755868544601 0.0682218309859155 0.2282863849765258
0 1.0068221830985915 0.2981220657276995 0.07174295774647887 0.24647887323943662
0 1.0462147887323943 0.6267605633802817 0.06338028169014084 0.24178403755868544
0 0.9359595070422535 0.2878521126760563 0.053257042253521125 0.22946009389671362
0 0.8248239436619719 0.9457159624413145 0.061619718309859156 0.24471830985915494
0 0.33934859154929575 0.9198943661971831 0.07394366197183098 0.2494131455399061
0 0.1599911971830986 0.9078638497652582 0.08934859154929578 0.2511737089201878
0 0.07152288732394366 0.9113849765258216 0.06294014084507042 0.2535211267605634
0 0.43287852112676056 0.9198943661971831 0.09991197183098592 0.2353286384976526
0 0.2607834507042254 0.9151995305164319 0.06470070422535211 0.2482394366197183
0 0.742737676056338 0.9580399061032864 0.06294014084507042 0.2153755868544601
0 0.9828345070422535 0.954225352112676 0.08098591549295775 0.2476525821596244
0 0.5387323943661971 0.9228286384976526 0.0818661971830986 0.22593896713615025
0 0.9080105633802817 0.9498239436619719 0.06778169014084508 0.2482394366197183
0 1.0569982394366197 0.346537558685446 0.023327464788732395 0.13321596244131456
0 0.34242957746478875 0.5933098591549296 0.0625 0.25704225352112675
0 1.111355633802817 0.9292840375586855 0.03873239436619718 0.2142018779342723
