0 0.00044014084507042255 0.08509389671361503 0.03961248233237453 0.3092223627366704
0 0.045774647887323945 0.07805164319248827 0.11441647242610595 0.31098705889484013
0 0.136443661971831 0.07453051643192488 0.1949223399375124 0.30394687176265733
0 0.21830985915492956 0.08509389671361503 0.28687574390001985 0.31802517963807886
0 0.32438380281690143 0.11971830985915492 0.3783783521994644 0.3127231700059512
0 0.3851232394366197 0.09389671361502347 0.4456931675882761 0.3180200136657189
0 0.4524647887323944 0.09741784037558686 0.5156459221880579 0.31449682051621153
0 0.5290492957746479 0.08333333333333333 0.5996791156268597 0.305702269170579
0 0.6012323943661971 0.08333333333333333 0.6722705843334655 0.3074628325508607
0 0.6852992957746479 0.11619718309859155 0.7510187943240428 0.3092041096343318
0 0.7592429577464789 0.08685446009389672 0.8368137134869074 0.31450301968304345
0 0.9132922535211268 0.1056338028169014 0.9789114030574292 0.2904309660781591
0 0.9806338028169014 0.09859154929577464 0.999 0.3109750049593335
0 0.999 0.09859154929577464 0.999 0.3268200753818687
0 0.0008802816901408451 0.4025821596244131 0.060298908326720885 0.6282848696246336
0 0.056338028169014086 0.39906103286384975 0.11837309065661575 0.6235921003328264
0 0.14040492957746478 0.39906103286384975 0.19360017388662965 0.631808062774141
0 0.19762323943661972 0.3955399061032864 0.26839893343334653 0.620073039961207
0 0.37588028169014087 0.3937793427230047 0.4562606160731998 0.637092852498402
0 0.46170774647887325 0.4025821596244131 0.523564389196092 0.5942473109391875
0 0.5352112676056338 0.3955399061032864 0.600996826026582 0.6147913498203619
0 0.6144366197183099 0.3873239436619718 0.6876697021920254 0.6265332605964424
0 0.6998239436619719 0.3873239436619718 0.758934936644515 0.578411194868743
0 0.764524647887324 0.392018779342723 0.8068818113345566 0.5766478763032026
0 0.823943661971831 0.38028169014084506 0.9089683346558222 0.5631571116841897
0 0.945862676056338 0.3873239436619718 0.999 0.6235989882959729
0 0.999 0.40082159624413144 0.999 0.5561028042275563
0 0.0008802816901408451 0.6719483568075117 0.0409327111436223 0.9150986218563336
0 0.045774647887323945 0.6754694835680751 0.0963706977782186 0.9197913911481408
0 0.1483274647887324 0.6772300469483568 0.21560372910880776 0.8200250997377063
0 0.2557218309859155 0.6825117370892019 0.32823251679974214 0.8476041597787035
0 0.34375 0.6825117370892019 0.4016972931338028 0.8493647231589851
0 0.4044894366197183 0.6907276995305164 0.46505084091698073 0.8440782114439375
0 0.4665492957746479 0.6842723004694836 0.5297242300634795 0.8458425632039498
0 0.53125 0.6907276995305164 0.5996781470070423 0.8475993382045008
0 0.605193661971831 0.6854460093896714 0.6762301084234279 0.8352784941259451
0 0.6919014084507042 0.6889671361502347 0.758938423675858 0.8352764277370011
0 0.764524647887324 0.6854460093896714 0.813483924010613 0.8352784941259451
0 0.8446302816901409 0.6960093896713615 0.9234838775168618 0.8957183043487844
0 0.9326584507042254 0.6960093896713615 0.999 0.8875023419074698
0 0.999 0.7147887323943662 0.999 0.8921861568471865
0 0.999 0.7136150234741784 0.999 0.8939474090237828
0 0.0022007042253521128 0.9688967136150235 0.04709410180271771 0.999
0 0.061619718309859156 0.9688967136150235 0.12849400540567346 0.999
0 0.14964788732394366 0.9049295774647887 0.23232850004959335 0.999
0 0.24515845070422534 0.8943661971830986 0.3189942084283872 0.999
0 0.3191021126760563 0.903169014084507 0.3968665923799841 0.999
0 0.4044894366197183 0.8996478873239436 0.466371263452192 0.999
0 0.46919014084507044 0.903169014084507 0.5288427860295576 0.999
0 0.5431338028169014 0.9014084507042254 0.6036341840656615 0.999
0 0.6065140845070423 0.9014084507042254 0.6797506540121008 0.999
0 0.6839788732394366 0.903169014084507 0.74749824873537 0.999
0 0.75 0.9002347417840375 0.8121698943661971 0.999
0 0.8992077464788732 0.943075117370892 0.9661535177172187 0.999
0 0.9727112676056338 0.9448356807511737 0.999 0.999
0 0.999 0.9512910798122066 0.999 0.999
