0 0.7418573943661971 0.6669600938967136 0.07262323943661972 0.272887323943662
0 0.5101232394366197 0.6561032863849765 0.08098591549295775 0.26173708920187794
0 0.4216549295774648 0.6511150234741784 0.07306338028169014 0.2482394366197183
0 0.9022887323943662 0.6540492957746479 0.07658450704225352 0.2564553990610329
0 0.49955985915492956 0.2062793427230047 0.13028169014084506 0.27875586854460094
0 0.14722711267605634 0.630868544600939 0.09110915492957747 0.26291079812206575
0 0.6492077464788732 0.6839788732394366 0.09154929577464789 0.21654929577464788
0 0.7841109154929577 0.18544600938967137 0.0840669014084507 0.34507042253521125
0 0.04335387323943662 0.6373239436619719 0.0761443661971831 0.2934272300469484
0 0.6201584507042254 0.18427230046948356 0.08274647887323944 0.3333333333333333
0 0.5805457746478874 0.6737089201877934 0.05457746478873239 0.2511737089201878
0 0.3147007042253521 0.16109154929577466 0.22799295774647887 0.3174882629107981
0 0.688600352112676 0.1784037558685446 0.05237676056338028 0.2992957746478873
0 1.034330985915493 0.20246478873239437 0.08362676056338028 0.3427230046948357
0 0.8727992957746479 0.19072769953051644 0.08538732394366197 0.3380281690140845
0 0.9856954225352113 0.6833920187793427 0.06382042253521127 0.2564553990610329
0 0.9592869718309859 0.18485915492957747 0.08934859154929578 0.3544600938967136
0 0.15536971830985916 1.0017605633802817 0.15669014084507044 0.18661971830985916
0 0.31205985915492956 1.0258215962441315 0.15933098591549297 0.176056338028169
0 0.5820862676056338 1.0026408450704225 0.06998239436619719 0.1742957746478873
0 0.7722271126760564 1.0137910798122065 0.0488556338028169 0.20011737089201878
0 0.8265845070422535 1.01731220657277 0.04137323943661972 0.20011737089201878
0 0.9579665492957746 1.034330985915493 0.047975352112676055 0.20011737089201878
0 1.0746038732394365 1.034037558685446 0.055897887323943664 0.2136150234741784
0 1.0149647887323943 1.0246478873239437 0.04753521126760563 0.20539906103286384
0 0.8259242957746479 0.67018779342723 0.07086267605633803 0.2828638497652582
0 0.12433978873239436 0.17018779342723006 0.14128521126760563 0.32981220657276994
0 1.0642605633802817 0.6640258215962441 0.07394366197183098 0.2916666666666667
0 1.1117957746478873 0.2092136150234742 0.058098591549295774 0.32805164319248825
