0 0.6210387323943662 0.522887323943662 0.6674203174593335 0.7491062867817232
0 0.4097711267605634 0.5352112676056338 0.45800626270829203 0.761422998082391
0 0.31205985915492956 0.3163145539906103 0.37838377647044236 0.47340591868897264
0 0.735475352112676 0.5011737089201878 0.787528399933049 0.7720063534572065
0 0.07526408450704225 0.22535211267605634 0.12100560559660781 0.4781541360841103
0 0.8243838028169014 0.4865023474178404 0.8781582817769291 0.7637990009698252
0 0.9286971830985915 0.4994131455399061 0.9824257494792701 0.7573360251493311
0 0.17693661971830985 0.18661971830985916 0.22923550324836345 0.4417918898366726
0 0.26848591549295775 0.2318075117370892 0.30886070162170204 0.4675869674226895
0 0.4234154929577465 0.19483568075117372 0.5182995530400715 0.33674011990566244
0 0.6430457746478874 0.20657276995305165 0.730350772106229 0.3367332319425158
0 0.5184859154929577 0.5698356807511737 0.5895605255653641 0.7531867161497939
0 0.644806338028169 0.0005868544600938967 0.7497161943934735 0.13497618142343892
0 0.04709507042253521 0.5516431924882629 0.10033138421196192 0.7408734488306994
0 0.22843309859154928 0.20422535211267606 0.2670649502206904 0.44471583019242217
0 0.00044014084507042255 0.2177230046948357 0.04225332740279707 0.4846140123211885
0 0.5246478873239436 0.20422535211267606 0.6348923204721285 0.34201629967599023
0 0.6694542253521126 0.528169014084507 0.7175750641613767 0.7080233749917344
0 0.4669894366197183 0.5633802816901409 0.5015550222550089 0.7578853402102758
0 0.5321302816901409 0.0005868544600938967 0.6335686046295378 0.12323909222156097
0 0.43309859154929575 0.0017605633802816902 0.5288586713945647 0.12969380248627918
0 0.999 0.4923708920187793 0.999 0.7303448527628998
0 0.852112676056338 0.20598591549295775 0.9375650912517357 0.3437758298617999
0 0.9819542253521126 0.4465962441314554 0.999 0.6200430773215192
0 0.9647887323943662 0.21889671361502347 0.999 0.3543316333840288
0 0.7451584507042254 0.21244131455399062 0.8354994901185281 0.34553260486235093
0 0.999 0.5093896713615024 0.999 0.7526353346999052
0 0.8600352112676056 0.0029342723004694834 0.9608890690091252 0.1296931136899645
0 0.2438380281690141 0.9289906103286385 0.3031497191777425 0.999
0 0.19630281690140844 0.9219483568075117 0.24023050052073003 0.999
0 0.3050176056338028 0.9219483568075117 0.3572601154904781 0.999
0 0.09419014084507042 0.8720657276995305 0.1430043177196985 0.999
0 0.4397007042253521 0.8755868544600939 0.49628534299990085 0.999
0 0.05237676056338028 0.8397887323943662 0.0919663834680619 0.999
0 0.8697183098591549 0.8644366197183099 0.9115890324340408 0.999
0 0.7671654929577465 0.8427230046948356 0.808201071525987 0.999
0 0.14568661971830985 0.8720657276995305 0.1909570041286451 0.999
0 0.3644366197183099 0.9078638497652582 0.4175332585300536 0.999
0 0.639524647887324 0.8433098591549296 0.6902995049965285 0.999
0 0.8089788732394366 0.8497652582159625 0.8416333719748066 0.999
0 0.5206866197183099 0.8392018779342723 0.5688729372272366 0.999
0 0.999 0.8620892018779343 0.999 0.999
0 0.999 0.8697183098591549 0.999 0.999
0 0.9713908450704225 0.863849765258216 0.999 0.999
0 0.005721830985915493 0.8356807511737089 0.04577212947579845 0.999
0 0.999 0.2177230046948357 0.999 0.35433232218034344
0 0.9678697183098591 0.004107981220657277 0.999 0.1384952417950583
0 0.999 0.002347417840375587 0.999 0.1384962749895303
0 0.9005281690140845 0.49061032863849763 0.9322620914749057 0.6939609094315502
0 0.3683978873239437 0.5633802816901409 0.40036602205663563 0.7578853402102758
0 0.22579225352112675 0.5633802816901409 0.2969956900292601 0.756124776829994
0 0.30369718309859156 0.5669014084507042 0.3656233727187066 0.7578832738213317
0 0.16637323943661972 0.5721830985915493 0.21955705403193812 0.7132792352707796
0 0.5818661971830986 0.8497652582159625 0.6229833335399723 0.999
