0 0.8056778169014085 1.0900821596244132 0.05237676056338028 0.10152582159624413
0 0.8888644366197183 1.096244131455399 0.04357394366197183 0.10328638497652583
0 0.991637323943662 1.079518779342723 0.04225352112676056 0.11091549295774648
0 0.10915492957746478 0.5302230046948356 0.05985915492957746 0.2482394366197183
0 0.1899207746478873 0.5448943661971831 0.05413732394366197 0.22593896713615025
0 0.379181338028169 0.8896713615023474 0.037411971830985914 0.22183098591549297
0 0.5558978873239436 0.6261737089201878 0.07922535211267606 0.13028169014084506
0 0.5090228873239436 1.096244131455399 0.06294014084507042 0.0892018779342723
0 0.11817781690140845 0.27582159624413144 0.04973591549295775 0.1396713615023474
0 0.2211707746478873 0.25704225352112675 0.061179577464788734 0.16666666666666666
0 0.43067781690140844 0.9363262910798122 0.058538732394366196 0.13556338028169015
0 1.111355633802817 0.3902582159624413 0.05721830985915493 0.22535211267605634
0 0.8345070422535211 0.37089201877934275 0.07482394366197183 0.21830985915492956
0 0.6522887323943662 0.3700117370892019 0.0818661971830986 0.2142018779342723
0 0.7438380281690141 0.3474178403755869 0.0801056338028169 0.2136150234741784
0 0.5429137323943662 0.3902582159624413 0.09639084507042253 0.18661971830985916
0 0.37125880281690143 0.5762910798122066 0.05149647887323944 0.15375586854460094
0 0.2911531690140845 0.2579225352112676 0.061179577464788734 0.16490610328638497
0 0.04401408450704225 0.5757042253521126 0.05985915492957746 0.13262910798122066
0 0.43639964788732394 0.573943661971831 0.0682218309859155 0.16784037558685447
0 0.6465669014084507 0.6188380281690141 0.0880281690140845 0.13673708920187794
0 0.3554137323943662 0.2546948356807512 0.06470070422535211 0.17136150234741784
0 0.7440580985915493 0.6232394366197183 0.09022887323943662 0.14553990610328638
0 0.4198943661971831 0.24794600938967137 0.051056338028169015 0.12617370892018778
0 0.02640845070422535 0.2720070422535211 0.03697183098591549 0.1402582159624413
0 0.31932218309859156 0.5780516431924883 0.05149647887323944 0.1596244131455399
0 0.9326584507042254 0.37822769953051644 0.0880281690140845 0.22476525821596244
0 1.0345510563380282 0.3779342723004695 0.08934859154929578 0.20774647887323944
0 0.9295774647887324 0.8113262910798122 0.08362676056338028 0.12852112676056338
0 1.033230633802817 0.6167840375586855 0.08934859154929578 0.13145539906103287
0 1.0268485915492958 0.8145539906103286 0.09154929577464789 0.13262910798122066
0 0.8316461267605634 0.8142605633802817 0.08846830985915492 0.12265258215962441
0 0.9357394366197183 0.6217723004694836 0.09154929577464789 0.11795774647887323
0 0.22403169014084506 0.8838028169014085 0.04929577464788732 0.21948356807511737
0 0.15647007042253522 0.8838028169014085 0.053257042253521125 0.25586854460093894
0 0.5462147887323944 0.8116197183098591 0.0897887323943662 0.12441314553990611
0 0.3091989436619718 0.8796948356807511 0.030369718309859156 0.25
0 0.7367957746478874 0.8130868544600939 0.08362676056338028 0.11795774647887323
0 0.6998239436619719 1.0892018779342723 0.05193661971830986 0.09272300469483569
0 0.3455105633802817 0.8673708920187794 0.027288732394366196 0.20305164319248825
0 0.7524207746478874 1.0862676056338028 0.04621478873239437 0.0903755868544601
0 0.6445862676056338 0.8174882629107981 0.08670774647887323 0.11619718309859155
0 1.094850352112676 1.0704225352112675 0.04621478873239437 0.13028169014084506
0 1.0393926056338028 1.022887323943662 0.042693661971830985 0.15023474178403756
0 1.108274647887324 0.812206572769953 0.06514084507042253 0.13028169014084506
0 0.06470070422535211 0.27406103286384975 0.035211267605633804 0.1431924882629108
0 0.167693661971831 0.27230046948356806 0.03609154929577465 0.1431924882629108
0 1.1131161971830985 0.619131455399061 0.05545774647887324 0.1267605633802817
0 0.021786971830985914 0.8832159624413145 0.03917253521126761 0.20187793427230047
0 0.06272007042253522 0.869424882629108 0.03125 0.18838028169014084
0 0.10035211267605634 0.9005281690140845 0.03345070422535211 0.1742957746478873
