0 0.056338028169014086 0.29225352112676056 0.24821463995239043 0.45111956952985516
0 0.2596830985915493 0.22007042253521128 0.5469807732840707 0.45292249388348876
0 0.5585387323943662 0.2963615023474178 0.644120361473418 0.4816335906676365
0 0.6998239436619719 0.306924882629108 0.7796215563628248 0.4886696450219313
0 0.8001760563380281 0.375 0.8856513309611189 0.4692634976525822
0 0.8824823943661971 0.22417840375586853 0.9498756679602263 0.341417735678547
0 0.9172535211267606 0.34917840375586856 0.9837512088375322 0.4786683225330071
0 0.9568661971830986 0.21830985915492956 0.999 0.3396606162798386
0 0.0044014084507042256 0.8262910798122066 0.08934665430966078 0.999
0 0.11971830985915492 0.8397887323943662 0.20725364511009722 0.999
0 0.21875 0.8098591549295775 0.3370516065140845 0.9960036037823182
0 0.34991197183098594 0.8245305164319249 0.48268049649127154 0.9942344304481033
0 0.3371478873239437 0.5991784037558685 0.47696428350029757 0.8153760690118804
0 0.5268485915492958 0.6772300469483568 0.6102434645283674 0.8481941138222134
0 0.6205985915492958 0.6848591549295775 0.6995507928734378 0.8587530169278582
0 0.7130281690140845 0.6484741784037559 0.795460815066455 0.8652297686746456
0 0.8428697183098591 0.7341549295774648 0.9586959200183495 0.8557898151821729
0 0.8926056338028169 0.5657276995305164 0.9916845925907558 0.7115224602702286
0 0.14568661971830985 0.6561032863849765 0.2490555956779409 0.7672205966629196
