0 0.519806338028169 0.32335680751173707 0.08274647887323944 0.13145539906103287
0 0.15977112676056338 0.9609741784037559 0.11179577464788733 0.1813380281690141
0 0.23723591549295775 0.5880281690140845 0.1505281690140845 0.0880281690140845
0 0.538512323943662 0.5830399061032864 0.08142605633802817 0.11913145539906103
0 0.09881161971830986 0.6798708920187794 0.09903169014084508 0.08744131455399061
0 0.3648767605633803 0.5783450704225352 0.08450704225352113 0.09096244131455399
0 0.5391725352112676 0.687206572769953 0.07834507042253522 0.09741784037558686
0 0.3329665492957746 0.31161971830985913 0.07878521126760564 0.14788732394366197
0 0.42099471830985913 0.32130281690140844 0.09110915492957747 0.12852112676056338
0 0.3659771126760563 0.6795774647887324 0.08230633802816902 0.09507042253521127
0 0.6049735915492958 0.3268779342723005 0.07526408450704225 0.11737089201877934
0 0.08318661971830986 0.49677230046948356 0.09419014084507042 0.08509389671361503
0 0.15669014084507044 0.0801056338028169 0.0818661971830986 0.10269953051643192
0 0.4524647887323944 0.6813380281690141 0.0721830985915493 0.09507042253521127
0 0.13908450704225353 0.3142605633802817 0.07746478873239436 0.1073943661971831
0 0.09066901408450705 0.5856807511737089 0.10211267605633803 0.07981220657276995
0 0.14194542253521128 0.1965962441314554 0.07702464788732394 0.107981220657277
0 0.23657570422535212 0.31103286384976525 0.09022887323943662 0.13849765258215962
0 0.8085387323943662 0.31778169014084506 0.09595070422535211 0.14847417840375587
0 0.6302816901408451 0.6786971830985915 0.07922535211267606 0.10387323943661972
0 0.722931338028169 0.6810446009389671 0.08318661971830986 0.1238262910798122
0 0.06183978873239437 0.31572769953051644 0.055897887323943664 0.107981220657277
0 0.06976232394366197 0.19630281690140844 0.0664612676056338 0.12265258215962441
0 0.7339348591549296 0.5023474178403756 0.053257042253521125 0.06690140845070422
0 0.6996038732394366 0.23092723004694835 0.09551056338028169 0.08157276995305164
0 0.22227112676056338 0.49178403755868544 0.15492957746478872 0.08450704225352113
0 0.8873239436619719 0.6842723004694836 0.08274647887323944 0.09976525821596244
0 0.8683978873239436 0.5821596244131455 0.0897887323943662 0.08333333333333333
0 0.23943661971830985 0.6781103286384976 0.15669014084507044 0.0733568075117371
0 0.7053257042253521 0.33656103286384975 0.10519366197183098 0.11443661971830986
0 0.45356514084507044 0.4950117370892019 0.061179577464788734 0.07570422535211267
0 0.7944542253521126 0.5023474178403756 0.04401408450704225 0.06103286384976526
0 0.9212147887323944 0.31396713615023475 0.10827464788732394 0.16666666666666666
0 0.9436619718309859 0.5134976525821596 0.1073943661971831 0.09976525821596244
0 0.998899647887324 0.3230633802816901 0.0488556338028169 0.15551643192488263
0 1.0935299295774648 0.6566901408450704 0.09463028169014084 0.17253521126760563
0 1.0710827464788732 0.329518779342723 0.07790492957746478 0.15316901408450703
0 0.7953345070422535 0.9988262910798122 0.07042253521126761 0.13028169014084506
0 0.6377640845070423 0.9973591549295775 0.0801056338028169 0.13908450704225353
0 0.7167693661971831 0.9964788732394366 0.07174295774647887 0.13849765258215962
0 0.5429137323943662 0.9914906103286385 0.08054577464788733 0.15434272300469484
0 0.7143485915492958 0.8770539906103286 0.11355633802816902 0.10035211267605634
0 0.3503521126760563 1.0079225352112675 0.0880281690140845 0.10856807511737089
0 0.3494718309859155 0.9002347417840375 0.08714788732394366 0.09859154929577464
0 0.03961267605633803 0.971244131455399 0.06514084507042253 0.1807511737089202
0 0.9044894366197183 0.9967723004694836 0.13908450704225353 0.10622065727699531
0 1.040713028169014 0.9917840375586855 0.11839788732394366 0.10915492957746478
0 0.8860035211267606 0.8568075117370892 0.12411971830985916 0.12441314553990611
0 1.0231073943661972 0.8538732394366197 0.1192781690140845 0.10915492957746478
0 0.07944542253521127 0.07893192488262911 0.06734154929577464 0.11208920187793427
0 0.4551056338028169 0.5815727699530516 0.07482394366197183 0.0880281690140845
0 0.3683978873239437 0.4914906103286385 0.08274647887323944 0.0710093896713615
0 0.6221390845070423 0.5786384976525821 0.06734154929577464 0.07629107981220658
0 1.0730633802816902 0.5070422535211268 0.13556338028169015 0.11267605633802817
0 0.6705545774647887 0.5011737089201878 0.07350352112676056 0.06924882629107981
0 0.746919014084507 0.5768779342723005 0.058098591549295774 0.062206572769953054
0 0.6861795774647887 0.5777582159624414 0.0528169014084507 0.07453051643192488
0 0.2581426056338028 0.9973591549295775 0.06734154929577464 0.13673708920187794
0 0.2601232394366197 0.8934859154929577 0.07394366197183098 0.06044600938967136
0 0.4564260563380282 0.8773474178403756 0.07746478873239436 0.08333333333333333
0 0.46016725352112675 0.9653755868544601 0.07790492957746478 0.08333333333333333
0 0.18904049295774647 0.8218896713615024 0.0761443661971831 0.07922535211267606
0 0.5631602112676056 0.48884976525821594 0.0840669014084507 0.06924882629107981
0 0.8499119718309859 0.5020539906103286 0.05193661971830986 0.06396713615023474
