0 1.0158450704225352 1.0090962441314555 0.07746478873239436 0.16842723004694835
0 0.7559419014084507 0.26261737089201875 0.09463028169014084 0.2869718309859155
0 0.33120598591549294 0.25234741784037557 0.08494718309859155 0.3004694835680751
0 0.6500880281690141 0.24530516431924881 0.0994718309859155 0.3215962441314554
0 0.5422535211267606 0.2494131455399061 0.09507042253521127 0.31690140845070425
0 0.4308978873239437 0.25088028169014087 0.09242957746478873 0.29988262910798125
0 0.8644366197183099 0.2634976525821596 0.10299295774647887 0.30985915492957744
0 0.6720950704225352 0.6499413145539906 0.07306338028169014 0.26467136150234744
0 0.7805897887323944 0.6769366197183099 0.0840669014084507 0.3104460093896714
0 0.3140404929577465 0.659330985915493 0.08230633802816902 0.30809859154929575
0 0.5917693661971831 0.647593896713615 0.0743838028169014 0.2623239436619718
0 0.22557218309859156 0.6508215962441315 0.0761443661971831 0.29107981220657275
0 0.43882042253521125 0.6687206572769953 0.043133802816901406 0.29988262910798125
0 0.1481073943661972 0.6437793427230047 0.06205985915492958 0.27699530516431925
0 0.9733714788732394 0.2632042253521127 0.07966549295774648 0.2963615023474178
0 0.8545334507042254 0.6660798122065728 0.053257042253521125 0.2805164319248826
0 1.0110035211267605 0.6622652582159625 0.07130281690140845 0.25410798122065725
0 1.0477552816901408 0.2796361502347418 0.04973591549295775 0.2564553990610329
0 0.9315580985915493 0.6625586854460094 0.07262323943661972 0.2605633802816901
0 1.112455985915493 0.2981220657276995 0.05501760563380282 0.2335680751173709
0 0.6434859154929577 1.0205399061032865 0.08626760563380281 0.2007042253521127
0 0.3404489436619718 0.9897300469483568 0.07878521126760564 0.1789906103286385
0 0.13028169014084506 0.9950117370892019 0.07746478873239436 0.1965962441314554
0 0.2361355633802817 0.988849765258216 0.07790492957746478 0.18779342723004694
0 0.5466549295774648 1.0187793427230047 0.08626760563380281 0.18309859154929578
0 0.7249119718309859 1.0158450704225352 0.06073943661971831 0.15492957746478872
0 0.8455105633802817 1.011737089201878 0.06866197183098592 0.1795774647887324
0 0.9253961267605634 1.0070422535211268 0.07702464788732394 0.176056338028169
0 0.7836707746478874 1.0419600938967135 0.04709507042253521 0.15082159624413147
0 0.023107394366197184 0.19131455399061034 0.04533450704225352 0.2746478873239437
0 0.3886443661971831 0.6549295774647887 0.035211267605633804 0.2746478873239437
0 0.04533450704225352 1.011150234741784 0.07658450704225352 0.25
0 0.02222711267605634 0.5994718309859155 0.042693661971830985 0.2869718309859155
0 1.0660211267605635 0.6572769953051644 0.028169014084507043 0.20539906103286384
