0 0.03697183098591549 0.005868544600938967 0.17031823422931958 0.23180406775551587
0 0.20422535211267606 0.02992957746478873 0.33265659095417577 0.23883220095219204
0 0.3345070422535211 0.007629107981220657 0.4549584035905574 0.25410350404461196
0 0.460387323943662 0.05575117370892019 0.5983889140299544 0.24703300987458396
0 0.6078345070422535 0.08157276995305164 0.6775493686148581 0.26990518029932337
0 0.7319542253521126 0.0005868544600938967 0.8808398088796865 0.27640810630606805
0 0.8912852112676056 0.01056338028169014 0.999 0.28344450505852015
0 0.999 0.007629107981220657 0.999 0.2816856636690251
0 0.07306338028169014 0.375 0.17690446154036898 0.6265404929577465
0 0.17693661971830985 0.3597417840375587 0.24287986944554654 0.638873390971809
0 0.2671654929577465 0.36795774647887325 0.35155494476542354 0.53851645672155
0 0.3578345070422535 0.3732394366197183 0.43690236157260465 0.5596401177015142
0 0.43838028169014087 0.3785211267605634 0.5077295861436223 0.5713741073199762
0 0.5105633802816901 0.36971830985915494 0.5737189421741719 0.6060036864378762
0 0.5805457746478874 0.38028169014084506 0.6515930696414403 0.5889787079283211
0 0.6672535211267606 0.3855633802816901 0.7188964553164056 0.5402666881571117
0 0.7345950704225352 0.4043427230046948 0.8368245620288634 0.5942462777447156
0 0.8358274647887324 0.3955399061032864 0.919526484390498 0.5989462793978267
0 0.9445422535211268 0.4043427230046948 0.999 0.6183073106085654
0 0.08494718309859155 0.7083333333333334 0.16369500564124184 0.999
0 0.25704225352112675 0.7511737089201878 0.3255910905574291 0.999
0 0.3283450704225352 0.7288732394366197 0.39686252417675066 0.999
0 0.0017605633802816902 0.7083333333333334 0.08230556313231502 0.8511101330203443
0 0.0030809859154929575 0.9841549295774648 0.05765709463648086 0.999
0 0.47315140845070425 0.727112676056338 0.5323621692744495 0.999
0 0.5365316901408451 0.7235915492957746 0.5996758223194802 0.999
0 0.6038732394366197 0.7394366197183099 0.6656673093136283 0.999
0 0.6738556338028169 0.7288732394366197 0.7254956621330093 0.999
0 0.7359154929577465 0.7306338028169014 0.7901690512795081 0.999
0 0.8160211267605634 0.7634976525821596 0.8662781597153343 0.999
0 0.8811619718309859 0.7617370892018779 0.9181861082870463 0.999
0 0.9286971830985915 0.7723004694835681 0.9956299748313827 0.999
0 0.999 0.7582159624413145 0.999 0.999
0 0.17121478873239437 0.999 0.3287098526458044 0.999
0 0.1500880281690141 0.7928403755868545 0.20459943308619322 0.999
