0 0.5444542253521126 0.48327464788732394 0.08274647887323944 0.22593896713615025
0 0.8069982394366197 0.159037558685446 0.0743838028169014 0.23708920187793428
0 0.8074383802816901 0.6320422535211268 0.07790492957746478 0.25704225352112675
0 0.28080985915492956 0.6408450704225352 0.0994718309859155 0.19953051643192488
0 0.3503521126760563 0.6789906103286385 0.05193661971830986 0.1643192488262911
0 0.7154489436619719 0.5777582159624414 0.07790492957746478 0.22593896713615025
0 0.17649647887323944 0.5783450704225352 0.056338028169014086 0.18720657276995306
0 0.11575704225352113 0.5360915492957746 0.05369718309859155 0.17781690140845072
0 0.04005281690140845 0.2221244131455399 0.04753521126760563 0.19307511737089203
0 0.6399647887323944 0.5316901408450704 0.07922535211267606 0.24061032863849766
0 0.058098591549295774 0.49061032863849763 0.04929577464788732 0.1784037558685446
0 0.6465669014084507 0.1176643192488263 0.05985915492957746 0.20598591549295775
0 0.2475792253521127 0.3389084507042254 0.05149647887323944 0.18955399061032863
0 0.11883802816901408 0.2649647887323944 0.04929577464788732 0.20129107981220656
0 0.573943661971831 0.11825117370892019 0.056338028169014086 0.159037558685446
0 0.2988556338028169 0.08949530516431925 0.03961267605633803 0.13086854460093897
0 0.35673415492957744 0.3515258215962441 0.05941901408450704 0.15140845070422534
0 0.15470950704225353 0.2720070422535211 0.0488556338028169 0.198943661971831
0 0.4903169014084507 0.09154929577464789 0.08538732394366197 0.1619718309859155
0 0.7266725352112676 0.1382042253521127 0.05985915492957746 0.20011737089201878
0 0.45268485915492956 0.8130868544600939 0.06734154929577464 0.16255868544600938
0 0.08626760563380281 0.23943661971830985 0.03697183098591549 0.18661971830985916
0 0.018926056338028168 0.477112676056338 0.03697183098591549 0.1960093896713615
0 0.20158450704225353 0.3189553990610329 0.045774647887323945 0.18838028169014084
0 0.2975352112676056 0.3459507042253521 0.0448943661971831 0.17546948356807512
0 0.5277288732394366 0.8242370892018779 0.07042253521126761 0.1637323943661972
0 0.1637323943661972 0.051056338028169015 0.07394366197183098 0.09272300469483569
0 0.4196742957746479 0.42752347417840375 0.0488556338028169 0.16842723004694835
0 0.34991197183098594 0.08744131455399061 0.043133802816901406 0.1443661971830986
0 0.46588908450704225 0.43045774647887325 0.055897887323943664 0.15669014084507044
0 0.08934859154929578 0.03902582159624413 0.05369718309859155 0.0710093896713615
0 0.9066901408450704 0.6916079812206573 0.11883802816901408 0.2681924882629108
0 0.9639084507042254 0.2391431924882629 0.08538732394366197 0.2811032863849765
0 0.769806338028169 0.9369131455399061 0.11003521126760564 0.11208920187793427
0 0.6386443661971831 0.8826291079812206 0.12323943661971831 0.1784037558685446
0 0.11641725352112677 0.9454225352112676 0.035651408450704226 0.10915492957746478
0 0.08076584507042253 0.9392605633802817 0.0664612676056338 0.12030516431924883
0 0.035211267605633804 0.8785211267605634 0.06954225352112677 0.13145539906103287
