0 0.34242957746478875 0.2699530516431925 0.4193035081085102 0.43294016839692306
0 0.6919014084507042 0.6672535211267606 0.7593785645209283 0.8165098277458177
0 0.7108274647887324 0.4788732394366197 0.7703737555172585 0.6129818819017391
0 0.778169014084507 0.48063380281690143 0.847368763638167 0.6141545576274549
0 0.7632042253521126 0.6619718309859155 0.8583788713796865 0.825315744230642
0 0.4317781690140845 0.6607981220657277 0.4896867173551875 0.8194478884260178
0 0.5602992957746479 0.6602112676056338 0.6260738119296766 0.8212087962044567
0 0.5713028169014085 0.48826291079812206 0.6304703772812934 0.6129763715312218
0 0.429137323943662 0.4859154929577465 0.49100830223417974 0.6053486411426304
0 0.49691901408450706 0.3004694835680751 0.5534784687438008 0.442898785514338
0 0.6289612676056338 0.6613849765258216 0.6854626050758778 0.8194475440278605
0 0.7046654929577465 0.289906103286385 0.7901828056809165 0.44583925698163945
0 0.4295774647887324 0.30809859154929575 0.4932088127355683 0.4399600360378232
0 0.2984154929577465 0.6514084507042254 0.3612242889555644 0.797739783773061
0 0.29005281690140844 0.4970657276995305 0.37091106830242015 0.6112106421785801
0 0.4964788732394366 0.6607981220657277 0.5547990850029756 0.8194478884260178
0 0.8807218309859155 0.6913145539906104 0.9802461611659393 0.8358619046044656
0 0.366637323943662 0.6514084507042254 0.4258949659665741 0.8165191264960656
0 0.5004401408450704 0.48708920187793425 0.5658008626140647 0.6112164969472547
0 0.6382042253521126 0.48532863849765256 0.7030641706754612 0.6082832578412573
0 0.5616197183098591 0.3022300469483568 0.6304746392084903 0.4411371889395843
0 0.23371478873239437 0.505868544600939 0.2939112170824241 0.6053369316052812
0 0.0008802816901408451 0.2992957746478873 0.045334119594326525 0.43703092970971363
0 0.8301056338028169 0.31338028169014087 0.9446170309710376 0.4305672650929049
0 0.6373239436619719 0.3039906103286385 0.7030645581233882 0.4399624468249245
0 0.0448943661971831 0.5082159624413145 0.1258605218458639 0.5941853192708677
0 0.1619718309859155 0.5017605633802817 0.23584420253917876 0.6041656334721947
0 0.2777288732394366 0.2711267605633803 0.33790592919311646 0.435286897440984
0 0.8727992957746479 0.09213615023474178 0.999 0.2059318449822566
0 0.8534330985915493 0.4876760563380282 0.9265609889530846 0.6112161525490974
0 0.9300176056338029 0.48708920187793425 0.9969498161947034 0.6188456049284754
0 0.4251760563380282 0.8855633802816901 0.48748891898928787 0.999
0 0.4964788732394366 0.8873239436619719 0.5569997892283277 0.998305561065926
0 0.6967429577464789 0.9008215962441315 0.7567355884869074 0.999
0 0.5695422535211268 0.886150234741784 0.6168267859799643 0.9947851231016773
0 0.289612676056338 0.8708920187793427 0.3599077408996231 0.994207222993674
0 0.772887323943662 0.8902582159624414 0.8416492573398136 0.9941958578544822
0 0.35475352112676056 0.8656103286384976 0.4157769570769688 0.999
0 0.6267605633802817 0.8879107981220657 0.687224137075977 0.9818732917851397
0 0.23459507042253522 0.8820422535211268 0.29082984371900417 0.9895058437479336
0 0.10167253521126761 0.8773474178403756 0.1663284892010514 0.9719029651303753
0 0.8565140845070423 0.8931924882629108 0.9538483652797064 0.999
0 0.1681338028169014 0.8697183098591549 0.23672177209383058 0.9854050948885803
0 0.1500880281690141 0.12910798122065728 0.20591985562140447 0.23877399766360288
0 0.21170774647887325 0.1267605633802817 0.2785159737031343 0.23466739403557496
0 0.2790492957746479 0.12323943661971831 0.3458278832324936 0.23114833366395557
0 0.34286971830985913 0.1068075117370892 0.42370472283525096 0.2258762866715158
0 0.04445422535211268 0.2934272300469484 0.09152972965433445 0.43820808261147476
0 0.043133802816901406 0.8656103286384976 0.10385425448819678 0.9689755807930526
0 0.0035211267605633804 0.8597417840375586 0.044452675560404685 0.9689790247746258
0 0.09066901408450705 0.2992957746478873 0.1434460083564769 0.44289947431065263
0 0.14788732394366197 0.3051643192488263 0.20592082424122196 0.4399617580286099
0 0.20818661971830985 0.28169014084507044 0.268834424903293 0.43704126165443363
0 0.9476232394366197 0.27875586854460094 0.999 0.4575828897485067
0 0.005721830985915493 0.6367370892018779 0.05325452384199563 0.787185013445304
0 0.05193661971830986 0.6367370892018779 0.12893840817794086 0.793053558046243
