0 0.999 0.4923708920187793 0.999 0.7309317072229937
0 0.488556338028169 0.8538732394366197 0.5794504593582622 0.999
0 0.852112676056338 0.5181924882629108 0.9384453729418765 0.6951184316383434
0 0.6690140845070423 0.8556338028169014 0.758068215631819 0.999
0 0.5849471830985915 0.8403755868544601 0.6661157802891291 0.999
0 0.7240316901408451 0.5416666666666666 0.8117411832349732 0.7015600547730829
0 0.9793133802816901 0.08685446009389672 0.999 0.26755466287553176
0 0.2944542253521127 0.5217136150234741 0.39995842683743305 0.7649520460005731
0 0.0017605633802816902 0.5140845070422535 0.08318584482245586 0.6663649738808437
0 0.09991197183098592 0.5422535211267606 0.20242081339268003 0.7532029028631886
0 0.6197183098591549 0.5193661971830986 0.7197976591946043 0.7039205597434373
0 0.7442781690140845 0.142018779342723 0.8407815677073002 0.35613731292292095
0 0.047975352112676055 0.15434272300469484 0.13510212352459827 0.2968577800921334
0 0.19982394366197184 0.5938967136150235 0.28732402115155725 0.7684308117877846
0 0.5382922535211268 0.13380281690140844 0.6001151882686967 0.3021515241684851
0 0.9625880281690141 0.4847417840375587 0.999 0.7373915834600718
0 0.858274647887324 0.1443661971830986 0.9573687171444157 0.33207490246644183
0 0.999 0.09800469483568075 0.999 0.264026992549979
0 0.3816021126760563 0.8526995305164319 0.47166302723913905 0.999
0 0.28565140845070425 0.8415492957746479 0.36739187878149177 0.999
0 0.21038732394366197 0.8327464788732394 0.27411514642432055 0.9425864163856377
0 0.9238556338028169 0.8327464788732394 0.965262387485122 0.9854267919724922
0 0.999 0.812793427230047 0.999 0.999
0 0.9713908450704225 0.8145539906103286 0.999 0.999
0 0.769806338028169 0.8427230046948356 0.8148020218582622 0.9472753972977144
0 0.832306338028169 0.8327464788732394 0.9124857806610792 0.9742765572307082
0 0.1857394366197183 0.11971830985915492 0.2943724738395159 0.30274664418435493
0 0.31117957746478875 0.13145539906103287 0.41887712166484825 0.316237408803368
0 0.43838028169014087 0.15082159624413147 0.5310570509323547 0.3027283910820164
0 0.6232394366197183 0.125 0.7189158277127554 0.30567781690140844
0 0.03433098591549296 0.7752347417840375 0.11442150924915691 0.9285356603628028
0 0.4212147887323944 0.5944835680751174 0.5103779864486213 0.7631487772487823
0 0.06029929577464789 0.9512910798122066 0.1328959950282682 0.999
0 0.5224471830985915 0.5927230046948356 0.6155270919088475 0.7596286836826909
0 0.00044014084507042255 0.1437793427230047 0.03829205979716326 0.2551973125922987
