0 0.7825704225352113 0.9025821596244131 0.8583703475252926 0.999
0 0.7319542253521126 0.6291079812206573 0.8038151609923626 0.7349594436729926
0 0.5057218309859155 0.018779342723004695 0.6159745942645308 0.2986978994467588
0 0.3930457746478873 0.024061032863849766 0.489263624218905 0.2787417482201503
0 0.2935739436619718 0.024061032863849766 0.371789800200853 0.24059620831404702
0 0.2130281690140845 0.031103286384976527 0.2851175052073001 0.23002869525446892
0 0.6584507042253521 0.6502347417840375 0.7074566678238445 0.738468172099892
0 0.46830985915492956 0.6561032863849765 0.5728572579845269 0.7431595637990699
0 0.8626760563380281 0.9019953051643192 0.9384407235667527 0.999
0 0.6232394366197183 0.0005868544600938967 0.7149545601071216 0.14730012508541074
0 0.7178697183098591 0.08157276995305164 0.83022981086342 0.2957267765434548
0 0.9159330985915493 0.09741784037558686 0.999 0.26989588154907534
0 0.8358274647887324 0.057511737089201875 0.9001602872073994 0.15254840860499458
0 0.009683098591549295 0.004107981220657277 0.10827038596012696 0.16959852818003482
0 0.04709507042253521 0.22124413145539906 0.12894053914153938 0.35080912903083605
0 0.06690140845070422 0.47183098591549294 0.13773463846459036 0.6217888315810356
0 0.007042253521126761 0.45774647887323944 0.06557788633207697 0.567806486808173
0 0.1483274647887324 0.4043427230046948 0.21824457417923032 0.4974152918292226
0 0.2517605633802817 0.40082159624413144 0.3269138377802024 0.4798117244153497
0 0.35651408450704225 0.39906103286384975 0.4289804075332275 0.4751179219290705
0 0.4498239436619718 0.3937793427230047 0.5310520141093037 0.48685811071436447
0 0.6170774647887324 0.39906103286384975 0.6815065680172585 0.49917895479292024
0 0.6919014084507042 0.3937793427230047 0.7562975786054353 0.4974214909960546
0 0.769806338028169 0.3955399061032864 0.841650613407558 0.49742045780158256
0 0.8525528169014085 0.392018779342723 0.8988325031615751 0.4751220547069585
0 0.9251760563380281 0.39730046948356806 0.9982723696935132 0.4815743541845754
0 0.999 0.3955399061032864 0.999 0.6335706925433666
0 0.1857394366197183 0.6373239436619719 0.27764712172683986 0.7578419460424518
0 0.37367957746478875 0.6549295774647887 0.4342545424394961 0.7818926469615817
0 0.25044014084507044 0.937793427230047 0.3476010386704027 0.999
0 0.17297535211267606 0.960093896713615 0.26576893690488 0.999
0 0.4212147887323944 0.9084507042253521 0.5116984089838326 0.999
0 0.06029929577464789 0.9014084507042254 0.16106500911277524 0.9801048072472394
0 0.999 0.778755868544601 0.999 0.9596368803588353
0 0.9546654929577465 0.7857981220657277 0.999 0.9924965973462055
0 0.06778169014084508 0.6907276995305164 0.12364974397440984 0.7578106058101347
0 0.0017605633802816902 0.687206572769953 0.05105556313231501 0.7701366158610504
0 0.8111795774647887 0.6461267605633803 0.8808049385662566 0.7437522730278383
0 0.9005281690140845 0.6443661971830986 0.9661529365453282 0.7613589400251274
0 0.999 0.041666666666666664 0.999 0.2904685054773083
0 0.999 0.02464788732394366 0.999 0.3198212160285658
0 0.5818661971830986 0.9154929577464789 0.6476312208639159 0.9871387952125901
0 0.0030809859154929575 0.8961267605633803 0.07702329181957945 0.9666102542484957
