0 0.8202024647887324 0.3142605633802817 0.1034330985915493 0.0698356807511737
0 0.9245158450704225 0.318075117370892 0.08054577464788733 0.05868544600938967
0 0.7810299295774648 0.17752347417840375 0.08494718309859155 0.06748826291079812
0 0.9650088028169014 0.5193661971830986 0.058538732394366196 0.11150234741784038
0 0.8481514084507042 0.43515258215962443 0.05545774647887324 0.13556338028169015
0 0.7495598591549296 0.3958333333333333 0.10827464788732394 0.07805164319248827
0 0.6665933098591549 0.3485915492957746 0.09815140845070422 0.07394366197183098
0 0.6100352112676056 0.2943075117370892 0.08450704225352113 0.07687793427230047
0 0.5462147887323944 0.24002347417840375 0.09507042253521127 0.07042253521126761
0 0.4474031690140845 0.23415492957746478 0.07350352112676056 0.0528169014084507
0 0.6705545774647887 0.17987089201877934 0.0743838028169014 0.04988262910798122
0 0.609375 0.16343896713615025 0.07878521126760564 0.05575117370892019
0 0.5585387323943662 0.13703051643192488 0.0721830985915493 0.04870892018779343
0 0.5209066901408451 0.11825117370892019 0.07790492957746478 0.040492957746478875
0 0.4570862676056338 0.10710093896713616 0.058538732394366196 0.02992957746478873
0 0.41483274647887325 0.215962441314554 0.09375 0.0528169014084507
0 0.32680457746478875 0.15199530516431925 0.08934859154929578 0.03873239436619718
0 0.3578345070422535 0.18955399061032863 0.10827464788732394 0.04225352112676056
0 0.6800176056338029 0.6963028169014085 0.07130281690140845 0.040492957746478875
0 0.6432658450704225 0.7297535211267606 0.08142605633802817 0.06631455399061033
0 0.5699823943661971 0.732981220657277 0.09507042253521127 0.07511737089201878
0 0.5565580985915493 0.8171948356807511 0.09022887323943662 0.07570422535211267
0 0.5919894366197183 0.5642605633802817 0.0528169014084507 0.056924882629107984
0 0.5519366197183099 0.5944835680751174 0.056338028169014086 0.06338028169014084
0 0.507262323943662 0.6132629107981221 0.06910211267605634 0.07042253521126761
0 0.47755281690140844 0.6431924882629108 0.040492957746478875 0.07981220657276995
0 0.40184859154929575 0.6651995305164319 0.07658450704225352 0.07805164319248827
0 0.4689700704225352 0.4838615023474178 0.053257042253521125 0.052230046948356805
0 0.44124119718309857 0.5079225352112676 0.058538732394366196 0.06748826291079812
0 0.37808098591549294 0.5243544600938967 0.040492957746478875 0.06748826291079812
0 0.3206426056338028 0.5560446009389671 0.04533450704225352 0.0710093896713615
0 0.4397007042253521 0.9330985915492958 0.0801056338028169 0.11737089201877934
0 0.4964788732394366 0.9413145539906104 0.06778169014084508 0.07394366197183098
0 0.3769806338028169 0.9530516431924883 0.05149647887323944 0.09389671361502347
0 0.2867517605633803 0.9639084507042254 0.058538732394366196 0.0710093896713615
0 0.2953345070422535 0.7907863849765259 0.05985915492957746 0.10035211267605634
0 0.23129401408450703 0.789906103286385 0.05413732394366197 0.09624413145539906
0 0.18045774647887325 0.8207159624413145 0.05193661971830986 0.10974178403755869
0 0.11861795774647887 0.8532863849765259 0.04533450704225352 0.13849765258215962
0 0.2167693661971831 0.6132629107981221 0.04533450704225352 0.09154929577464789
0 0.16351232394366197 0.6176643192488263 0.05413732394366197 0.0886150234741784
0 0.14282570422535212 0.6619718309859155 0.04621478873239437 0.09624413145539906
0 0.09595070422535211 0.6742957746478874 0.04753521126760563 0.09624413145539906
0 0.040492957746478875 0.681924882629108 0.03169014084507042 0.07511737089201878
0 0.10277288732394366 0.5032276995305164 0.0409330985915493 0.0886150234741784
0 0.05941901408450704 0.5161384976525821 0.04401408450704225 0.08744131455399061
0 0.02244718309859155 0.5334507042253521 0.03169014084507042 0.10093896713615023
0 0.037411971830985914 0.4198943661971831 0.020246478873239437 0.06279342723004695
0 0.3415492957746479 0.3814553990610329 0.05545774647887324 0.046948356807511735
0 0.3373679577464789 0.4310446009389671 0.058538732394366196 0.06748826291079812
0 0.29401408450704225 0.44923708920187794 0.05721830985915493 0.05575117370892019
0 0.2420774647887324 0.4732981220657277 0.0528169014084507 0.052230046948356805
0 0.20642605633802816 0.3227699530516432 0.05193661971830986 0.05868544600938967
0 0.20422535211267606 0.37940140845070425 0.056338028169014086 0.056924882629107984
0 0.16835387323943662 0.4063967136150235 0.04973591549295775 0.05457746478873239
