0 0.25088028169014087 0.8303990610328639 0.10211267605633803 0.1960093896713615
0 0.34683098591549294 0.49677230046948356 0.10475352112676056 0.15082159624413147
0 0.23349471830985916 0.2409037558685446 0.07526408450704225 0.11795774647887323
0 0.9227552816901409 0.9354460093896714 0.14216549295774647 0.12089201877934272
0 0.671875 0.11179577464788733 0.08758802816901408 0.1602112676056338
0 0.402068661971831 0.20305164319248825 0.10079225352112677 0.0715962441314554
0 0.386443661971831 0.8157276995305164 0.13380281690140844 0.1795774647887324
0 0.7350352112676056 0.414906103286385 0.17253521126760563 0.19131455399061034
0 0.09485035211267606 0.7995892018779343 0.07878521126760564 0.1766431924882629
0 0.4038292253521127 0.10328638497652583 0.10607394366197183 0.08685446009389672
0 0.9163732394366197 0.07071596244131455 0.10387323943661972 0.11913145539906103
0 0.24031690140845072 0.12089201877934272 0.05897887323943662 0.11150234741784038
0 0.09110915492957747 0.4823943661971831 0.04753521126760563 0.13028169014084506
0 0.05259683098591549 0.272887323943662 0.05765845070422535 0.07863849765258216
0 0.31139964788732394 0.23826291079812206 0.04621478873239437 0.0715962441314554
0 0.1641725352112676 0.25146713615023475 0.0528169014084507 0.09565727699530517
0 0.16329225352112675 0.1431924882629108 0.0448943661971831 0.09624413145539906
0 0.11971830985915492 0.16050469483568075 0.0448943661971831 0.09213615023474178
0 0.7827904929577465 0.08421361502347417 0.08318661971830986 0.1602112676056338
0 0.714568661971831 0.9172535211267606 0.14568661971830985 0.13145539906103287
0 0.5407130281690141 0.9677230046948356 0.14216549295774647 0.06572769953051644
0 0.5180457746478874 0.15140845070422534 0.0721830985915493 0.08568075117370892
0 0.5123239436619719 0.21214788732394366 0.08098591549295775 0.0357981220657277
0 0.2482394366197183 0.4914906103286385 0.11707746478873239 0.19072769953051644
0 0.921875 0.43427230046948356 0.14920774647887325 0.22417840375586853
0 0.5341109154929577 0.46068075117370894 0.20202464788732394 0.3192488262910798
0 0.5961707746478874 0.16285211267605634 0.06205985915492958 0.09330985915492958
