0 0.8835827464788732 0.4354460093896714 0.14920774647887325 0.4647887323943662
0 0.7502200704225352 0.4392605633802817 0.10871478873239436 0.4242957746478873
0 0.6461267605633803 0.44630281690140844 0.09859154929577464 0.375
0 0.5121038732394366 0.4363262910798122 0.07526408450704225 0.2916666666666667
0 0.5288292253521126 0.8447769953051644 0.08494718309859155 0.3104460093896714
0 0.4242957746478873 0.45011737089201875 0.09242957746478873 0.3004694835680751
0 0.15757042253521128 0.18456572769953053 0.058098591549295774 0.20950704225352113
0 0.24911971830985916 0.46273474178403756 0.05017605633802817 0.2306338028169014
0 0.3109595070422535 0.4556924882629108 0.06382042253521127 0.24471830985915494
0 0.39436619718309857 0.8233568075117371 0.06866197183098592 0.2699530516431925
0 0.38446302816901406 0.11883802816901408 0.055897887323943664 0.22007042253521128
0 0.2869718309859155 0.15786384976525822 0.043133802816901406 0.176056338028169
0 0.29005281690140844 0.7708333333333334 0.05721830985915493 0.21889671361502347
0 0.45686619718309857 0.8456572769953051 0.05369718309859155 0.2828638497652582
0 0.17539612676056338 0.7095070422535211 0.06910211267605634 0.18779342723004694
0 0.17143485915492956 0.45011737089201875 0.058538732394366196 0.22887323943661972
0 0.20048415492957747 0.19248826291079812 0.047975352112676055 0.16666666666666666
0 0.5044014084507042 0.09536384976525822 0.06514084507042253 0.18251173708920188
0 0.319762323943662 0.13438967136150234 0.05765845070422535 0.20657276995305165
0 0.24119718309859156 0.18456572769953053 0.03873239436619718 0.15434272300469484
0 0.4425616197183099 0.10387323943661972 0.04709507042253521 0.1960093896713615
0 0.5891285211267606 0.0886150234741784 0.09463028169014084 0.16314553990610328
0 0.7051056338028169 0.060152582159624414 0.08538732394366197 0.11678403755868545
0 0.570862676056338 0.4897300469483568 0.04753521126760563 0.2517605633802817
0 0.25088028169014087 0.7009976525821596 0.037852112676056336 0.14612676056338028
0 0.887544014084507 0.8700117370892019 0.1430457746478873 0.2529342723004695
0 0.7464788732394366 0.8547535211267606 0.12940140845070422 0.28931924882629106
0 0.625 0.8518192488262911 0.10387323943661972 0.29518779342723006
0 0.3404489436619718 0.778169014084507 0.05237676056338028 0.2347417840375587
0 0.3747799295774648 0.443075117370892 0.05413732394366197 0.3086854460093897
0 0.07152288732394366 0.22359154929577466 0.03301056338028169 0.1936619718309859
0 0.042913732394366196 0.2755281690140845 0.03389084507042254 0.1414319248826291
0 0.015184859154929578 0.27230046948356806 0.02596830985915493 0.13262910798122066
0 0.02464788732394366 0.6329225352112676 0.03609154929577465 0.1637323943661972
0 0.06536091549295775 0.6387910798122066 0.0409330985915493 0.19072769953051644
0 0.016505281690140844 0.4595070422535211 0.032130281690140844 0.1467136150234742
0 0.05743838028169014 0.4621478873239437 0.026848591549295774 0.16255868544600938
0 0.014304577464788732 0.8098591549295775 0.02772887323943662 0.1443661971830986
0 0.045774647887323945 0.8224765258215962 0.03169014084507042 0.09800469483568075
