0 0.0044014084507042256 0.028755868544600938 0.13776214726740726 0.45772960336353014
0 0.16593309859154928 0.08274647887323944 0.3766875294460425 0.4682612990147458
0 0.40625 0.09213615023474178 0.6261416153169014 0.48879569474751483
0 0.6443661971830986 0.10269953051643192 0.8439065289625075 0.4887894955806828
0 0.8600352112676056 0.1068075117370892 0.9983010408401111 0.4829185401926426
0 0.007922535211267605 0.5991784037558685 0.1227958087433049 0.9057516558663405
0 0.14788732394366197 0.7147887323943662 0.42995251438206705 0.9960593962838062
0 0.45686619718309857 0.7928403755868545 0.7018235624132118 0.9866239199673786
0 0.7165492957746479 0.7282863849765259 0.9816388427395358 0.9749247145628072
0 0.6998239436619719 0.5751173708920188 0.8425616972078952 0.7115169498997113
