0 0.4441021126760563 0.5710093896713615 0.5715474902673081 0.6481390789966717
0 0.3569542253521127 0.2869718309859155 0.4681527490205316 0.35311797427759045
0 0.6034330985915493 0.5563380281690141 0.7404914466995636 0.6446265621900417
0 0.5959507042253521 0.448943661971831 0.7360933315562389 0.5243844227335847
0 0.15492957746478872 0.48826291079812206 0.2626958936718905 0.560746324582865
0 0.6095950704225352 0.6525821596244131 0.7431295796344971 0.7273165597654786
0 0.3045774647887324 0.6578638497652582 0.4268025627355683 0.7443322395247856
0 0.4414612676056338 0.4694835680751174 0.5741894976815115 0.5396305847605193
0 0.3455105633802817 0.1772300469483568 0.4637563773928784 0.24109317485507725
0 0.7015845070422535 0.2793427230046948 0.8262757110444356 0.33610367211091274
0 0.3397887323943662 0.06807511737089202 0.44835396622693907 0.1537159183583504
0 0.7808098591549296 0.7012910798122066 0.9081070379141043 0.7554569888029272
0 0.6813380281690141 0.19248826291079812 0.8293656082622496 0.2487133284842073
0 0.15096830985915494 0.5874413145539906 0.27150045408897044 0.6622139428905199
0 0.53125 0.27875586854460094 0.6392908230633803 0.35253594139169914
0 0.7764084507042254 0.6238262910798122 0.9059082709283872 0.6739296794066433
0 0.5453345070422535 0.14788732394366197 0.6524888492486609 0.22937330556106592
0 0.23899647887323944 0.29107981220657275 0.32295818816951005 0.36661321607264874
0 0.1637323943661972 0.6666666666666666 0.28337863891093035 0.7384585289514867
0 0.8578345070422535 0.25938967136150237 0.9820167981923229 0.3237914379862902
0 0.03169014084507042 0.31690140845070425 0.14435224905772664 0.38479055081663693
0 0.23767605633802816 0.19131455399061034 0.3260397552568935 0.27160134122418395
0 0.4608274647887324 0.7640845070422535 0.5799028048130331 0.8299506546320174
0 0.02244718309859155 0.11737089201877934 0.12366969754265028 0.1935930921995195
0 0.03345070422535211 0.22711267605633803 0.13598879810553463 0.2885991122793097
0 0.7654049295774648 0.4595070422535211 0.9032722689570521 0.5185096789658137
0 0.4529049295774648 0.6737089201877934 0.5799062918443761 0.7331727060327535
0 0.08142605633802817 0.6866197183098591 0.14917190754562587 0.8364515142498181
0 0.769806338028169 0.5440140845070423 0.9045907542526285 0.5976854377438339
0 0.6866197183098591 0.02464788732394366 0.8223210300535608 0.08273201415063149
0 0.22931338028169015 0.10387323943661972 0.31812090080093236 0.17130054387357008
0 0.31866197183098594 0.5487089201877934 0.4149125607518349 0.6358282224646785
0 0.011443661971830986 0.022300469483568074 0.12147383641638564 0.09857846216579602
0 0.6817781690140845 0.09624413145539906 0.8284851328481453 0.14607027926557783
0 0.20906690140845072 0.01056338028169014 0.30316502337085893 0.08156657078621966
0 0.8560739436619719 0.17018779342723006 0.9740950378769093 0.22818650951089953
0 0.9269366197183099 0.6725352112676056 0.999 0.7331733948290683
0 0.9256161971830986 0.579225352112676 0.999 0.6416788583614362
0 0.8556338028169014 0.08215962441314555 0.9917008654036897 0.13668887345985142
0 0.7922535211267606 0.7910798122065728 0.9023801701051378 0.8393244836782825
0 0.6131161971830986 0.7676056338028169 0.7444484523780004 0.8358171328440125
0 0.16461267605633803 0.767018779342723 0.28205782892779213 0.8270146603407612
0 0.30941901408450706 0.7588028169014085 0.4241595867015473 0.8393434255769359
0 0.9264964788732394 0.7640845070422535 0.999 0.8364060536930503
0 0.056338028169014086 0.4964788732394366 0.13641886530450306 0.6605067612246247
0 0.00044014084507042255 0.6789906103286385 0.06205966543096608 0.8751883857920607
0 0.7548415492957746 0.9436619718309859 0.8729072000223169 0.999
0 0.894806338028169 0.9483568075117371 0.999 0.9947486168970001
0 0.9198943661971831 0.45774647887323944 0.999 0.5543088342260134
