0 0.610475352112676 0.13673708920187794 0.8509636992288236 0.22409815898521018
0 0.5765845070422535 0.22711267605633803 0.8109257990726046 0.3191155442041923
0 0.5110035211267606 0.3626760563380282 0.7409722695769689 0.44814396945050583
0 0.4511443661971831 0.4395539906103286 0.7097486160360047 0.5026763180806277
0 0.37808098591549294 0.5645539906103286 0.62043218266465 0.6440348861557451
0 0.3609154929577465 0.6367370892018779 0.5707038224062686 0.6950488632105623
0 0.29577464788732394 0.7723004694835681 0.46817967665145804 0.8123401992549979
0 0.23459507042253522 0.8761737089201878 0.3744566042823845 0.9372792407811502
0 0.2649647887323944 0.8427230046948356 0.42858056127256494 0.8874162423681369
0 0.0743838028169014 0.25880281690140844 0.3947735986783376 0.3460922518680156
0 0.06558098591549295 0.3626760563380282 0.36792888160831183 0.4182143919857171
0 0.042693661971830985 0.4272300469483568 0.3520938848318786 0.49212017016024157
0 0.023767605633802816 0.4953051643192488 0.3217324966524499 0.5566342105843197
0 0.04181338028169014 0.5944835680751174 0.29091469481501686 0.645191030769909
0 0.02596830985915493 0.6449530516431925 0.2728758942298155 0.6915229148757963
0 0.04841549295774648 0.7822769953051644 0.1976019298006348 0.8393296496506425
0 0.05677816901408451 0.8538732394366197 0.1896757138340607 0.9026679147655888
0 0.04181338028169014 0.8984741784037559 0.18043934270234083 0.9355055902708898
0 0.11707746478873239 0.0710093896713615 0.3824308637919064 0.17894893815160132
0 0.6624119718309859 0.0029342723004694834 0.999 0.10797949866649033
0 0.582306338028169 0.835093896713615 0.7682296186892481 0.9490404378540412
0 0.5651408450704225 0.727112676056338 0.7400681598393176 0.8258643704952721
0 0.784330985915493 0.7406103286384976 0.9917322486857767 0.8804339141263858
0 0.10387323943661972 0.6954225352112676 0.18173245015869868 0.7671975219863784
0 0.21214788732394366 0.7118544600938967 0.21205451237353698 0.7114367051290529
0 0.17825704225352113 0.6830985915492958 0.24596027418914895 0.7672047543476824
0 0.829225352112676 0.937793427230047 0.8288603761654434 0.9372430789746303
0 0.7425176056338029 0.8591549295774648 0.997032342603154 0.9478526086094029
0 0.3283450704225352 0.738849765258216 0.5280244960077366 0.7642377642222663
0 0.33846830985915494 0.7206572769953051 0.5416644065537592 0.7671827128656131
0 0.3362676056338028 0.6924882629107981 0.562792135736957 0.7431382111133154
0 0.3939260563380282 0.4876760563380282 0.5957773212780203 0.5548781243800833
