0 0.965669014084507 0.35768779342723006 0.06866197183098592 0.14847417840375587
0 0.27024647887323944 0.3145539906103286 0.07658450704225352 0.13028169014084506
0 0.9608274647887324 0.6696009389671361 0.04665492957746479 0.11150234741784038
0 0.3743397887323944 0.5146713615023474 0.08142605633802817 0.14788732394366197
0 0.28080985915492956 0.6088615023474179 0.0818661971830986 0.15316901408450703
0 0.05963908450704225 0.19131455399061034 0.05765845070422535 0.142018779342723
0 0.6408450704225352 0.3104460093896714 0.09066901408450705 0.13145539906103287
0 0.12191901408450705 0.1789906103286385 0.04665492957746479 0.11737089201877934
0 0.7172095070422535 0.2567488262910798 0.0664612676056338 0.12147887323943662
0 0.19872359154929578 0.39524647887323944 0.055897887323943664 0.0897887323943662
0 0.5470950704225352 0.4078638497652582 0.07042253521126761 0.11150234741784038
0 0.9275968309859155 0.420481220657277 0.04621478873239437 0.09683098591549295
0 0.339568661971831 0.2881455399061033 0.05237676056338028 0.09154929577464789
0 0.20334507042253522 0.10299295774647887 0.05457746478873239 0.1238262910798122
0 0.11289612676056338 0.7517605633802817 0.08846830985915492 0.14906103286384975
0 0.7959947183098591 0.21860328638497653 0.05677816901408451 0.12030516431924883
0 0.7363556338028169 0.6012323943661971 0.06426056338028169 0.1426056338028169
0 0.2814700704225352 0.06572769953051644 0.06205985915492958 0.09507042253521127
0 0.53125 0.136443661971831 0.045774647887323945 0.07687793427230047
0 0.6630721830985915 0.6643192488262911 0.061179577464788734 0.14788732394366197
0 0.41813380281690143 0.22857981220657278 0.05457746478873239 0.07453051643192488
0 0.6544894366197183 0.06572769953051644 0.056338028169014086 0.06572769953051644
0 0.2088468309859155 0.6786971830985915 0.0743838028169014 0.12969483568075119
0 0.5946302816901409 0.0988849765258216 0.05017605633802817 0.07805164319248827
0 0.46919014084507044 0.4618544600938967 0.07306338028169014 0.13028169014084506
0 0.596830985915493 0.7458920187793427 0.05721830985915493 0.107981220657277
0 0.02420774647887324 0.5369718309859155 0.04665492957746479 0.10093896713615023
0 0.8723591549295775 0.41226525821596244 0.03433098591549296 0.13673708920187794
0 0.8639964788732394 0.13086854460093897 0.08450704225352113 0.15023474178403756
0 0.8342869718309859 0.4166666666666667 0.03477112676056338 0.12441314553990611
0 0.8147007042253521 0.5196596244131455 0.056338028169014086 0.0897887323943662
0 0.8672975352112676 0.7461854460093896 0.04357394366197183 0.10974178403755869
0 0.46566901408450706 0.8485915492957746 0.0528169014084507 0.11384976525821597
0 0.39172535211267606 0.9102112676056338 0.06514084507042253 0.11502347417840375
0 0.5360915492957746 0.7981220657276995 0.05017605633802817 0.09976525821596244
0 0.7141285211267606 0.8937793427230047 0.05237676056338028 0.12089201877934272
0 0.04423415492957746 0.8606220657276995 0.055897887323943664 0.11326291079812206
0 0.7636443661971831 0.8450704225352113 0.04225352112676056 0.1431924882629108
0 0.2704665492957746 0.9360328638497653 0.05413732394366197 0.10328638497652583
0 0.825044014084507 0.8031103286384976 0.03917253521126761 0.125
0 0.6091549295774648 0.9539319248826291 0.07658450704225352 0.09096244131455399
0 0.4168133802816901 0.8315727699530516 0.04225352112676056 0.14553990610328638
0 0.3316461267605634 0.9286971830985915 0.04709507042253521 0.1273474178403756
0 0.0724031690140845 0.4920774647887324 0.08582746478873239 0.1238262910798122
0 0.1327024647887324 0.43896713615023475 0.06205985915492958 0.1068075117370892
0 0.47183098591549294 0.18221830985915494 0.06514084507042253 0.11091549295774648
0 0.9163732394366197 0.7171361502347418 0.043133802816901406 0.11032863849765258
0 0.9625880281690141 0.9196009389671361 0.04753521126760563 0.10211267605633803
0 0.9168133802816901 0.9562793427230047 0.04401408450704225 0.08274647887323944
