0 0.48481514084507044 0.6426056338028169 0.10783450704225352 0.2793427230046948
0 0.527068661971831 0.29958920187793425 0.144806338028169 0.21654929577464788
0 0.7931338028169014 0.21742957746478872 0.21214788732394366 0.4289906103286385
0 0.39920774647887325 0.5448943661971831 0.07130281690140845 0.16842723004694835
0 0.29005281690140844 0.5944835680751174 0.0994718309859155 0.13497652582159625
0 0.6419454225352113 0.3045774647887324 0.09991197183098592 0.22417840375586853
0 0.8257042253521126 0.6968896713615024 0.21566901408450703 0.3761737089201878
0 0.6346830985915493 0.6719483568075117 0.19982394366197184 0.3779342723004695
0 0.05567781690140845 0.3022300469483568 0.053257042253521125 0.13028169014084506
0 0.08824823943661972 0.12265258215962441 0.04357394366197183 0.11619718309859155
0 0.1036531690140845 0.2990023474178404 0.04973591549295775 0.13321596244131456
0 0.3452904929577465 0.841255868544601 0.10167253521126761 0.1742957746478873
0 0.9485035211267606 0.22417840375586853 0.10299295774647887 0.43661971830985913
0 0.07504401408450705 0.8518192488262911 0.053257042253521125 0.10856807511737089
0 0.5512764084507042 0.9266431924882629 0.10255281690140845 0.1467136150234742
0 0.39502640845070425 0.33568075117370894 0.10607394366197183 0.14788732394366197
0 0.3871038732394366 0.21684272300469484 0.13336267605633803 0.06279342723004695
0 0.27244718309859156 0.3573943661971831 0.13468309859154928 0.09741784037558686
0 0.2779489436619718 0.2822769953051643 0.14568661971830985 0.06807511737089202
0 0.9643485915492958 0.7464788732394366 0.06866197183098592 0.43309859154929575
0 0.5004401408450704 0.8879107981220657 0.04841549295774648 0.12910798122065728
0 0.02420774647887324 0.8051643192488263 0.030809859154929578 0.12910798122065728
0 0.10387323943661972 0.6901408450704225 0.04753521126760563 0.1396713615023474
0 0.04951584507042254 0.13262910798122066 0.03829225352112676 0.12910798122065728
0 0.09639084507042253 0.5079225352112676 0.051056338028169015 0.16725352112676056
0 0.15536971830985916 0.9190140845070423 0.09242957746478873 0.12793427230046947
0 0.016065140845070422 0.3078051643192488 0.03125 0.13438967136150234
