0 0.883362676056338 0.8679577464788732 0.06514084507042253 0.15845070422535212
0 0.42143485915492956 0.9019953051643192 0.0682218309859155 0.15023474178403756
0 0.4980193661971831 0.9099178403755869 0.06558098591549295 0.1426056338028169
0 0.1487676056338028 0.16637323943661972 0.05369718309859155 0.17546948356807512
0 0.35563380281690143 0.7074530516431925 0.056338028169014086 0.1073943661971831
0 0.4183538732394366 0.698650234741784 0.05149647887323944 0.10152582159624413
0 0.16505281690140844 0.7253521126760564 0.04665492957746479 0.1983568075117371
0 0.28257042253521125 0.7139084507042254 0.0528169014084507 0.09330985915492958
0 0.09198943661971831 0.15786384976525822 0.0528169014084507 0.20892018779342722
0 0.7462588028169014 0.10240610328638497 0.09551056338028169 0.1954225352112676
0 0.05567781690140845 0.7590962441314554 0.047975352112676055 0.21654929577464788
0 0.4863556338028169 0.6845657276995305 0.051056338028169015 0.08392018779342723
0 0.633362676056338 0.0994718309859155 0.10827464788732394 0.1977699530516432
0 0.9432218309859155 0.5947769953051644 0.03873239436619718 0.0698356807511737
0 0.7638644366197183 0.642018779342723 0.035651408450704226 0.08450704225352113
0 0.024867957746478875 0.14583333333333334 0.0488556338028169 0.18603286384976525
0 0.7152288732394366 0.647887323943662 0.03697183098591549 0.07629107981220658
0 0.9383802816901409 0.09301643192488263 0.09154929577464789 0.16607981220657278
0 0.1639524647887324 0.4421948356807512 0.10079225352112677 0.052230046948356805
0 0.5389524647887324 0.6813380281690141 0.04445422535211268 0.07863849765258216
0 0.5037411971830986 0.10534037558685445 0.10783450704225352 0.19307511737089203
0 0.3798415492957746 0.14906103286384975 0.1073943661971831 0.1772300469483568
0 0.6584507042253521 0.653462441314554 0.04841549295774648 0.0733568075117371
0 0.8043573943661971 0.6349765258215962 0.03653169014084507 0.07746478873239436
0 0.05215669014084507 0.5249413145539906 0.07702464788732394 0.06044600938967136
0 0.8430897887323944 0.09330985915492958 0.08582746478873239 0.1784037558685446
0 0.15757042253521128 0.5132042253521126 0.09242957746478873 0.04636150234741784
0 0.04907570422535211 0.4380868544600939 0.08582746478873239 0.10152582159624413
0 0.24559859154929578 0.1607981220657277 0.11179577464788733 0.1643192488262911
0 0.8463908450704225 0.6179577464788732 0.037852112676056336 0.07863849765258216
0 0.8961267605633803 0.6103286384976526 0.032570422535211266 0.06924882629107981
0 0.11751760563380281 0.795774647887324 0.0528169014084507 0.11737089201877934
0 0.7563820422535211 0.9339788732394366 0.04181338028169014 0.09683098591549295
0 0.9137323943661971 0.8791079812206573 0.04137323943661972 0.10915492957746478
0 0.3734595070422535 0.9181338028169014 0.053257042253521125 0.1414319248826291
0 0.8054577464788732 0.9113849765258216 0.05897887323943662 0.11384976525821597
0 0.964568661971831 0.8744131455399061 0.04709507042253521 0.11032863849765258
0 0.12477992957746478 0.9551056338028169 0.04533450704225352 0.0897887323943662
0 0.21522887323943662 0.7696596244131455 0.04753521126760563 0.09917840375586855
0 0.49471830985915494 0.8656103286384976 0.03873239436619718 0.08098591549295775
0 0.640625 0.9518779342723005 0.05501760563380282 0.08215962441314555
0 0.06536091549295775 0.9559859154929577 0.04181338028169014 0.0892018779342723
0 0.7026848591549296 0.9527582159624414 0.03829225352112676 0.08509389671361503
0 0.5737235915492958 0.9536384976525821 0.0409330985915493 0.07981220657276995
0 0.3140404929577465 0.9292840375586855 0.05413732394366197 0.10504694835680752
0 0.863556338028169 0.9014084507042254 0.030809859154929578 0.11971830985915492
0 0.941681338028169 0.3644366197183099 0.07790492957746478 0.20774647887323944
0 0.8532130281690141 0.3770539906103286 0.08582746478873239 0.2177230046948357
0 0.7495598591549296 0.38116197183098594 0.10387323943661972 0.21185446009389672
0 0.6335827464788732 0.40492957746478875 0.11399647887323944 0.22300469483568075
0 0.5226672535211268 0.4210680751173709 0.1131161971830986 0.20011737089201878
0 0.40514964788732394 0.4424882629107981 0.11047535211267606 0.2136150234741784
0 0.2871919014084507 0.46156103286384975 0.1210387323943662 0.22124413145539906
