0 0.3397887323943662 0.2007042253521127 0.4448328394663757 0.2798117932949811
0 0.22579225352112675 0.10915492957746478 0.3291259717194009 0.1977058949943794
0 0.7847711267605634 0.568075117370892 0.8799362803139259 0.6176243690625758
0 0.5752640845070423 0.06748826291079812 0.6802045492585796 0.13904490125416033
0 0.28829225352112675 0.7863849765258216 0.3854364910855981 0.851651182525513
0 0.4762323943661972 0.4442488262910798 0.5640509540517754 0.5114763797967775
0 0.4766725352112676 0.36561032863849763 0.569332450468657 0.44286055731887414
0 0.6681338028169014 0.443075117370892 0.7651108566008727 0.4903503080297119
0 0.4810739436619718 0.6062206572769953 0.5680100906938107 0.6827428282527718
0 0.672975352112676 0.6214788732394366 0.7576263312710771 0.6721704936189908
0 0.2306338028169014 0.21948356807511737 0.3304442632910137 0.2862561716149794
0 0.28829225352112675 0.38791079812206575 0.3797146600996826 0.46632164859265135
0 0.13468309859154928 0.18016431924882628 0.2147294528615354 0.2434388707046662
0 0.7011443661971831 0.18603286384976525 0.7963463273036103 0.2487171168639379
0 0.4727112676056338 0.5217136150234741 0.5658130672237651 0.5871351445921223
0 0.3970070422535211 0.6161971830985915 0.45977244408351514 0.6815632645639093
0 0.3477112676056338 0.09976525821596244 0.446149774970244 0.17599779034142257
0 0.5809859154929577 0.1789906103286385 0.6824027350724063 0.2510686674822015
0 0.7856514084507042 0.44072769953051644 0.8746542027251537 0.49211224900262296
0 0.5774647887323944 0.6038732394366197 0.6524747073993256 0.6774625157045561
0 0.02596830985915493 0.27230046948356806 0.11794631676502679 0.31967588000617164
0 0.6742957746478874 0.551056338028169 0.7620271585498909 0.6117658120081994
0 0.13600352112676056 0.2576291079812207 0.21736971676006744 0.3073605462981331
0 0.670774647887324 0.505868544600939 0.7620287083415989 0.5484120489761731
0 0.7935739436619719 0.375 0.8592457861163459 0.43463908450704225
0 0.7852112676056338 0.636150234741784 0.8728938330688355 0.6797909916462783
0 0.45598591549295775 0.18955399061032863 0.5645000061991668 0.2569310129163085
0 0.6672535211267606 0.3626760563380282 0.7580689905276731 0.4193881009059049
0 0.5726232394366197 0.5252347417840375 0.6537972608981353 0.5935884772642113
0 0.3001760563380282 0.5903755868544601 0.38058971124280894 0.6563436762987943
0 0.7816901408450704 0.5082159624413145 0.8799376363816703 0.5513449436840133
0 0.2944542253521127 0.48708920187793425 0.3827929338796866 0.5625075767594613
0 0.05545774647887324 0.5985915492957746 0.15534530909045824 0.665728526086094
0 0.05545774647887324 0.5023474178403756 0.1544650274003174 0.5671934580881218
0 0.037852112676056336 0.20774647887323944 0.12058193128843485 0.2651362990147458
0 0.18617957746478872 0.4970657276995305 0.2838088998338623 0.5671965576715378
0 0.5836267605633803 0.36326291079812206 0.6555529811793295 0.4375802447706584
0 0.22403169014084506 0.3961267605633803 0.2793908311222972 0.465143118098261
0 0.13204225352112675 0.11619718309859155 0.21517075605038682 0.1701196025920783
0 0.1993838028169014 0.5927230046948356 0.2868840740304503 0.6528211719456016
0 0.03169014084507042 0.13086854460093897 0.1122219673675858 0.1847823541404924
0 0.14040492957746478 0.40375586854460094 0.21164594853451696 0.4692466221428729
0 0.5752640845070423 0.4536384976525822 0.657757366159988 0.5044286159051334
0 0.09683098591549295 0.7588028169014085 0.17161231030549493 0.8393434255769359
0 0.13160211267605634 0.04107981220657277 0.21076954132364611 0.10091485926513699
0 0.34815140845070425 0.00528169014084507 0.4430685953307876 0.0921330506513258
0 0.9053697183098591 0.3703051643192488 0.9806754534690537 0.4252521683307986
0 0.9027288732394366 0.5692488262910798 0.9762752073621305 0.6193842436465428
0 0.8054577464788732 0.051056338028169015 0.8926912597946836 0.11205923923824639
0 0.22799295774647887 0.017018779342723004 0.32296303126859754 0.08801818146752188
0 0.03301056338028169 0.05868544600938967 0.11310166788583614 0.11792330666314003
0 0.3926056338028169 0.4735915492957746 0.45845395878793893 0.5255436669311645
0 0.3956866197183099 0.38615023474178406 0.45977302525540564 0.4416747944631797
0 0.39436619718309857 0.5387323943661971 0.4597736064272962 0.597101682867156
0 0.8138204225352113 0.19190140845070422 0.8975291283351517 0.2475399639621768
0 0.8036971830985915 0.1073943661971831 0.88476949947927 0.17892758546584672
0 0.9036091549295775 0.44072769953051644 0.9811163692099781 0.491525394542529
0 0.9278169014084507 0.1766431924882629 0.999 0.2252484488306994
0 0.9273767605633803 0.10504694835680752 0.999 0.15721534803500187
0 0.40933098591549294 0.8714788732394366 0.49365786488295976 0.9255449067645308
0 0.4014084507042254 0.8034037558685446 0.4919007885340211 0.8610308663404527
0 0.2966549295774648 0.857981220657277 0.39071450047113665 0.9091209030395204
0 0.19102112676056338 0.9477699530516432 0.2794053604195596 0.999
0 0.2953345070422535 0.931924882629108 0.3871939548824638 0.985955443143997
0 0.5246478873239436 0.8063380281690141 0.6379733063876215 0.8522263274482577
0 0.6734154929577465 0.926056338028169 0.7765521938851419 0.9777429246842557
0 0.676056338028169 0.8063380281690141 0.7827130033723467 0.8510526185280699
0 0.5360915492957746 0.9190140845070423 0.6410492554800634 0.958967714739139
0 0.5334507042253521 0.8626760563380281 0.6432511220491967 0.9108787112345434
0 0.40184859154929575 0.943075117370892 0.49762242579597304 0.9912305897198528
0 0.1892605633802817 0.8538732394366197 0.2772054310900615 0.9279026565496264
0 0.6650528169014085 0.869131455399061 0.7805171422460822 0.9179171763759395
0 0.18441901408450703 0.7664319248826291 0.27588713951844873 0.8405126573210783
0 0.6866197183098591 0.7470657276995305 0.7857893399127157 0.8012047736339792
0 0.10255281690140845 0.8509389671361502 0.18173303133058916 0.9214489794793801
0 0.10695422535211267 0.9278169014084507 0.18217123493602458 0.9941738163724129
0 0.8102992957746479 0.8937793427230047 0.9565095513662963 0.9748275942824395
0 0.8926056338028169 0.6244131455399061 0.9837620573794882 0.6844927152901762
0 0.5801056338028169 0.0029342723004694834 0.6859242492808967 0.05105461603738236
0 0.7007042253521126 0.01056338028169014 0.8064697604641936 0.052810702241618726
0 0.7152288732394366 0.06044600938967136 0.8099844943339615 0.1249645269897948
0 0.6892605633802817 0.1267605633802817 0.8042740930618925 0.18361105600740593
0 0.9352992957746479 0.022887323943661973 0.999 0.09975182668782649
0 0.00044014084507042255 0.3984741784037559 0.06778149641688158 0.4510572334633781
0 0.0008802816901408451 0.47124413145539906 0.044893978749256096 0.5431506783266107
0 0.00044014084507042255 0.5539906103286385 0.057658256980261856 0.6047218364962861
0 0.0035211267605633804 0.6126760563380281 0.04841394316603848 0.6710019506711632
