0 0.00044014084507042255 0.0017605633802816902 0.1227991020506844 0.2752337085895656
0 0.3331866197183099 0.1613849765258216 0.5262618016638564 0.2862902670325553
0 0.18485915492957747 0.2335680751173709 0.4400594810057528 0.3836657464347903
0 0.03697183098591549 0.39906103286384975 0.29795907929974214 0.5537564195816527
0 0.00044014084507042255 0.5140845070422535 0.17253501754364214 0.7250504198902334
0 0.06338028169014084 0.8215962441314554 0.29794745586193216 0.999
0 0.2381161971830986 0.7224178403755869 0.3947015333639159 0.8663600834270097
0 0.33274647887323944 0.5669014084507042 0.5267021362328903 0.7308879686570124
0 0.47183098591549294 0.4454225352112676 0.6498803560801428 0.6182832027375521
0 0.6668133802816901 0.2482394366197183 0.7963614377727634 0.40184962474376773
0 0.7389964788732394 0.18838028169014084 0.8381430473244396 0.30094578621966545
0 0.7944542253521126 0.13380281690140844 0.884333426837433 0.25755058520134894
0 0.8710387323943662 0.0721830985915493 0.9406377470367983 0.1854036484163195
0 0.920774647887324 0.011737089201877934 0.9846299407359651 0.11149545945469373
0 0.6588908450704225 0.6185446009389671 0.7954846431139655 0.8306229198351297
0 0.5598591549295775 0.7570422535211268 0.7299472450902599 0.9203303742643655
0 0.42297535211267606 0.8685446009389671 0.6595849580316405 0.999
0 0.8639964788732394 0.7259389671361502 0.975852114225848 0.8317336038925257
0 0.9106514084507042 0.5616197183098591 0.999 0.7297173593202407
0 0.7750880281690141 0.8609154929577465 0.9089898380157706 0.999
0 0.1113556338028169 0.0005868544600938967 0.31289112868230506 0.13028134574268774
