0 0.07988556338028169 0.08597417840375587 0.10607394366197183 0.1414319248826291
0 0.2007042253521127 0.09565727699530517 0.10387323943661972 0.12441314553990611
0 0.3017165492957746 0.11443661971830986 0.08670774647887323 0.13497652582159625
0 0.4038292253521127 0.12646713615023475 0.08582746478873239 0.12030516431924883
0 0.49141725352112675 0.13321596244131456 0.08494718309859155 0.11619718309859155
0 0.5715228873239436 0.1467136150234742 0.06910211267605634 0.11619718309859155
0 0.6476672535211268 0.15580985915492956 0.06294014084507042 0.10035211267605634
0 0.7233714788732394 0.1687206572769953 0.06558098591549295 0.09917840375586855
0 0.08296654929577464 0.35093896713615025 0.10519366197183098 0.16549295774647887
0 0.20202464788732394 0.34330985915492956 0.0994718309859155 0.1596244131455399
0 0.3047975352112676 0.3438967136150235 0.09022887323943662 0.15492957746478872
0 0.3987676056338028 0.34330985915492956 0.07570422535211267 0.1443661971830986
0 0.48745598591549294 0.35357981220657275 0.06734154929577464 0.12030516431924883
0 0.5653609154929577 0.35357981220657275 0.061179577464788734 0.12617370892018778
0 0.6397447183098591 0.3515258215962441 0.06558098591549295 0.1068075117370892
0 0.7764084507042254 0.3761737089201878 0.0 0.0
0 0.7110475352112676 0.38321596244131456 0.058538732394366196 0.10093896713615023
0 0.778169014084507 0.3846830985915493 0.0528169014084507 0.10387323943661972
0 0.893705985915493 0.3761737089201878 0.09903169014084508 0.0903755868544601
0 0.9683098591549296 0.3785211267605634 0.056338028169014086 0.0892018779342723
0 0.09419014084507042 0.6367370892018779 0.10915492957746478 0.1983568075117371
0 0.20752640845070422 0.6276408450704225 0.09286971830985916 0.15316901408450703
0 0.3160211267605634 0.6176643192488263 0.06778169014084508 0.17312206572769953
0 0.4084507042253521 0.6018192488262911 0.07482394366197183 0.16255868544600938
0 0.4940580985915493 0.6026995305164319 0.05413732394366197 0.14906103286384975
0 0.5704225352112676 0.590669014084507 0.05985915492957746 0.12147887323943662
0 0.6476672535211268 0.5892018779342723 0.05413732394366197 0.12206572769953052
0 0.7110475352112676 0.5839201877934272 0.04973591549295775 0.107981220657277
0 0.7618838028169014 0.5742370892018779 0.03609154929577465 0.12030516431924883
0 0.8151408450704225 0.5651408450704225 0.061619718309859156 0.09389671361502347
0 0.8741197183098591 0.5557511737089202 0.032570422535211266 0.08568075117370892
0 0.9280369718309859 0.568075117370892 0.037411971830985914 0.08568075117370892
0 0.972931338028169 0.5666079812206573 0.03389084507042254 0.0710093896713615
0 0.10893485915492958 0.9184272300469484 0.08230633802816902 0.16314553990610328
0 0.2323943661971831 0.9072769953051644 0.0721830985915493 0.17136150234741784
0 0.46588908450704225 0.835093896713615 0.11751760563380281 0.15375586854460094
0 0.5682218309859155 0.8233568075117371 0.06866197183098592 0.1443661971830986
0 0.6509683098591549 0.8089788732394366 0.06778169014084508 0.1426056338028169
0 0.7244718309859155 0.7984154929577465 0.056338028169014086 0.11561032863849766
0 0.7847711267605634 0.801349765258216 0.04401408450704225 0.10974178403755869
0 0.8345070422535211 0.7734741784037559 0.04137323943661972 0.11737089201877934
0 0.8840228873239436 0.7599765258215962 0.04621478873239437 0.11150234741784038
0 0.9304577464788732 0.7470657276995305 0.03961267605633803 0.10093896713615023
0 0.9834947183098591 0.7344483568075117 0.03301056338028169 0.09917840375586855
0 0.7092869718309859 0.9621478873239436 0.06910211267605634 0.07570422535211267
0 0.7695862676056338 0.9650821596244131 0.03389084507042254 0.0698356807511737
0 0.8213028169014085 0.9483568075117371 0.051056338028169015 0.10328638497652583
0 0.8805017605633803 0.9583333333333334 0.030369718309859156 0.08333333333333333
0 0.9214348591549296 0.9301643192488263 0.053257042253521125 0.10211267605633803
