0 0.735475352112676 0.20862676056338028 0.2737676056338028 0.2846244131455399
0 0.5424735915492958 0.0892018779342723 0.1835387323943662 0.1772300469483568
0 0.3699383802816901 0.767018779342723 0.1738556338028169 0.12793427230046947
0 0.8727992957746479 0.39436619718309857 0.14348591549295775 0.1960093896713615
0 0.10321302816901408 0.823943661971831 0.14656690140845072 0.0903755868544601
0 0.48305457746478875 0.5105633802816901 0.05413732394366197 0.06572769953051644
0 0.09397007042253522 0.7426643192488263 0.13512323943661972 0.07805164319248827
0 0.2827904929577465 0.27816901408450706 0.0664612676056338 0.06690140845070422
0 0.3772007042253521 0.36561032863849763 0.07922535211267606 0.07863849765258216
0 0.15030809859154928 0.046948356807511735 0.053257042253521125 0.07276995305164319
0 0.7222711267605634 0.6282276995305164 0.08362676056338028 0.11913145539906103
0 0.5459947183098591 0.44688967136150237 0.06558098591549295 0.0897887323943662
0 0.6659330985915493 0.727406103286385 0.06778169014084508 0.08509389671361503
0 0.7724471830985915 0.7796361502347418 0.13468309859154928 0.15669014084507044
0 0.6203785211267606 0.9615610328638498 0.13424295774647887 0.07687793427230047
0 0.9245158450704225 0.49383802816901406 0.12632042253521128 0.198943661971831
0 0.21720950704225353 0.10211267605633803 0.04181338028169014 0.08568075117370892
0 0.2658450704225352 0.14759389671361503 0.04841549295774648 0.11443661971830986
0 0.08604753521126761 0.054870892018779344 0.06205985915492958 0.0710093896713615
0 0.17319542253521128 0.15874413145539906 0.053257042253521125 0.0886150234741784
0 0.22799295774647887 0.2221244131455399 0.06338028169014084 0.08274647887323944
0 0.32504401408450706 0.20334507042253522 0.061179577464788734 0.08392018779342723
0 0.43441901408450706 0.4137323943661972 0.056338028169014086 0.09624413145539906
0 0.2515404929577465 0.5789319248826291 0.16593309859154928 0.18251173708920188
0 0.176056338028169 0.47007042253521125 0.1329225352112676 0.12793427230046947
0 0.1327024647887324 0.4184272300469484 0.11399647887323944 0.17136150234741784
0 0.07174295774647887 0.32071596244131456 0.13204225352112675 0.12030516431924883
0 0.860475352112676 0.8562206572769953 0.136443661971831 0.07629107981220658
0 0.609375 0.4897300469483568 0.06558098591549295 0.09213615023474178
0 0.542693661971831 0.5598591549295775 0.07658450704225352 0.107981220657277
0 0.6047535211267606 0.6299882629107981 0.08362676056338028 0.11561032863849766
0 0.6547095070422535 0.5525234741784038 0.09727112676056338 0.08274647887323944
0 0.3842429577464789 0.2661384976525822 0.0801056338028169 0.052230046948356805
0 0.04203345070422535 0.1710680751173709 0.08318661971830986 0.17312206572769953
0 0.332306338028169 0.3075117370892019 0.035211267605633804 0.10211267605633803
