0 0.8199823943661971 0.29870892018779344 0.9019278246503671 0.5045195370186691
0 0.753080985915493 0.6437793427230047 0.8570629044956358 0.7995048243293879
0 0.6897007042253521 0.301056338028169 0.7787457303238445 0.44700642233683796
0 0.8794014084507042 0.6737089201877934 0.9692432212110693 0.821787729506932
0 0.6214788732394366 0.5944835680751174 0.7065926589466375 0.7238295284224912
0 0.29313380281690143 0.47007042253521125 0.3436209798403095 0.5730809445877141
0 0.5202464788732394 0.2887323943661972 0.5767956661624677 0.41708407723335317
0 0.5444542253521126 0.5821596244131455 0.6023131803585597 0.6833438030373162
0 0.35475352112676056 0.5 0.4364635767952787 0.5812793427230047
0 0.4819542253521127 0.045774647887323945 0.5446822384571514 0.15020787872776564
0 0.2904929577464789 0.27875586854460094 0.369150311198175 0.3630993216733893
0 0.3683978873239437 0.0029342723004694834 0.4470209516341004 0.1467118930326875
0 0.21830985915492956 0.29107981220657275 0.2723510960126959 0.36367894377217924
0 0.4727112676056338 0.5422535211267606 0.5385243348293989 0.642874264365536
0 0.4300176056338028 0.323943661971831 0.48748678802568934 0.4059131786021292
0 0.0977112676056338 0.26173708920187794 0.13860135947728625 0.32907175053450594
0 0.08274647887323944 0.07629107981220658 0.1320058334159889 0.1601664958451806
0 0.1580105633802817 0.25586854460093894 0.2023952418294981 0.34726768277899006
0 0.1426056338028169 0.3961267605633803 0.18479638836540369 0.4733590805395755
0 0.0625 0.3673708920187793 0.10032460387323944 0.4399252518239326
0 0.21654929577464788 0.036384976525821594 0.2683906033029161 0.16840587736119378
0 0.31161971830985913 0.07394366197183098 0.3629790406169411 0.15782045559743438
0 0.6342429577464789 0.01056338028169014 0.7307947874305694 0.15785765059842624
0 0.8609154929577465 0.015258215962441314 0.999 0.16137602217373095
0 0.9308978873239436 0.30985915492957744 0.9969494287467764 0.554982477021755
0 0.6047535211267606 0.2846244131455399 0.7017584711614759 0.43645268520355307
0 0.3789612676056338 0.27230046948356806 0.4668226402871454 0.3760139081751857
0 0.18265845070422534 0.4289906103286385 0.24903932286500693 0.5161801698296193
0 0.2539612676056338 0.6203051643192489 0.2987438550758778 0.6633683655138972
0 0.22007042253521128 0.653169014084507 0.29303694083515175 0.7267293609072274
0 0.1624119718309859 0.681924882629108 0.24464682571662366 0.7642711708435275
0 0.13556338028169015 0.7235915492957746 0.214288924568538 0.7971105683396151
0 0.040492957746478875 0.6232394366197183 0.0765666844376116 0.6844934040864907
0 0.12059859154929578 0.6109154929577465 0.20505255343681808 0.6498762233022549
0 0.30809859154929575 0.8169014084507042 0.36870242139456455 0.8962342127884678
0 0.3587147887323944 0.778169014084507 0.420616762857072 0.8440268961184949
0 0.4198943661971831 0.7582159624413145 0.48264969438107513 0.8334752253741542
0 0.3961267605633803 0.9072769953051644 0.4866214230807379 0.999
0 0.4951584507042254 0.8791079812206573 0.5829686802593732 0.96838080517534
0 0.5730633802816901 0.8591549295774648 0.6744836868924817 0.9325943926469615
0 0.6839788732394366 0.9284037558685446 0.7822693754959333 0.999
0 0.03477112676056338 0.10269953051643192 0.0655656817223765 0.16425897914875798
0 0.056338028169014086 0.2511737089201878 0.09372520333267209 0.30384320791730035
0 0.07570422535211267 0.5269953051643192 0.11704414426701051 0.577742373647204
