0 0.7808098591549296 0.221537558685446 0.07922535211267606 0.27523474178403756
0 0.17231514084507044 0.2238849765258216 0.08670774647887323 0.27523474178403756
0 0.6157570422535211 0.6440727699530516 0.09859154929577464 0.1942488262910798
0 0.5847271126760564 0.9448356807511737 0.08494718309859155 0.16666666666666666
0 0.36971830985915494 0.2282863849765258 0.08362676056338028 0.28169014084507044
0 0.48129401408450706 0.22711267605633803 0.07350352112676056 0.2793427230046948
0 0.6835387323943662 0.9615610328638498 0.08098591549295775 0.15669014084507044
0 0.426056338028169 0.5721830985915493 0.08362676056338028 0.19131455399061034
0 0.25462147887323944 0.5472417840375586 0.0743838028169014 0.1613849765258216
0 0.2654049295774648 0.23268779342723006 0.07746478873239436 0.22124413145539906
0 0.6943221830985915 0.24031690140845072 0.05765845070422535 0.22007042253521128
0 1.089568661971831 0.43339201877934275 0.08230633802816902 0.18368544600938966
0 0.8703785211267606 0.238556338028169 0.05501760563380282 0.29988262910798125
0 1.0068221830985915 0.42634976525821594 0.0488556338028169 0.11326291079812206
0 0.37037852112676056 0.9160798122065728 0.07262323943661972 0.15610328638497653
0 0.1758362676056338 0.931924882629108 0.0743838028169014 0.18309859154929578
0 0.4685299295774648 0.9512910798122066 0.07350352112676056 0.17253521126760563
0 0.2920334507042254 0.9131455399061033 0.05237676056338028 0.142018779342723
0 1.013644366197183 1.0862676056338028 0.1698943661971831 0.0892018779342723
0 0.5748239436619719 0.23708920187793428 0.09683098591549295 0.3039906103286385
0 0.9482834507042254 0.4380868544600939 0.05413732394366197 0.11561032863849766
0 0.9975792253521126 0.08597417840375587 0.07526408450704225 0.15669014084507044
0 0.8129401408450704 0.9636150234741784 0.0994718309859155 0.13145539906103287
0 0.7429577464788732 0.9137323943661971 0.06602112676056338 0.11032863849765258
0 0.10167253521126761 0.9867957746478874 0.0721830985915493 0.17781690140845072
0 0.027068661971830985 0.9973591549295775 0.047975352112676055 0.12969483568075119
0 0.06227992957746479 0.7262323943661971 0.042693661971830985 0.15316901408450703
0 0.06272007042253522 0.5501760563380281 0.11399647887323944 0.17781690140845072
0 0.7222711267605634 0.5915492957746479 0.07130281690140845 0.24647887323943662
0 0.8213028169014085 0.6056338028169014 0.08538732394366197 0.25704225352112675
0 0.9379401408450704 0.7494131455399061 0.08538732394366197 0.2312206572769953
0 1.032350352112676 0.7391431924882629 0.08054577464788733 0.2142018779342723
0 1.1003521126760563 0.7511737089201878 0.07130281690140845 0.2347417840375587
0 0.9075704225352113 0.9947183098591549 0.06866197183098592 0.13497652582159625
0 0.19036091549295775 0.5319835680751174 0.047975352112676055 0.13086854460093897
0 0.36047535211267606 0.5589788732394366 0.05193661971830986 0.1742957746478873
0 1.0706426056338028 0.10475352112676056 0.053257042253521125 0.18485915492957747
0 0.0996919014084507 0.2300469483568075 0.06382042253521127 0.2828638497652582
