0 0.6769366197183099 0.6044600938967136 0.8315682497272366 0.999
0 0.15977112676056338 0.6244131455399061 0.2847008049618131 0.9849621988582513
0 0.21170774647887325 0.20657276995305165 0.3137272413087681 0.4570383962617647
0 0.025088028169014086 0.6296948356807511 0.14391501407210872 0.9468135593687319
0 0.43617957746478875 0.20950704225352113 0.5385404139183694 0.45762352873107187
0 0.5462147887323944 0.18955399061032863 0.6551293068711566 0.4728934542308625
0 0.7315140845070423 0.1602112676056338 0.838146340631819 0.4576524581762878
0 0.3221830985915493 0.2136150234741784 0.4127103067347749 0.4734661883665058
0 0.12544014084507044 0.2318075117370892 0.22133563374082524 0.4693475308029712
0 0.023767605633802816 0.20657276995305165 0.11310573608906964 0.47347032114439375
0 0.8516725352112676 0.5839201877934272 0.9987448624404879 0.9280610797019991
0 0.8683978873239436 0.1414319248826291 0.9793713037467764 0.4676400047389186
0 0.3182218309859155 0.7206572769953051 0.4439620502504464 0.999
0 0.49867957746478875 0.7012910798122066 0.6278614966648483 0.999
0 0.4977992957746479 0.6156103286384976 0.49758019397193015 0.6152490549714563
