0 0.5875880281690141 0.6238262910798122 0.07746478873239436 0.2300469483568075
0 0.6168573943661971 0.2056924882629108 0.10607394366197183 0.272887323943662
0 0.42561619718309857 0.2790492957746479 0.07570422535211267 0.2353286384976526
0 0.7893926056338029 0.5803990610328639 0.10959507042253522 0.3039906103286385
0 0.7577024647887324 0.15991784037558684 0.12015845070422536 0.2775821596244131
0 0.5231073943661971 0.2535211267605634 0.07702464788732394 0.27699530516431925
0 0.6751760563380281 0.6115023474178404 0.08362676056338028 0.22183098591549297
0 0.36069542253521125 0.6555164319248826 0.047975352112676055 0.19483568075117372
0 0.3131602112676056 0.659037558685446 0.04533450704225352 0.19483568075117372
0 0.19190140845070422 0.664906103286385 0.04753521126760563 0.16784037558685447
0 0.10189260563380281 0.08362676056338028 0.0409330985915493 0.1437793427230047
0 0.29401408450704225 0.30663145539906106 0.05193661971830986 0.18251173708920188
0 0.05765845070422535 0.6851525821596244 0.0818661971830986 0.16960093896713616
0 0.07130281690140845 0.4128521126760563 0.07834507042253522 0.17546948356807512
0 0.03279049295774648 0.11384976525821597 0.04709507042253521 0.14553990610328638
0 0.429137323943662 0.6267605633802817 0.04841549295774648 0.1936619718309859
0 0.20026408450704225 0.05604460093896713 0.03609154929577465 0.09096244131455399
0 0.49119718309859156 0.6229460093896714 0.05193661971830986 0.18485915492957747
0 0.3545334507042254 0.29988262910798125 0.05765845070422535 0.2112676056338028
0 0.16175176056338028 0.06748826291079812 0.03389084507042254 0.12206572769953052
0 0.2211707746478873 0.3095657276995305 0.047975352112676055 0.13321596244131456
0 0.2592429577464789 0.6748826291079812 0.04225352112676056 0.18192488262910797
0 0.13600352112676056 0.07071596244131455 0.035211267605633804 0.1402582159624413
0 0.06183978873239437 0.10005868544600939 0.04005281690140845 0.13556338028169015
0 0.17341549295774647 0.3617957746478873 0.05017605633802817 0.18251173708920188
0 0.23877640845070422 0.03931924882629108 0.03301056338028169 0.07276995305164319
0 0.4496038732394366 0.8911384976525821 0.053257042253521125 0.07453051643192488
0 0.9163732394366197 0.5572183098591549 0.1267605633802817 0.340962441314554
0 0.8846830985915493 0.14583333333333334 0.11443661971830986 0.23415492957746478
0 0.9110915492957746 0.9131455399061033 0.13996478873239437 0.19014084507042253
0 0.319762323943662 0.9169600938967136 0.06205985915492958 0.1449530516431925
0 0.6109154929577465 0.9304577464788732 0.07482394366197183 0.10387323943661972
0 0.5314700704225352 0.9401408450704225 0.05941901408450704 0.09859154929577464
0 0.3908450704225352 0.9225352112676056 0.04841549295774648 0.14084507042253522
0 0.704225352112676 0.9196009389671361 0.1073943661971831 0.1255868544600939
0 0.4612676056338028 0.9354460093896714 0.058098591549295774 0.1068075117370892
0 0.18221830985915494 0.9193075117370892 0.06073943661971831 0.1414319248826291
0 0.25308098591549294 0.9213615023474179 0.0448943661971831 0.1596244131455399
0 0.10387323943661972 0.9040492957746479 0.04665492957746479 0.125
0 0.0662411971830986 0.9310446009389671 0.04445422535211268 0.13791079812206572
0 0.2887323943661972 0.032570422535211266 0.04753521126760563 0.04988262910798122
