0 0.5889084507042254 0.2828638497652582 0.7321351635340211 0.5385663944543632
0 0.4845950704225352 0.6619718309859155 0.5979381183668915 0.8165129273292335
0 0.448943661971831 0.2875586854460094 0.5380946550783575 0.5491270195507946
0 0.06558098591549295 0.10856807511737089 0.1645838111857766 0.2775184459653067
0 0.3965669014084507 0.6696009389671361 0.4738571448497322 0.801250234190747
0 0.730193661971831 0.22711267605633803 0.9068088936346954 0.5133643704952721
0 0.34286971830985913 0.0005868544600938967 0.4589159904408847 0.23943627532015252
0 0.1500880281690141 0.6273474178403756 0.2613776021002777 0.8182938102007979
0 0.4705105633802817 0.0005868544600938967 0.5856203738717517 0.21830951475677224
0 0.5994718309859155 0.6349765258215962 0.7026410775391787 0.8135944973440014
0 0.7367957746478874 0.6772300469483568 0.9046052835498909 0.7836401232118848
0 0.35079225352112675 0.687206572769953 0.41797940481799245 0.8229535172695012
0 0.0743838028169014 0.3884976525821596 0.24820669726988692 0.5731288159315833
0 0.6038732394366197 0.0005868544600938967 0.732128576919262 0.1895536462121713
0 0.2147887323943662 0.04812206572769953 0.32252870214243207 0.2587745762525072
0 0.021566901408450703 0.7194835680751174 0.12190952161029557 0.8018078148074677
0 0.7359154929577465 0.0005868544600938967 0.8742359526879587 0.1701874490290727
0 0.8868838028169014 0.01056338028169014 0.9952082377628446 0.28285765059842627
0 0.0022007042253521128 0.11619718309859155 0.0642595947604642 0.2951196025920783
0 0.00044014084507042255 0.357981220657277 0.07438360909293791 0.5866443772179242
0 0.36223591549295775 0.33098591549295775 0.443502537009026 0.5508620974674336
0 0.25044014084507044 0.33568075117370894 0.3057876583887126 0.5702255394652737
