0 0.7244718309859155 0.31103286384976525 0.7989769050039675 0.4863198163944544
0 0.6245598591549296 0.4107981220657277 0.7224363733014283 0.4891955410081774
0 0.7473591549295775 0.7194835680751174 0.8324175355832176 0.896291382882585
0 0.8050176056338029 0.3022300469483568 0.8684837070397738 0.46226394950296457
0 0.5977112676056338 0.5704225352112676 0.666550303139258 0.7144539773854394
0 0.23327464788732394 0.3532863849765258 0.3489290164401904 0.4364123906191452
0 0.2442781690140845 0.4647887323943662 0.3546460043270184 0.5413939033260596
0 0.10695422535211267 0.3761737089201878 0.20813954479517952 0.46045999195485904
0 0.5110035211267606 0.4231220657276995 0.6111307202811942 0.5044465246093147
0 0.36971830985915494 0.3315727699530516 0.480471074687562 0.4217537718486191
0 0.10387323943661972 0.47417840375586856 0.22662681635588175 0.5748390971808944
0 0.3829225352112676 0.44190140845070425 0.48134554465879786 0.5226279921311909
0 0.5008802816901409 0.3333333333333333 0.5966105280450308 0.39475743348982784
0 0.6742957746478874 0.6907276995305164 0.7492630740428486 0.8393833757631863
0 0.6263204225352113 0.3145539906103286 0.704389823757687 0.38420507394917236
0 0.4819542253521127 0.2136150234741784 0.592217449724757 0.3085600850801208
0 0.8741197183098591 0.3034037558685446 0.9318335740676453 0.45580786164561704
0 0.005721830985915493 0.4865023474178404 0.09814889003917873 0.5895032263219379
0 0.4647887323943662 0.5856807511737089 0.5266440190438405 0.6933182624699685
0 0.6073943661971831 0.198943661971831 0.7052784355782583 0.2962447513720822
0 0.02772887323943662 0.3673708920187793 0.08449483764382068 0.46985482928872135
0 0.5382922535211268 0.5856807511737089 0.5829496953109502 0.6921445535497808
0 0.9141725352112676 0.6924882629107981 0.9837525649052766 0.8681382111133154
0 0.21346830985915494 0.806924882629108 0.33045181852559014 0.999
0 0.5730633802816901 0.7312206572769953 0.664360447455862 0.9086084385814103
0 0.8257042253521126 0.70481220657277 0.9124886865205316 0.8845629036346404
0 0.03829225352112676 0.8485915492957746 0.1478704699588375 0.999
0 0.33186619718309857 0.24706572769953053 0.45231872086391595 0.3337751961691904
0 0.21654929577464788 0.2887323943661972 0.32604905400714146 0.338445579580771
0 0.11751760563380281 0.2857981220657277 0.21429686725104147 0.3566397898344685
0 0.0022007042253521128 0.3039906103286385 0.11619621447877405 0.357802822411779
