0 0.9262764084507042 0.5299295774647887 0.06382042253521127 0.13849765258215962
0 0.5913292253521126 0.5774647887323944 0.08582746478873239 0.19014084507042253
0 0.5074823943661971 0.18867370892018778 0.09419014084507042 0.19072769953051644
0 0.6797975352112676 0.5580985915492958 0.08054577464788733 0.18427230046948356
0 0.6080545774647887 0.18192488262910797 0.08758802816901408 0.19483568075117372
0 0.41153169014084506 0.2007042253521127 0.08274647887323944 0.17253521126760563
0 0.07086267605633803 0.19512910798122066 0.10299295774647887 0.2130281690140845
0 0.18463908450704225 0.204518779342723 0.08494718309859155 0.19190140845070422
0 0.30149647887323944 0.19982394366197184 0.09242957746478873 0.1742957746478873
0 0.8516725352112676 0.5478286384976526 0.07570422535211267 0.10622065727699531
0 0.24867957746478872 0.6050469483568075 0.11355633802816902 0.12323943661971831
0 0.7649647887323944 0.5416666666666666 0.0721830985915493 0.13497652582159625
0 0.8463908450704225 0.4025821596244131 0.08098591549295775 0.12793427230046947
0 0.8224031690140845 0.8063380281690141 0.050616197183098594 0.13262910798122066
0 0.24713908450704225 0.7197769953051644 0.1192781690140845 0.09565727699530517
0 0.39348591549295775 0.5651408450704225 0.11091549295774648 0.11502347417840375
0 0.7079665492957746 0.8339201877934272 0.05501760563380282 0.14084507042253522
0 0.3981073943661972 0.6778169014084507 0.1034330985915493 0.09389671361502347
0 0.6390845070422535 0.8400821596244131 0.058098591549295774 0.12030516431924883
0 0.48305457746478875 0.5806924882629108 0.0488556338028169 0.1742957746478873
0 0.745818661971831 0.4046361502347418 0.04973591549295775 0.08509389671361503
0 0.9192341549295775 0.39436619718309857 0.06470070422535211 0.11384976525821597
0 0.9788732394366197 0.5152582159624414 0.03961267605633803 0.12793427230046947
0 0.5633802816901409 0.9107981220657277 0.0818661971830986 0.18192488262910797
0 0.936399647887324 0.9392605633802817 0.04181338028169014 0.11326291079812206
0 0.8886443661971831 0.9363262910798122 0.04929577464788732 0.09448356807511737
0 0.4267165492957746 0.9413145539906104 0.11487676056338028 0.11619718309859155
0 0.7044454225352113 0.9392605633802817 0.05149647887323944 0.08626760563380281
0 0.8039172535211268 0.9515845070422535 0.05941901408450704 0.10269953051643192
0 0.09991197183098592 0.7200704225352113 0.15669014084507044 0.1607981220657277
0 0.9643485915492958 0.8101525821596244 0.07130281690140845 0.14847417840375587
0 0.07966549295774648 0.5539906103286385 0.10299295774647887 0.10211267605633803
0 0.6985035211267606 0.3987676056338028 0.056338028169014086 0.09330985915492958
