0 0.6720950704225352 0.22417840375586853 0.136443661971831 0.2535211267605634
0 0.46346830985915494 0.8811619718309859 0.06602112676056338 0.14612676056338028
0 0.5442341549295775 0.2347417840375587 0.12808098591549297 0.2347417840375587
0 0.191681338028169 0.6197183098591549 0.11663732394366197 0.1443661971830986
0 0.8657570422535211 0.2649647887323944 0.2482394366197183 0.15316901408450703
0 0.5253080985915493 0.6355633802816901 0.144806338028169 0.14084507042253522
0 0.7110475352112676 0.6299882629107981 0.18970070422535212 0.13673708920187794
0 0.4586267605633803 0.24882629107981222 0.05545774647887324 0.1960093896713615
0 0.9005281690140845 0.13761737089201878 0.16461267605633803 0.10974178403755869
0 0.13424295774647887 0.1068075117370892 0.06338028169014084 0.12206572769953052
0 0.06558098591549295 0.1340962441314554 0.04665492957746479 0.09683098591549295
0 0.22161091549295775 0.07599765258215962 0.09022887323943662 0.12617370892018778
0 0.14744718309859156 0.8556338028169014 0.05017605633802817 0.08450704225352113
0 0.7599031690140845 0.15610328638497653 0.03917253521126761 0.10093896713615023
0 0.563600352112676 0.8858568075117371 0.0664612676056338 0.13321596244131456
0 0.2992957746478873 0.8617957746478874 0.04665492957746479 0.09683098591549295
0 0.6597711267605634 0.9298708920187794 0.07130281690140845 0.13908450704225353
0 0.21963028169014084 0.8453638497652582 0.05369718309859155 0.0886150234741784
0 0.1073943661971831 0.857981220657277 0.03345070422535211 0.0892018779342723
0 0.9231954225352113 0.914612676056338 0.1034330985915493 0.10622065727699531
0 0.285431338028169 0.2822769953051643 0.13776408450704225 0.20892018779342722
0 0.40713028169014087 0.8996478873239436 0.06426056338028169 0.13849765258215962
0 0.3516725352112676 0.869131455399061 0.05985915492957746 0.11032863849765258
0 0.6338028169014085 0.8764671361502347 0.05545774647887324 0.13673708920187794
0 0.12764084507042253 0.9061032863849765 0.0 0.0
0 0.15404929577464788 0.9571596244131455 0.05985915492957746 0.08098591549295775
0 0.1073943661971831 0.9492370892018779 0.06778169014084508 0.10152582159624413
0 0.08252640845070422 0.9113849765258216 0.04973591549295775 0.12206572769953052
0 0.03961267605633803 0.9187206572769953 0.06338028169014084 0.10974178403755869
0 0.016505281690140844 0.8940727699530516 0.032130281690140844 0.07453051643192488
0 0.339568661971831 0.061619718309859156 0.12632042253521128 0.11737089201877934
