0 0.3600352112676056 0.5551643192488263 0.426338012671097 0.7279605843196896
0 0.5999119718309859 0.6109154929577465 0.6643486302940884 0.7484677725980295
0 0.08890845070422536 0.16725352112676056 0.23147495226641537 0.3584699216425312
0 0.5123239436619719 0.25586854460093894 0.660425913757191 0.36487331658180694
0 0.29225352112676056 0.34507042253521125 0.4378115081333069 0.3841871652449911
0 0.2935739436619718 0.26936619718309857 0.4466137438628248 0.32613300105799115
0 0.17693661971830985 0.6379107981220657 0.22439395395258876 0.7349542777006326
0 0.22843309859154928 0.647887323943662 0.27498748543195795 0.7502066388943992
0 0.7315140845070423 0.2775821596244131 0.8223012702092838 0.37894508089223916
0 0.7830105633802817 0.6584507042253521 0.8302011397168221 0.7437450406665345
0 0.5884683098591549 0.818075117370892 0.6370649347227733 0.8991677962926227
0 0.14568661971830985 0.5023474178403756 0.19183728581878595 0.6076864158346007
0 0.2169894366197183 0.5099765258215962 0.2635488602831779 0.609442502038837
0 0.0682218309859155 0.49119718309859156 0.12320940940537592 0.6153220673808106
0 0.1307218309859155 0.6431924882629108 0.1737980977856576 0.7361248870374044
0 0.3125 0.6625586854460094 0.3625385123239437 0.7472637566399966
0 0.5409330985915493 0.6490610328638498 0.5921914907136481 0.7431636965769579
0 0.7007042253521126 0.6549295774647887 0.7404486337036302 0.7507893605766052
0 0.4300176056338028 0.5293427230046949 0.47824383027921047 0.6393607143644339
0 0.48151408450704225 0.6496478873239436 0.5266366575332275 0.7414027887985188
0 0.3824823943661972 0.5404929577464789 0.4197260200729022 0.6475701332407592
0 0.6078345070422535 0.5504694835680751 0.6511409179106328 0.655193386453305
0 0.3147007042253521 0.5375586854460094 0.3607769803238445 0.6411164561705129
0 0.6624119718309859 0.5575117370892019 0.7061345017729617 0.6639920705768255
0 0.5382922535211268 0.5158450704225352 0.5781081460151756 0.6158944571182966
0 0.9036091549295775 0.3163145539906103 0.9855177776606824 0.39887540225704776
0 0.8450704225352113 0.6502347417840375 0.8807900218210672 0.7396418810200798
0 0.7447183098591549 0.6437793427230047 0.7853236275044634 0.7372982515594348
0 0.9115316901408451 0.6619718309859155 0.9639473892208887 0.7372875752165575
0 0.8199823943661971 0.31690140845070425 0.8715581063405078 0.40180933015935993
0 0.46963028169014087 0.8356807511737089 0.5218003387844674 0.9290870418126915
0 0.1857394366197183 0.8386150234741784 0.23231261468458636 0.9361275733430315
0 0.5272887323943662 0.8286384976525821 0.5794334116494744 0.9173540853887016
0 0.3371478873239437 0.8303990610328639 0.37925301589466376 0.9167661977341356
0 0.27860915492957744 0.8380281690140845 0.3282224431536402 0.9314330820604377
0 0.42077464788732394 0.8274647887323944 0.46284296890497917 0.9279181544667063
0 0.2367957746478873 0.8333333333333334 0.2763042272118627 0.9308489827856026
0 0.7037852112676056 0.8174882629107981 0.741767700171097 0.8915390327095595
0 0.38380281690140844 0.8268779342723005 0.42104586143622297 0.920289390883643
0 0.1289612676056338 0.8397887323943662 0.1715981684561595 0.930258339945778
0 0.9115316901408451 0.8227699530516432 0.9533840089391986 0.9026861678679274
0 0.058538732394366196 0.8380281690140845 0.0976855023184884 0.9378884811214706
0 0.6615316901408451 0.8186619718309859 0.6995327765448324 0.8927120528334325
0 0.00044014084507042255 0.8392018779342723 0.049295580923923825 0.9566671350481606
0 0.9643485915492958 0.8098591549295775 0.999 0.9044543080076703
0 0.0044014084507042256 0.5176056338028169 0.0506142599434636 0.6511046915294585
0 0.0044014084507042256 0.6578638497652582 0.06205792191529458 0.7613510188675086
0 0.0743838028169014 0.6232394366197183 0.11836514797411228 0.7461131223963499
0 0.8032570422535211 0.5252347417840375 0.9036957495412618 0.634668289470784
0 0.9251760563380281 0.4818075117370892 0.9960716654681612 0.6376280472348961
0 0.4942781690140845 0.14730046948356806 0.6397472367213847 0.24991355606250965
0 0.6883802816901409 0.17136150234741784 0.8302427903689744 0.26633136062068813
0 0.8838028169014085 0.21654929577464788 0.9859666360841102 0.30855836308933415
0 0.0022007042253521128 0.1596244131455399 0.06778072152102757 0.3508452908373559
