0 1.0589788732394365 0.2505868544600939 0.07394366197183098 0.12089201877934272
0 0.8692781690140845 0.22476525821596244 0.07482394366197183 0.17253521126760563
0 0.7825704225352113 0.2007042253521127 0.08274647887323944 0.11384976525821597
0 0.6912411971830986 0.2136150234741784 0.08670774647887323 0.11267605633802817
0 0.6065140845070423 0.20334507042253522 0.07482394366197183 0.12617370892018778
0 0.5195862676056338 0.21185446009389672 0.06734154929577464 0.1396713615023474
0 0.4297975352112676 0.20334507042253522 0.0682218309859155 0.11208920187793427
0 0.32768485915492956 0.21214788732394366 0.08670774647887323 0.12265258215962441
0 0.24339788732394366 0.2112676056338028 0.07394366197183098 0.11384976525821597
0 0.13600352112676056 0.23092723004694835 0.1073943661971831 0.11561032863849766
0 0.7799295774647887 0.43045774647887325 0.07482394366197183 0.07922535211267606
0 0.6098151408450704 0.44923708920187794 0.07350352112676056 0.10387323943661972
0 0.503080985915493 0.45774647887323944 0.0801056338028169 0.10328638497652583
0 0.3301056338028169 0.46919014084507044 0.07394366197183098 0.12617370892018778
0 0.18705985915492956 0.4727112676056338 0.0880281690140845 0.11913145539906103
0 0.2634242957746479 0.4709507042253521 0.05941901408450704 0.11561032863849766
0 0.9456426056338029 0.596830985915493 0.06998239436619719 0.11854460093896714
0 1.0143045774647887 0.5865610328638498 0.06734154929577464 0.09800469483568075
0 1.1043133802816902 0.5827464788732394 0.06866197183098592 0.0880281690140845
0 0.05963908450704225 0.41050469483568075 0.08670774647887323 0.21889671361502347
0 0.04841549295774648 0.6772300469483568 0.0880281690140845 0.16549295774647887
0 0.13336267605633803 0.6684272300469484 0.058098591549295774 0.13849765258215962
0 0.33274647887323944 0.6710680751173709 0.06073943661971831 0.10856807511737089
0 0.4551056338028169 0.6581572769953051 0.0880281690140845 0.13438967136150234
0 0.5501760563380281 0.6443661971830986 0.06602112676056338 0.11737089201877934
0 0.6241197183098591 0.6408450704225352 0.06866197183098592 0.09976525821596244
0 0.7119278169014085 0.6434859154929577 0.08142605633802817 0.10152582159624413
0 0.7935739436619719 0.6376173708920188 0.06073943661971831 0.09330985915492958
0 0.8672975352112676 0.6461267605633803 0.08142605633802817 0.11737089201877934
0 1.0919894366197183 0.8031103286384976 0.0801056338028169 0.10035211267605634
0 0.9295774647887324 0.7916666666666666 0.07394366197183098 0.09507042253521127
0 0.05567781690140845 0.9756455399061033 0.0840669014084507 0.1449530516431925
0 0.1467869718309859 0.9644953051643192 0.06734154929577464 0.1602112676056338
0 0.3301056338028169 0.9903169014084507 0.05017605633802817 0.07805164319248827
0 0.772887323943662 0.9991197183098591 0.06338028169014084 0.0710093896713615
0 1.0836267605633803 1.0137910798122065 0.0528169014084507 0.10035211267605634
0 0.6045334507042254 1.044894366197183 0.07350352112676056 0.08626760563380281
0 0.839568661971831 1.0636737089201878 0.06205985915492958 0.09330985915492958
0 0.9242957746478874 1.0551643192488263 0.0994718309859155 0.06924882629107981
