0 0.4837147887323944 0.27230046948356806 0.1073943661971831 0.10328638497652583
0 0.355193661971831 0.8039906103286385 0.06338028169014084 0.07394366197183098
0 0.811399647887324 0.3022300469483568 0.09815140845070422 0.12441314553990611
0 0.3118397887323944 0.48620892018779344 0.07790492957746478 0.08744131455399061
0 0.7275528169014085 0.39465962441314556 0.0801056338028169 0.12147887323943662
0 0.3842429577464789 0.4096244131455399 0.08714788732394366 0.07746478873239436
0 0.8743397887323944 0.5654342723004695 0.04709507042253521 0.12030516431924883
0 0.24097711267605634 0.5695422535211268 0.0664612676056338 0.08274647887323944
0 0.6617517605633803 0.8072183098591549 0.05941901408450704 0.10387323943661972
0 0.1230193661971831 0.3970070422535211 0.05149647887323944 0.07922535211267606
0 0.948943661971831 0.4823943661971831 0.07306338028169014 0.12323943661971831
0 0.9003080985915493 0.8591549295774648 0.04621478873239437 0.08568075117370892
0 0.952024647887324 0.16050469483568075 0.08098591549295775 0.1402582159624413
0 0.8721390845070423 0.20950704225352113 0.055897887323943664 0.12441314553990611
0 0.566681338028169 0.8703051643192489 0.0409330985915493 0.08215962441314555
0 0.33692781690140844 0.054870892018779344 0.037411971830985914 0.10387323943661972
0 0.2438380281690141 0.19131455399061034 0.05193661971830986 0.11150234741784038
0 0.19872359154929578 0.2482394366197183 0.04973591549295775 0.08098591549295775
0 0.15602992957746478 0.31514084507042256 0.04709507042253521 0.08568075117370892
0 0.07504401408450705 0.43720657276995306 0.050616197183098594 0.04929577464788732
0 0.20092429577464788 0.6384976525821596 0.08142605633802817 0.0528169014084507
0 0.43794014084507044 0.32511737089201875 0.07658450704225352 0.08450704225352113
0 0.44058098591549294 0.6848591549295775 0.08626760563380281 0.0880281690140845
0 0.3912852112676056 0.7230046948356808 0.0801056338028169 0.07981220657276995
0 0.653169014084507 0.48532863849765256 0.06866197183098592 0.13380281690140844
0 0.5840669014084507 0.5469483568075117 0.07570422535211267 0.09741784037558686
0 0.5224471830985915 0.6238262910798122 0.08362676056338028 0.09741784037558686
0 0.804137323943662 0.6185446009389671 0.05985915492957746 0.107981220657277
0 0.7392165492957746 0.6493544600938967 0.05413732394366197 0.06748826291079812
0 0.6952024647887324 0.7036384976525821 0.03389084507042254 0.09741784037558686
0 0.5022007042253521 0.9043427230046949 0.07658450704225352 0.08450704225352113
0 0.8078785211267606 0.9357394366197183 0.055897887323943664 0.12852112676056338
0 0.43705985915492956 0.9612676056338029 0.06866197183098592 0.07746478873239436
0 0.22513204225352113 0.9515845070422535 0.07350352112676056 0.09683098591549295
0 0.3047975352112676 0.8744131455399061 0.09463028169014084 0.13497652582159625
0 0.08252640845070422 0.7931338028169014 0.06558098591549295 0.10269953051643192
0 0.06888204225352113 0.8571009389671361 0.04709507042253521 0.07687793427230047
0 0.17165492957746478 0.6866197183098591 0.056338028169014086 0.09154929577464789
0 0.14282570422535212 0.7180164319248826 0.05501760563380282 0.08744131455399061
0 0.12654049295774647 0.7564553990610329 0.06558098591549295 0.13380281690140844
0 0.05721830985915493 0.8817488262910798 0.05985915492957746 0.10504694835680752
0 0.02266725352112676 0.9407276995305164 0.042693661971830985 0.06924882629107981
0 0.03939260563380282 0.48914319248826293 0.04973591549295775 0.06866197183098592
0 0.034991197183098594 0.5381455399061033 0.04533450704225352 0.06807511737089202
0 0.02046654929577465 0.5924295774647887 0.04005281690140845 0.06396713615023474
0 0.5367517605633803 0.22124413145539906 0.08934859154929578 0.08685446009389672
0 0.5851672535211268 0.15258215962441316 0.09110915492957747 0.1068075117370892
0 0.621919014084507 0.07981220657276995 0.11267605633802817 0.09624413145539906
0 0.6969630281690141 0.031103286384976527 0.08230633802816902 0.06103286384976526
0 0.9419014084507042 0.801349765258216 0.05985915492957746 0.0733568075117371
0 0.025528169014084508 0.061326291079812204 0.05017605633802817 0.10974178403755869
