0 0.355193661971831 0.8230633802816901 0.08362676056338028 0.24471830985915494
0 0.18067781690140844 0.8262910798122066 0.07526408450704225 0.22065727699530516
0 1.0525968309859155 0.7400234741784038 0.09375 0.21948356807511737
0 0.43661971830985913 0.4565727699530516 0.08890845070422536 0.2323943661971831
0 0.561399647887324 0.8327464788732394 0.08142605633802817 0.22769953051643194
0 0.45686619718309857 0.8289319248826291 0.0801056338028169 0.2576291079812207
0 0.352112676056338 0.42928403755868544 0.08450704225352113 0.22711267605633803
0 0.8747799295774648 0.346537558685446 0.07526408450704225 0.2318075117370892
0 0.09661091549295775 0.8107394366197183 0.06294014084507042 0.25410798122065725
0 0.3340669014084507 0.07482394366197183 0.10651408450704225 0.08626760563380281
0 0.11663732394366197 0.09301643192488263 0.08362676056338028 0.08509389671361503
0 0.2515404929577465 0.7910798122065728 0.053257042253521125 0.22535211267605634
0 0.23305457746478872 0.07746478873239436 0.07966549295774648 0.09624413145539906
0 0.9867957746478874 0.3600352112676056 0.08714788732394366 0.26115023474178406
0 1.0856073943661972 0.34976525821596244 0.058538732394366196 0.2335680751173709
0 0.764524647887324 1.1003521126760563 0.06602112676056338 0.08568075117370892
0 0.9381602112676056 1.029049295774648 0.053257042253521125 0.1789906103286385
0 0.6846390845070423 1.0927230046948357 0.0664612676056338 0.08685446009389672
0 0.7599031690140845 0.47007042253521125 0.09727112676056338 0.29694835680751175
0 0.25704225352112675 0.45980046948356806 0.07746478873239436 0.25880281690140844
0 0.08670774647887323 0.38028169014084506 0.07922535211267606 0.2312206572769953
0 0.03169014084507042 0.8107394366197183 0.05985915492957746 0.29518779342723006
0 0.6822183098591549 0.8594483568075117 0.07394366197183098 0.23650234741784038
0 0.5884683098591549 1.0953638497652582 0.07746478873239436 0.09096244131455399
0 0.2933538732394366 1.0868544600938967 0.08054577464788733 0.107981220657277
0 0.8776408450704225 1.0437206572769953 0.07130281690140845 0.1813380281690141
0 1.0363116197183098 0.9964788732394366 0.03389084507042254 0.13849765258215962
0 0.11839788732394366 1.085093896713615 0.06690140845070422 0.11150234741784038
0 0.21038732394366197 1.0871478873239437 0.0721830985915493 0.10152582159624413
0 0.9579665492957746 0.7133215962441315 0.061179577464788734 0.1965962441314554
0 0.40625 1.0927230046948357 0.06778169014084508 0.09624413145539906
0 0.488556338028169 1.0930164319248827 0.09066901408450705 0.0897887323943662
0 0.5237676056338029 0.42077464788732394 0.08538732394366197 0.2887323943661972
0 0.863556338028169 0.7177230046948356 0.07922535211267606 0.19483568075117372
0 0.9852552816901409 1.028462441314554 0.04005281690140845 0.17781690140845072
0 0.06095950704225352 1.0862676056338028 0.042693661971830985 0.1068075117370892
