0 0.8485915492957746 0.7816901408450704 0.9983060776631622 0.9637431395887059
0 0.6910211267605634 0.7875586854460094 0.8042733181660385 0.9966035453723909
0 0.7310739436619719 0.4524647887323944 0.8531113230881769 0.5490302436685842
0 0.037411971830985914 0.789906103286385 0.1707581813504265 0.892142073883048
0 0.4467429577464789 0.727112676056338 0.5517399898953581 0.7759817413872909
0 0.07262323943661972 0.7693661971830986 0.14081310596855784 0.8193841747669114
0 0.4326584507042254 0.8345070422535211 0.5350208369495141 0.8862473550221517
0 0.8904049295774648 0.44014084507042256 0.9881644344500099 0.5543191661707333
0 0.909330985915493 0.1965962441314554 0.9863955409392978 0.30504894586612
0 0.25044014084507044 0.8855633802816901 0.35860455979716327 0.941968566091384
0 0.5475352112676056 0.7975352112676056 0.6705336552767308 0.9654944042187397
0 0.40625 0.8879107981220657 0.5205078125 0.95781225892129
0 0.25440140845070425 0.812206572769953 0.35948309797163264 0.8798050430910974
0 0.07570422535211267 0.8474178403755869 0.13949132736560205 0.8903477594833477
0 0.920774647887324 0.3163145539906103 0.993872898482444 0.4211758717406158
0 0.7799295774647887 0.32511737089201875 0.8913820732493553 0.4164758700875047
0 0.5664612676056338 0.352112676056338 0.7154196913434834 0.452845004298089
0 0.5915492957746479 0.49061032863849763 0.7083663955564372 0.5718951817320197
0 0.7178697183098591 0.20481220657276994 0.7954586841028566 0.3355605562168
0 0.5902288732394366 0.2828638497652582 0.5912895119395952 0.28445841323370585
0 0.31778169014084506 0.061619718309859156 0.42635661017159293 0.18188872082258808
0 0.4524647887323944 0.01936619718309859 0.5574593024697481 0.12674919824108974
0 0.5607394366197183 0.007629107981220657 0.663485590036699 0.11736641484273402
0 0.2605633802816901 0.0710093896713615 0.320307850624876 0.11263438416099099
0 0.19410211267605634 0.16255868544600938 0.26047794801378693 0.23640694912825938
0 0.2244718309859155 0.09213615023474178 0.2639857078208689 0.11731682150807819
0 0.19190140845070422 0.1267605633802817 0.2503556771969847 0.154855187462805
0 0.1637323943661972 0.15786384976525822 0.19314976567149375 0.18946134750600632
0 0.12984154929577466 0.20481220657276994 0.1905238373462607 0.23168731678018029
0 0.1153169014084507 0.23650234741784038 0.1645619203779012 0.268053695805506
0 0.07790492957746478 0.21654929577464788 0.1386100770556437 0.2557414616808834
0 0.10387323943661972 0.16255868544600938 0.15224301353898037 0.19884826368225
0 0.1386443661971831 0.125 0.18743897695149772 0.1566167840375587
0 0.3362676056338028 0.7147887323943662 0.43559143151160484 0.7507542319645574
0 0.3389084507042254 0.7535211267605634 0.42986843818190834 0.7970930040335913
0 0.15536971830985916 0.7118544600938967 0.23672739008877206 0.7548639351760013
0 0.10255281690140845 0.687793427230047 0.15664500316157506 0.720253642354912
0 0.08582746478873239 0.7235915492957746 0.15005025199613173 0.751922774912385
0 0.05193661971830986 0.7341549295774648 0.1095722109948423 0.7701090640084639
0 0.006602112676056338 0.7629107981220657 0.07350061526730807 0.8105851462452336
0 0.01232394366197183 0.8139671361502347 0.05985373065859948 0.8498744324318367
0 0.023767605633802816 0.6860328638497653 0.09594024313132316 0.7190809666291962
0 0.0035211267605633804 0.7089201877934272 0.05545619668716525 0.7536919482466001
0 0.5202464788732394 0.33274647887323944 0.6001231309512001 0.4164713929114594
0 0.45026408450704225 0.33274647887323944 0.5011222429205514 0.42996904549361903
0 0.3714788732394366 0.3597417840375587 0.43117452514382065 0.42584522195772445
0 0.26188380281690143 0.477112676056338 0.3511171286079151 0.5883350277722674
0 0.34419014084507044 0.4935446009389671 0.42766540926899427 0.5701328963609513
0 0.445862676056338 0.4923708920187793 0.5134481238221583 0.5566359325751064
0 0.5101232394366197 0.5134976525821596 0.5741592767432058 0.5924216563071701
0 0.15933098591549297 0.482981220657277 0.265334801502678 0.5443174992836518
0 0.27420774647887325 0.40316901408450706 0.3453898733510216 0.4645521308602791
0 0.06998239436619719 0.4935446009389671 0.1364128598616346 0.5613300794595428
0 0.12764084507042253 0.38086854460093894 0.17511987638861337 0.44695958418744075
0 0.1073943661971831 0.9583333333333334 0.18569216797262447 0.999
