0 0.8655369718309859 0.3899647887323944 0.13424295774647887 0.13908450704225353
0 0.0994718309859155 0.7564553990610329 0.06514084507042253 0.1619718309859155
0 0.23899647887323944 0.8001760563380281 0.06338028169014084 0.1637323943661972
0 0.5288292253521126 0.6179577464788732 0.06294014084507042 0.11737089201877934
0 0.4467429577464789 0.568368544600939 0.061619718309859156 0.14964788732394366
0 0.06800176056338028 0.42282863849765256 0.0682218309859155 0.14964788732394366
0 0.1756161971830986 0.7723004694835681 0.061619718309859156 0.17253521126760563
0 0.7277728873239436 0.6954225352112676 0.06205985915492958 0.11854460093896714
0 0.717649647887324 0.32541079812206575 0.12720070422535212 0.15669014084507044
0 0.363556338028169 0.5463615023474179 0.06514084507042253 0.12910798122065728
0 0.13798415492957747 0.45129107981220656 0.053257042253521125 0.13145539906103287
0 0.6571302816901409 0.6610915492957746 0.045774647887323945 0.11913145539906103
0 0.5957306338028169 0.6458333333333334 0.05941901408450704 0.11208920187793427
0 0.7946742957746479 0.70481220657277 0.05413732394366197 0.10915492957746478
0 0.2167693661971831 0.4812206572769953 0.06910211267605634 0.11384976525821597
0 0.8824823943661971 0.7494131455399061 0.08274647887323944 0.11854460093896714
0 0.9581866197183099 0.7687793427230047 0.045774647887323945 0.12793427230046947
0 0.4524647887323944 0.8899647887323944 0.06602112676056338 0.1742957746478873
0 0.6927816901408451 0.9442488262910798 0.061619718309859156 0.107981220657277
0 0.31360035211267606 0.8303990610328639 0.0682218309859155 0.17018779342723006
0 0.5321302816901409 0.9078638497652582 0.06426056338028169 0.1443661971830986
0 0.6106954225352113 0.920481220657277 0.06294014084507042 0.13438967136150234
0 0.7638644366197183 0.9515845070422535 0.06470070422535211 0.08626760563380281
0 0.14282570422535212 0.20246478873239437 0.09903169014084508 0.13380281690140844
0 0.27860915492957744 0.20980046948356806 0.10827464788732394 0.18368544600938966
0 0.4236355633802817 0.22300469483568075 0.12544014084507044 0.20305164319248825
0 0.5713028169014085 0.28726525821596244 0.10475352112676056 0.18016431924882628
