0 0.39766725352112675 0.3720657276995305 0.08142605633802817 0.15610328638497653
0 0.8054577464788732 0.3359741784037559 0.06690140845070422 0.11795774647887323
0 0.887544014084507 0.335387323943662 0.0682218309859155 0.10974178403755869
0 0.6892605633802817 0.33568075117370894 0.07306338028169014 0.11854460093896714
0 0.20994718309859156 0.39730046948356806 0.0880281690140845 0.18427230046948356
0 0.28807218309859156 0.6596244131455399 0.05149647887323944 0.13262910798122066
0 0.10893485915492958 0.42018779342723006 0.08670774647887323 0.16314553990610328
0 0.11795774647887323 0.6825117370892019 0.08274647887323944 0.16549295774647887
0 0.20906690140845072 0.6737089201877934 0.056338028169014086 0.14788732394366197
0 0.8186619718309859 0.7626173708920188 0.0818661971830986 0.06866197183098592
0 0.13028169014084506 0.11561032863849766 0.09419014084507042 0.17018779342723006
0 0.3047975352112676 0.38879107981220656 0.09198943661971831 0.17781690140845072
0 0.3694982394366197 0.6373239436619719 0.05941901408450704 0.1267605633802817
0 0.7422975352112676 0.3573943661971831 0.0488556338028169 0.07981220657276995
0 0.4441021126760563 0.6349765258215962 0.06866197183098592 0.11502347417840375
0 0.37125880281690143 0.10886150234741784 0.12367957746478873 0.13673708920187794
0 0.5633802816901409 0.7640845070422535 0.10651408450704225 0.06103286384976526
0 0.704225352112676 0.7984154929577465 0.09683098591549295 0.06279342723004695
0 0.6029929577464789 0.36384976525821594 0.07482394366197183 0.11737089201877934
0 0.741637323943662 0.545481220657277 0.0528169014084507 0.11795774647887323
0 0.8538732394366197 0.5583920187793427 0.0721830985915493 0.06044600938967136
0 0.9436619718309859 0.5434272300469484 0.05369718309859155 0.051643192488262914
0 0.9214348591549296 0.7321009389671361 0.055897887323943664 0.052230046948356805
0 0.5211267605633803 0.625 0.045774647887323945 0.09859154929577464
0 0.49867957746478875 0.13761737089201878 0.06338028169014084 0.08039906103286384
0 0.7143485915492958 0.12235915492957747 0.05897887323943662 0.07570422535211267
0 0.924955985915493 0.4677230046948357 0.05237676056338028 0.05868544600938967
0 0.700044014084507 0.738849765258216 0.08318661971830986 0.05516431924882629
0 0.03301056338028169 0.7007042253521126 0.06514084507042253 0.176056338028169
0 0.8127200704225352 0.6904342723004695 0.0743838028169014 0.06514084507042253
0 0.8294454225352113 0.48620892018779344 0.08582746478873239 0.07570422535211267
0 0.19432218309859156 0.9043427230046949 0.07702464788732394 0.12089201877934272
0 0.27662852112676056 0.8896713615023474 0.050616197183098594 0.12441314553990611
0 0.35651408450704225 0.8644366197183099 0.06866197183098592 0.11502347417840375
0 0.44058098591549294 0.8544600938967136 0.07306338028169014 0.11032863849765258
0 0.575044014084507 0.8365610328638498 0.09286971830985916 0.06631455399061033
0 0.8974471830985915 0.8764671361502347 0.0448943661971831 0.11208920187793427
0 0.9275968309859155 0.875293427230047 0.03829225352112676 0.11913145539906103
0 0.9724911971830986 0.8720657276995305 0.04005281690140845 0.09859154929577464
0 0.03939260563380282 0.13028169014084506 0.06998239436619719 0.18544600938967137
0 0.6494278169014085 0.6088615023474179 0.07790492957746478 0.08274647887323944
0 0.5897887323943662 0.960387323943662 0.03873239436619718 0.07922535211267606
0 0.539612676056338 0.9694835680751174 0.051056338028169015 0.06103286384976526
0 0.957306338028169 0.1056338028169014 0.0801056338028169 0.07511737089201878
0 0.7858714788732394 0.11971830985915492 0.06205985915492958 0.07629107981220658
0 0.7121478873239436 0.04225352112676056 0.05193661971830986 0.07863849765258216
0 0.6516285211267606 0.03931924882629108 0.05765845070422535 0.07511737089201878
0 0.016505281690140844 0.44688967136150237 0.032130281690140844 0.21889671361502347
