0 0.19410211267605634 0.004694835680751174 0.45105893392927987 0.2769925499790606
0 0.4841549295774648 0.007629107981220657 0.6239066219500099 0.26818801108686546
0 0.6610915492957746 0.0029342723004694834 0.8223322660434437 0.3116179963190725
0 0.8578345070422535 0.009389671361502348 0.9736541221359849 0.322177588221032
0 0.005721830985915493 0.4724178403755869 0.17385311539129142 0.7403330881218453
0 0.22227112676056338 0.47417840375586856 0.44884583137026385 0.6616935572747912
0 0.4727112676056338 0.4272300469483568 0.6767285601815115 0.7280356631179881
0 0.7310739436619719 0.5387323943661971 0.923973999144515 0.7009749223037757
0 0.7077464788732394 0.4061032863849765 0.8504807453878198 0.5220621459586943
0 0.0664612676056338 0.8245305164319249 0.12761159275193415 0.9613705806828451
0 0.12764084507042253 0.9618544600938967 0.12758466512100775 0.9612899915140294
0 0.14084507042253522 0.8139671361502347 0.20504364213449713 0.9549213807886442
0 0.22007042253521128 0.8309859154929577 0.25166370139853206 0.970169609204523
0 0.2596830985915493 0.863849765258216 0.323389223988296 0.999
0 0.3419894366197183 0.8503521126760564 0.3942156736634596 0.999
0 0.4128521126760563 0.8397887323943662 0.46240631509125174 0.9883569314950738
0 0.5268485915492958 0.8110328638497653 0.5864758588945647 0.9566836661597126
0 0.6170774647887324 0.8562206572769953 0.6700629060454275 0.999
0 0.6839788732394366 0.8515258215962441 0.7369348684536797 0.999
0 0.8543133802816901 0.7992957746478874 0.9586908831952985 0.9161975963763804
0 0.01232394366197183 0.3268779342723005 0.1927762658698671 0.4663574660010139
0 0.0017605633802816902 0.8274647887323944 0.05325626735766713 0.992472145077035
