0 0.27684859154929575 0.02171361502347418 0.34979011945794486 0.16724077839493928
0 0.6263204225352113 0.7177230046948356 0.6982278519267011 0.8522783315700148
0 0.014524647887323943 0.26291079812206575 0.07921895922188057 0.535056977231149
0 0.2794894366197183 0.5715962441314554 0.35639106979022017 0.7637490632370121
0 0.36223591549295775 0.26115023474178406 0.412252537009026 0.4705040198152924
0 0.40625 0.5393192488262911 0.4742930237676056 0.7320778642905948
0 0.06205985915492958 0.6185446009389671 0.14521916379438604 0.828862356454848
0 0.5233274647887324 0.517018779342723 0.5820760002355684 0.6927717025942823
0 0.1694542253521127 0.6032863849765259 0.25432682472475704 0.80950511362384
0 0.45774647887323944 0.27816901408450706 0.5028795129934537 0.4440855815645044
0 0.19410211267605634 0.03227699530516432 0.2463934409715334 0.17075570598867068
0 0.40316901408450706 0.26936619718309857 0.44656550659591354 0.4534804188983667
0 0.6263204225352113 0.48884976525821594 0.6775412322083912 0.6393844778372898
0 0.605193661971831 0.29577464788732394 0.6489413760290618 0.43057759703762477
0 0.25132042253521125 0.03169014084507042 0.30094572164501093 0.1725166137671097
0 0.7297535211267606 0.11150234741784038 0.7624428901755604 0.23702376622804117
0 0.2794894366197183 0.2764084507042254 0.32117980218458636 0.46462652086226275
0 0.8732394366197183 0.4272300469483568 0.9195100178536004 0.5208760387048426
0 0.7588028169014085 0.3004694835680751 0.8038033438305892 0.3965372831669201
0 0.5448943661971831 0.3075117370892019 0.5970312964937512 0.4411340893561683
0 0.3226232394366197 0.2711267605633803 0.36077349329250147 0.45758736692455204
0 0.7786091549295775 0.12441314553990611 0.8191995558296965 0.23877675284886155
0 0.7112676056338029 0.4636150234741784 0.7554087730609006 0.5865823855496044
0 0.8120598591549296 0.7846244131455399 0.8486742694281888 0.9156193518702197
0 0.11575704225352113 0.017018779342723004 0.1878891914426701 0.15081160869756882
0 0.9282570422535211 0.40492957746478875 0.9670210136257688 0.4821567314686239
0 0.6932218309859155 0.11326291079812206 0.7246068565884745 0.21941709923075225
0 0.7852112676056338 0.4465962441314554 0.8332811570124975 0.563705049152505
0 0.4238556338028169 0.035211267605633804 0.46460217621751637 0.18659905442041924
0 0.8503521126760564 0.5938967136150235 0.8829884013588574 0.6804026427737001
0 0.3653169014084507 0.02112676056338028 0.41797301192719694 0.18484675659591351
0 0.9313380281690141 0.5234741784037559 0.967899939248165 0.6023923273600916
0 0.5748239436619719 0.4935446009389671 0.6181448838276136 0.6593347742952236
0 0.9066901408450704 0.20774647887323944 0.9379812103253323 0.2710048436156847
0 0.46742957746478875 0.07511737089201878 0.5081569412071018 0.20066014238797417
0 0.46434859154929575 0.5246478873239436 0.5169611141762548 0.7086122958407723
0 0.917693661971831 0.3145539906103286 0.9498601700431462 0.38127080164870286
0 0.6892605633802817 0.6907276995305164 0.7237283184140052 0.7930218734157685
0 0.8573943661971831 0.1766431924882629 0.8891472736064273 0.26339398873680264
0 0.5008802816901409 0.2887323943661972 0.5433534857915097 0.44231881901739073
0 0.6738556338028169 0.11913145539906103 0.7017280564992066 0.21823994632899119
0 0.5695422535211268 0.07922535211267606 0.6067035465433446 0.1871600790187132
0 0.628080985915493 0.11737089201877934 0.65949468266465 0.20826445370186691
0 0.8173415492957746 0.31338028169014087 0.8535134940364014 0.3965297064074588
0 0.9581866197183099 0.3145539906103286 0.9934162911004761 0.38244451056889067
0 0.5950704225352113 0.10035211267605634 0.6269387894267011 0.19536364312636384
0 0.8525528169014085 0.7523474178403756 0.8939909538658004 0.8997932233463378
0 0.7350352112676056 0.6431924882629108 0.7787257767556041 0.7701624457228504
0 0.7389964788732394 0.45715962441314556 0.7796043149300733 0.5783702114880205
0 0.789612676056338 0.6214788732394366 0.8253566845615949 0.7302690851682867
0 0.8622359154929577 0.31338028169014087 0.8953071144738147 0.38361890828539313
0 0.8279049295774648 0.4354460093896714 0.8649525066331085 0.542584832154114
0 0.9476232394366197 0.20950704225352113 0.9841779827291212 0.2733512282615883
0 0.8199823943661971 0.602112676056338 0.8517517683123388 0.7003508728426899
0 0.7081866197183099 0.2992957746478873 0.7501284389878 0.423533277127554
0 0.4960387323943662 0.801056338028169 0.55567956041708 0.9678397556701712
0 0.6170774647887324 0.7423708920187794 0.6537776947778219 0.8722169184905993
0 0.547975352112676 0.7734741784037559 0.5825052925386828 0.9226681489563358
0 0.31117957746478875 0.9055164319248826 0.3955496568761158 0.9842103776807952
0 0.577024647887324 0.7482394366197183 0.6155030701373735 0.8769083101897771
0 0.9053697183098591 0.7300469483568075 0.9511860168493355 0.8769189865326544
0 0.7742077464788732 0.8034037558685446 0.8108388170129934 0.9115003499085278
0 0.394806338028169 0.8515258215962441 0.4478896098864313 0.9590073205272323
0 0.03169014084507042 0.0005868544600938967 0.10077830539575482 0.14788697954550464
0 0.9005281690140845 0.5446009389671361 0.9441458942918071 0.6258541074301837
0 0.6566901408450704 0.33098591549295775 0.7074574427196985 0.44053345896978113
