0 0.590669014084507 0.4289906103286385 0.6603914308916882 0.6499829867310278
0 0.840669014084507 0.10387323943661972 0.9362497055395754 0.29395312603319446
0 0.999 0.4289906103286385 0.999 0.6470487144305583
0 0.670774647887324 0.44835680751173707 0.7593878632711764 0.6493847671317419
0 0.3578345070422535 0.7153755868544601 0.43778264326274546 0.8405426199607662
0 0.11003521126760564 0.13028169014084506 0.2054973436570125 0.32504091450109107
0 0.6267605633802817 0.10093896713615023 0.7206748413013291 0.2863257400427605
0 0.5748239436619719 0.7376760563380281 0.6414723486163459 0.8370084060702242
0 0.4933978873239437 0.41901408450704225 0.583849736845368 0.6517494048799841
0 0.7737676056338029 0.42664319248826293 0.8240432360890696 0.5854303737133284
0 0.38116197183098594 0.4213615023474178 0.48002589701944054 0.6441189193061341
0 0.8455105633802817 0.41960093896713613 0.9283250393647094 0.5690025816085873
0 0.3045774647887324 0.42370892018779344 0.37442580217218807 0.6077325651876831
0 0.21742957746478872 0.19483568075117372 0.2820345820521722 0.33967439220613194
0 0.6536091549295775 0.7370892018779343 0.7056982354071613 0.822337388966034
0 0.9375 0.40023474178403756 0.985502860915493 0.5701876556679671
0 0.22139084507042253 0.41901408450704225 0.28555396529706406 0.5402470574621437
0 0.7464788732394366 0.10622065727699531 0.8222946835945248 0.2681301521964337
0 0.7134683098591549 0.738849765258216 0.7708127340185479 0.8105992665696842
0 0.43485915492957744 0.18251173708920188 0.5182945162170204 0.32148913630452514
0 0.44014084507042256 0.7341549295774648 0.5121302196984726 0.7906489701117503
0 0.5136443661971831 0.20011737089201878 0.6164112480782583 0.3161971142189601
0 0.980193661971831 0.06338028169014084 0.999 0.34092524631356214
0 0.9876760563380281 0.39906103286384975 0.999 0.6329817716943288
0 0.999 0.0733568075117371 0.999 0.30864239623972317
0 0.460387323943662 0.9330985915492958 0.5389698999454473 0.999
0 0.3727992957746479 0.9419014084507042 0.43073380312685977 0.999
0 0.8182218309859155 0.9295774647887324 0.85923493757439 0.9918253653375653
0 0.008362676056338027 0.10211267605633803 0.10166885445596112 0.27810908880513124
0 0.05237676056338028 0.3714788732394366 0.1509452567074985 0.5232561743701647
0 0.0008802816901408451 0.36971830985915494 0.055017218185875814 0.4751351418369371
0 0.10431338028169014 0.7511737089201878 0.1702885944629042 0.897446494302277
0 0.09375 0.5440140845070423 0.15092704665492956 0.6769107898565099
0 0.0044014084507042256 0.5991784037558685 0.08098397825332275 0.669836162908594
0 0.17297535211267606 0.7376760563380281 0.23892034535558423 0.7976891572439332
0 0.2623239436619718 0.7341549295774648 0.34231411798254313 0.8076677494544733
0 0.2051056338028169 0.9307511737089202 0.2855611330837135 0.999
0 0.9713908450704225 0.7376760563380281 0.999 0.8698722558354824
0 0.999 0.999 0.999 0.999
0 0.9625880281690141 0.999 0.999 0.999
0 0.999 0.7376760563380281 0.999 0.8663511290749191
0 0.29313380281690143 0.13145539906103287 0.388955486882563 0.3438195684277811
0 0.05369718309859155 0.7822769953051644 0.10296932342293195 0.8680855181952434
0 0.0044014084507042256 0.7723004694835681 0.04577271064768895 0.8804153166258899
