0 0.639524647887324 0.4518779342723005 0.7202290824613172 0.6575986631841125
0 0.8494718309859155 0.17253521126760563 0.9234817465532633 0.371377620181181
0 0.7715669014084507 0.17312206572769953 0.8328470216102956 0.3678561490224602
0 0.2711267605633803 0.16255868544600938 0.3247046097004563 0.3754914561705129
0 0.34375 0.1602112676056338 0.4140212367957746 0.3731454159227666
0 0.16505281690140844 0.4583333333333333 0.23848369154185678 0.6482052034428796
0 0.6227992957746479 0.15434272300469484 0.6872258805916485 0.38195167680574843
0 0.7068661971830986 0.1596244131455399 0.767294513117437 0.3666903612598911
0 0.5299295774647887 0.17546948356807512 0.6098019676155525 0.3684416258899248
0 0.28257042253521125 0.7312206572769953 0.34758689682106725 0.915650692102537
0 0.43705985915492956 0.18016431924882628 0.5196139701324142 0.3701994340849479
0 0.10827464788732394 0.18485915492957747 0.17512840024300735 0.39073658500297564
0 0.5598591549295775 0.45481220657276994 0.635316963400119 0.6423387252308845
0 0.7513204225352113 0.7171361502347418 0.8266939610816306 0.8962927604752144
0 0.36795774647887325 0.727112676056338 0.4342570608510216 0.8957000512464458
0 0.477112676056338 0.4688967136150235 0.5464449328010316 0.6663914925389582
0 0.6668133802816901 0.721830985915493 0.7426642546741719 0.906266531111552
0 0.26100352112676056 0.4565727699530516 0.3203076569009125 0.6540747812382904
0 0.8446302816901409 0.7142018779342723 0.92172331413658 0.8992287547664705
0 0.7350352112676056 0.44190140845070425 0.7994123964739139 0.6423463019903458
0 0.40536971830985913 0.4794600938967136 0.46725115769440584 0.6523007863298729
0 0.0017605633802816902 0.4706572769953052 0.04401330961118825 0.6751932762458948
0 0.022887323943661973 0.20892018779342722 0.09726105311446143 0.4036332628005907
0 0.3340669014084507 0.4677230046948357 0.394659301539873 0.6347020404902026
0 0.4040492957746479 0.01056338028169014 0.45316723182404284 0.09506422336837929
0 0.6584507042253521 0.004694835680751174 0.7105376537393374 0.08919912274901365
0 0.00044014084507042255 0.7406103286384976 0.04533431331829002 0.9250348530935221
0 0.5022007042253521 0.013497652582159625 0.5534761440562389 0.08743339339637198
0 0.2460387323943662 0.01936619718309859 0.30358889140299544 0.09916703861667658
0 0.3560739436619718 0.008215962441314555 0.39993130548254313 0.09213132866053914
0 0.7130281690140845 0.008215962441314555 0.7593692657706804 0.08861020189997576
0 0.9357394366197183 0.20833333333333334 0.9819825090507835 0.3690091940532081
0 0.9220950704225352 0.6971830985915493 0.9775871060429479 0.8751777094491834
0 0.9330985915492958 0.44072769953051644 0.999 0.6247413569838436
0 0.8036971830985915 0.44835680751173707 0.8728856966623686 0.6235631708876105
0 0.9163732394366197 0.01643192488262911 0.9533818779756 0.08273683572483415
0 0.6197183098591549 0.01232394366197183 0.6608187859551676 0.09623689909409508
0 0.9669894366197183 0.005868544600938967 0.999 0.1050435043752342
0 0.18617957746478872 0.1789906103286385 0.26620326603104544 0.40599824494699027
0 0.20290492957746478 0.7147887323943662 0.27191773550634796 0.8845570488659659
0 0.5563380281690141 0.013497652582159625 0.6001072455861932 0.09917048259824991
0 0.05501760563380282 0.46830985915492956 0.13773986901160484 0.6769552172188058
