0 0.6197183098591549 0.19953051643192488 0.8210300535608015 0.34612703608190615
0 0.4537852112676056 0.08392018779342723 0.5807861860865899 0.27518549284753907
0 0.18441901408450703 0.12323943661971831 0.29217235078605436 0.20121875619916685
0 0.19190140845070422 0.035211267605633804 0.2948099025490974 0.11558966474905773
0 0.5867077464788732 0.025821596244131457 0.7440199349707399 0.10092381361722762
0 0.3204225352112676 0.16666666666666666 0.41315122247569924 0.2299491392801252
0 0.3173415492957746 0.07746478873239436 0.4232758179800635 0.14725500892680024
0 0.8622359154929577 0.2300469483568075 0.988176832783674 0.39775231986598775
0 0.8661971830985915 0.03697183098591549 0.9912560751834955 0.20420365502876414
0 0.13424295774647887 0.5434272300469484 0.13418387193761158 0.5431083173532588
0 0.00044014084507042255 0.31866197183098594 0.11399628514927594 0.5021604096409442
0 0.09375 0.4624413145539906 0.3181805677816901 0.5959727457074214
0 0.37235915492957744 0.6085680751173709 0.5728994898085696 0.7408400422094382
0 0.5448943661971831 0.5868544600938967 0.803017211986709 0.7960171041900858
0 0.7007042253521126 0.681924882629108 0.9543570844078556 0.9280035652097247
0 0.23547535211267606 0.34624413145539906 0.3225195971161476 0.44991417597919287
