0 0.8296654929577465 0.3051643192488263 0.9111665204696489 0.5326847627234456
0 0.19234154929577466 0.30633802816901406 0.27808435671245785 0.5009939330820604
0 0.7460387323943662 0.2605633802816901 0.824935722388911 0.508649904119553
0 0.6483274647887324 0.01643192488262911 0.7338695741792303 0.18367580286098437
0 0.758362676056338 0.9518779342723005 0.8293317065686372 0.999
0 0.34110915492957744 0.7992957746478874 0.42898718787195 0.9150238874561926
0 0.5435739436619719 0.2699530516431925 0.6053945537219797 0.5391608256739183
0 0.25528169014084506 0.6150234741784038 0.32691228798849437 0.692714188102008
0 0.6276408450704225 0.27992957746478875 0.6938258623041064 0.4892723417972624
0 0.4823943661971831 0.2687793427230047 0.5416010588176948 0.49573428442328465
0 0.5669014084507042 0.0017605633802816902 0.6339934412814917 0.17429474145341534
0 0.3785211267605634 0.2875586854460094 0.4650622706308273 0.4634462683770857
0 0.7570422535211268 0.6320422535211268 0.8218498933743305 0.819464763935727
0 0.014964788732394365 0.29401408450704225 0.07833848380777624 0.5209542170865569
0 0.09639084507042253 0.2963615023474178 0.15840827867734578 0.4693096470056647
0 0.10167253521126761 0.0017605633802816902 0.2178249680742908 0.13614920154731203
0 0.6712147887323944 0.6203051643192489 0.7171341484204523 0.7596124969692962
0 0.1892605633802817 0.6226525821596244 0.23891317756893476 0.7103153447287796
0 0.5779049295774648 0.6326291079812206 0.6234252179007141 0.7772108984108091
0 0.11751760563380281 0.6179577464788732 0.16852221936371753 0.7202946257356345
0 0.9524647887323944 0.6414319248826291 0.999 0.8816658263351628
0 0.999 0.31103286384976525 0.999 0.5268127741409333
0 0.7442781690140845 0.002347417840375587 0.8007287508058917 0.16901270691441292
0 0.9159330985915493 0.3075117370892019 0.9811109449390001 0.5385519297317551
0 0.6584507042253521 0.95481220657277 0.7219813157111684 0.999
0 0.582306338028169 0.9647887323943662 0.641028914463896 0.999
0 0.4898767605633803 0.9630281690140845 0.5486400190314421 0.999
0 0.18617957746478872 0.8380281690140845 0.23847439279160879 0.8985692322951796
0 0.2671654929577465 0.8403755868544601 0.31678381800486016 0.8950467279419868
0 0.8644366197183099 0.9536384976525821 0.919954033177941 0.999
0 0.999 0.704225352112676 0.999 0.843483435826225
0 0.8265845070422535 0.005868544600938967 0.8807981582275342 0.19541909122969428
0 0.9066901408450704 0.005868544600938967 0.999 0.19541909122969428
0 0.34110915492957744 0.005868544600938967 0.43162803294237256 0.1866162743282858
0 0.25044014084507044 0.009389671361502348 0.3370376583887126 0.18837477131962355
0 0.008362676056338027 0.06631455399061033 0.09506674177990478 0.19538361821948907
0 0.2891725352112676 0.3163145539906103 0.3643093430742908 0.44406319568427777
0 0.477112676056338 0.6220657276995305 0.5442442285756794 0.726747614009566
0 0.005721830985915493 0.8321596244131455 0.09770874919410831 0.9390656340232317
0 0.0030809859154929575 0.6203051643192489 0.0642592073125372 0.6821477082369019
0 0.9366197183098591 0.95481220657277 0.999 0.999
0 0.999 0.9495305164319249 0.999 0.999
0 0.39436619718309857 0.6220657276995305 0.4729778317794089 0.6956443276245895
0 0.999 0.0005868544600938967 0.999 0.20598557109480042
0 0.4014084507042254 0.999 0.4663726195199366 0.999
0 0.33186619718309857 0.999 0.38761801663856377 0.999
0 0.2777288732394366 0.999 0.32162071792551084 0.999
0 0.00044014084507042255 0.999 0.05501741190983932 0.999
0 0.47975352112676056 0.004107981220657277 0.5517254605980957 0.18661730752275782
0 0.999 0.3057511737089202 0.999 0.5614402868698891
