0 0.0022007042253521128 0.0029342723004694834 0.0699814257463797 0.15375414655381428
0 0.0801056338028169 0.01232394366197183 0.1636971366048403 0.15961718078423595
0 0.17693661971830985 0.01936619718309859 0.240239024375124 0.17135013720822587
0 0.2548415492957746 0.02992957746478873 0.2908209324166832 0.17134393804139392
0 0.2966549295774648 0.02112676056338028 0.3629856272317001 0.17017539509356608
0 0.36883802816901406 0.02992957746478873 0.4364573776284468 0.18190731832308404
0 0.4480633802816901 0.034624413145539906 0.5165281411178338 0.18366512651810707
0 0.5572183098591549 0.06044600938967136 0.6317969989833366 0.1942133532808746
0 0.6566901408450704 0.06455399061032864 0.727703921592938 0.2094691584562146
0 0.7345950704225352 0.07511737089201878 0.7963316042823845 0.21063666820957042
0 0.0022007042253521128 0.16255868544600938 0.0528159327886332 0.31269802894046594
0 0.0528169014084507 0.1613849765258216 0.12981830242015474 0.3308912059996914
0 0.18045774647887325 0.1789906103286385 0.2582832492313033 0.322078057153563
0 0.2878521126760563 0.1807511737089202 0.36298950171097005 0.3297061319403117
0 0.3657570422535211 0.18661971830985916 0.4355784520060504 0.3402660682404285
0 0.4423415492957746 0.18544600938967137 0.5028862933321762 0.33733248473627364
0 0.5066021126760564 0.1954225352112676 0.5776819532954771 0.35082428254975867
0 0.5845070422535211 0.20481220657276994 0.6463096359849236 0.34318966419802066
0 0.653169014084507 0.21830985915492956 0.7263850488494346 0.35491883224227994
0 0.7381161971830986 0.22007042253521128 0.7840061108287046 0.36254690702902864
0 0.7900528169014085 0.22007042253521128 0.8200748006967864 0.354917799047808
0 0.8485915492957746 0.25880281690140844 0.876387063578655 0.3507870875487668
0 0.8860035211267606 0.2664319248826291 0.9428318646473913 0.37132251647600784
0 0.948943661971831 0.1942488262910798 0.9982619085994842 0.3731254408296414
0 0.0528169014084507 0.39906103286384975 0.11177252777226741 0.5942493773281315
0 0.12411971830985916 0.39436619718309857 0.1918467782929974 0.5913178602129208
0 0.19762323943661972 0.40023474178403756 0.24375104610940287 0.5883801439308779
0 0.24911971830985916 0.39436619718309857 0.3115100705465185 0.5913178602129208
0 0.32702464788732394 0.40492957746478875 0.3836588799965285 0.5866168253653375
0 0.3926056338028169 0.40316901408450706 0.4329257897738544 0.5807493139588706
0 0.43661971830985913 0.3914319248826291 0.4905648680817298 0.6001223991051158
0 0.503080985915493 0.40199530516431925 0.5517151932280302 0.6153744159007252
0 0.5787852112676056 0.4078638497652582 0.6304670839739139 0.597178483656241
0 0.6544894366197183 0.4301643192488263 0.7039372845789525 0.5789729082633517
0 0.7310739436619719 0.4336854460093897 0.7826887878769093 0.5789708418744076
0 0.7944542253521126 0.4471830985915493 0.8403193423303907 0.5895263009984791
0 0.0022007042253521128 0.6607981220657277 0.2029039609576473 0.840574648989398
0 0.006602112676056338 0.8532863849765259 0.21786681245040668 0.9924569915581123
0 0.3371478873239437 0.7916666666666666 0.5064537201200159 0.9942537167449139
0 0.5418133802816901 0.7676056338028169 0.6463284272093831 0.9837044567876745
0 0.6588908450704225 0.7687793427230047 0.7840409811421345 0.9672718431087306
0 0.823943661971831 0.6801643192488263 0.960904954374132 0.8288261946483281
0 0.795774647887324 0.8339201877934272 0.9296673527077961 0.9578439435517644
0 0.9502640845070423 0.829225352112676 0.9938599189768895 0.9490438818356146
0 0.8499119718309859 0.1643192488262911 0.936245637336342 0.24051389715444466
