0 0.03477112676056338 0.0005868544600938967 0.10693892115899623 0.18661937391170183
0 0.0008802816901408451 0.002347417840375587 0.02772848579150962 0.20598453790032842
0 0.10431338028169014 0.25410798122065725 0.1509223972798056 0.4851795140955278
0 0.0017605633802816902 0.25586854460093894 0.07570345045625868 0.47696251845974125
0 0.15845070422535212 0.15258215962441316 0.23892673824637967 0.31974613723026735
0 0.25440140845070425 0.13849765258215962 0.3295535205068439 0.31799383940576165
0 0.3331866197183099 0.142018779342723 0.40566321011456064 0.31447064625625426
0 0.43441901408450706 0.1402582159624413 0.4989285127578853 0.3074294259295995
0 0.5079225352112676 0.1402582159624413 0.5635968650813331 0.3162322428310079
0 0.5831866197183099 0.1437793427230047 0.6476306396920254 0.31623017644206397
0 0.6544894366197183 0.13497652582159625 0.7290253127479667 0.3232775959355507
0 0.733274647887324 0.14730046948356806 0.8042547206655425 0.31094641991227495
0 0.8111795774647887 0.14553990610328638 0.8816852202563975 0.3074263263461835
0 0.05545774647887324 0.528755868544601 0.11617277387919064 0.7215206831757368
0 0.14964788732394366 0.5217136150234741 0.19227568314818488 0.6822055671273337
0 0.056338028169014086 0.8169014084507042 0.11441182305098195 0.9959994710044303
0 0.1368838028169014 0.8151408450704225 0.1909608786079151 0.9942399408186207
0 0.31117957746478875 0.8926056338028169 0.37222219208738344 0.999
0 0.24031690140845072 0.8879107981220657 0.30623225488494343 0.9525305687804448
0 0.3798415492957746 0.9014084507042254 0.454938450022317 0.9578043377636712
0 0.460387323943662 0.9049295774647887 0.5143220126215037 0.9560417079944455
0 0.5184859154929577 0.9049295774647887 0.572835173452688 0.9613233981352906
0 0.5572183098591549 0.9806338028169014 0.6375188299692521 0.999
0 0.5831866197183099 0.9084507042253521 0.6436693720863915 0.9613213317463467
0 0.6571302816901409 0.9049295774647887 0.7136192208267209 0.9801027408582953
0 0.7191901408450704 0.9154929577464789 0.784894722649276 0.9906599219731534
0 0.7953345070422535 0.9137323943661971 0.8495619126289427 0.9718816124446208
0 0.7878521126760564 0.999 0.8442835157954771 0.999
0 0.8591549295774648 0.9788732394366197 0.938882414203531 0.999
0 0.9652288732394366 0.9190140845070423 0.999 0.999
0 0.999 0.9237089201877934 0.999 0.999
0 0.999 0.9653755868544601 0.999 0.999
0 0.999 0.7118544600938967 0.999 0.818244216866142
0 0.9352992957746479 0.7822769953051644 0.9916658013662963 0.8628038280543984
0 0.8732394366197183 0.6977699530516432 0.9309536798254314 0.8041679753796646
0 0.6426056338028169 0.727112676056338 0.7021819517456854 0.8352540418567744
0 0.7099471830985915 0.7341549295774648 0.7694938612750446 0.797691223632877
0 0.5079225352112676 0.7306338028169014 0.5737201045179527 0.8217543228856707
0 0.5779049295774648 0.7306338028169014 0.6361893024077564 0.8235148862659525
0 0.42649647887323944 0.7306338028169014 0.4870481969723269 0.8111909426039806
0 0.2944542253521127 0.7165492957746479 0.36694786345715136 0.8235231518217284
0 0.22579225352112675 0.7200704225352113 0.29567526749404877 0.8334976112543808
0 0.375 0.721830985915493 0.42237015845070425 0.8182383620974675
0 0.8846830985915493 0.5011737089201878 0.9476739951150565 0.6235321750534507
0 0.9480633802816901 0.5011737089201878 0.999 0.6129687947717605
0 0.999 0.511150234741784 0.999 0.6493479165289074
0 0.999 0.5164319248826291 0.999 0.6469973991051158
0 0.999 0.2007042253521127 0.999 0.3971826853137605
0 0.9678697183098591 0.20246478873239437 0.999 0.38192343615684715
0 0.19102112676056338 0.375 0.27236310689843285 0.4798268779342723
0 0.28036971830985913 0.3785211267605634 0.32822166825778615 0.4974304453481452
0 0.33098591549295775 0.36971830985915494 0.3849775590160682 0.4956750479402235
0 0.41505281690140844 0.3732394366197183 0.48573281126016665 0.48863072803015273
0 0.48723591549295775 0.375 0.5583242799667725 0.4851085680751174
0 0.579225352112676 0.375 0.6463119606724856 0.4921508215962441
0 0.7319542253521126 0.3714788732394366 0.8002940342317992 0.4974345781260332
0 0.8186619718309859 0.38204225352112675 0.858794603005356 0.5079917592408913
0 0.2790492957746479 0.5375586854460094 0.3189792916831978 0.6129474420860059
0 0.19234154929577466 0.5422535211267606 0.23759139896597897 0.6475691000462872
0 0.33098591549295775 0.5598591549295775 0.3849775590160682 0.6663381108245718
0 0.42649647887323944 0.5404929577464789 0.5077348166906367 0.6264433726773788
0 0.5277288732394366 0.5475352112676056 0.5829543446860741 0.6217444042187397
0 0.5858274647887324 0.5492957746478874 0.6476294773482444 0.6593020564702771
0 0.6610915492957746 0.5545774647887324 0.7369449420997818 0.6663412104079879
0 0.7438380281690141 0.5404929577464789 0.8042500712904186 0.6575466590623554
0 0.8072183098591549 0.5475352112676056 0.8768454144762944 0.6769087234675659
0 0.9273767605633803 0.004107981220657277 0.999 0.13145298827393154
0 0.999 0.002347417840375587 0.999 0.1384962749895303
0 0.8160211267605634 0.007629107981220657 0.8830035118280104 0.08508941953756971
0 0.7319542253521126 0.0005868544600938967 0.8121778370487006 0.07805129879433093
0 0.6474471830985915 0.0005868544600938967 0.724186863035608 0.08157242555489432
0 0.570862676056338 0.0005868544600938967 0.6388332470615949 0.08509355231545769
0 0.4982394366197183 0.0005868544600938967 0.5622807044733188 0.083332988935176
0 0.42297535211267606 0.0005868544600938967 0.49233143690488 0.08685411569573938
0 0.1430457746478873 0.0005868544600938967 0.21956732140200358 0.08861467907602107
0 0.2623239436619718 0.0005868544600938967 0.3335113010811347 0.08685411569573938
0 0.355193661971831 0.0005868544600938967 0.4166570450431462 0.083332988935176
