0 0.6450264084507042 0.25146713615023475 0.06734154929577464 0.13438967136150234
0 0.21610915492957747 0.676056338028169 0.08450704225352113 0.11737089201877934
0 0.2590228873239437 0.37089201877934275 0.0682218309859155 0.17136150234741784
0 0.5547975352112676 0.6282276995305164 0.06470070422535211 0.15669014084507044
0 0.7108274647887324 0.22564553990610328 0.06690140845070422 0.12969483568075119
0 0.5680017605633803 0.2943075117370892 0.047975352112676055 0.15199530516431925
0 0.7367957746478874 0.5381455399061033 0.05457746478873239 0.12910798122065728
0 0.4080105633802817 0.06748826291079812 0.08890845070422536 0.051643192488262914
0 0.42891725352112675 0.6291079812206573 0.08758802816901408 0.22652582159624413
0 0.5136443661971831 0.3057511737089202 0.05369718309859155 0.15492957746478872
0 0.6296214788732394 0.5789319248826291 0.05413732394366197 0.1449530516431925
0 0.7715669014084507 0.21889671361502347 0.037852112676056336 0.13262910798122066
0 0.3050176056338028 0.7884389671361502 0.05017605633802817 0.09096244131455399
0 0.41571302816901406 0.32629107981220656 0.050616197183098594 0.11619718309859155
0 0.31338028169014087 0.0897887323943662 0.07658450704225352 0.046948356807511735
0 0.2304137323943662 0.09301643192488263 0.07174295774647887 0.058098591549295774
0 0.8100792253521126 0.49119718309859156 0.053257042253521125 0.13615023474178403
0 0.12081866197183098 0.09477699530516431 0.09463028169014084 0.09917840375586855
0 0.04445422535211268 0.5123239436619719 0.04841549295774648 0.12206572769953052
0 0.6784771126760564 0.5663145539906104 0.04181338028169014 0.1467136150234742
0 0.29973591549295775 0.6443661971830986 0.051056338028169015 0.07981220657276995
0 0.17781690140845072 0.6869131455399061 0.03697183098591549 0.10387323943661972
0 0.4795334507042254 0.6396713615023474 0.053257042253521125 0.19953051643192488
0 0.9361795774647887 0.40874413145539906 0.05017605633802817 0.1073943661971831
0 0.9267165492957746 0.8336267605633803 0.04445422535211268 0.14730046948356806
0 0.8173415492957746 0.2056924882629108 0.045774647887323945 0.09917840375586855
0 0.8873239436619719 0.4099178403755869 0.037852112676056336 0.10387323943661972
0 0.8827024647887324 0.20011737089201878 0.042693661971830985 0.07981220657276995
0 0.8818221830985915 0.12147887323943662 0.0409330985915493 0.07511737089201878
0 0.6518485915492958 0.9169600938967136 0.06338028169014084 0.1437793427230047
0 0.5735035211267606 0.9245892018779343 0.0625 0.16607981220657278
0 0.4430017605633803 0.9468896713615024 0.05501760563380282 0.11326291079812206
0 0.5033010563380281 0.9284037558685446 0.058538732394366196 0.12089201877934272
0 0.05985915492957746 0.9269366197183099 0.07306338028169014 0.14612676056338028
0 0.8873239436619719 0.8682511737089202 0.043133802816901406 0.159037558685446
0 0.1969630281690141 0.8453638497652582 0.05765845070422535 0.10035211267605634
0 0.9819542253521126 0.8242370892018779 0.04753521126760563 0.1426056338028169
0 0.026848591549295774 0.369424882629108 0.05193661971830986 0.1402582159624413
0 0.3102992957746479 0.030809859154929578 0.0994718309859155 0.05575117370892019
0 0.5299295774647887 0.038438967136150234 0.07570422535211267 0.0733568075117371
0 0.5851672535211268 0.03609154929577465 0.07790492957746478 0.06044600938967136
0 0.6628521126760564 0.02640845070422535 0.05545774647887324 0.04107981220657277
0 0.7636443661971831 0.9463028169014085 0.04929577464788732 0.1073943661971831
0 0.8100792253521126 0.9198943661971831 0.05149647887323944 0.1602112676056338
0 0.8481514084507042 0.9011150234741784 0.03961267605633803 0.1977699530516432
0 0.9289172535211268 0.1402582159624413 0.04533450704225352 0.16666666666666666
