0 0.37588028169014087 0.15669014084507044 0.460662024523904 0.2751427874760299
0 0.12191901408450705 0.6044600938967136 0.20285126803957548 0.857039636095131
0 0.292693661971831 0.5586854460093896 0.3599063848318786 0.7496721329542199
0 0.7601232394366197 0.32511737089201875 0.8011619175882762 0.4687059170358615
0 0.11223591549295775 0.25 0.1698449665864908 0.428843896713615
0 0.6241197183098591 0.40492957746478875 0.6682992430817298 0.5602083746611122
0 0.5783450704225352 0.43838028169014087 0.618583474880976 0.5813155045295246
0 0.7183098591549296 0.5751173708920188 0.7659690537591748 0.7209066212612136
0 0.4308978873239437 0.48708920187793425 0.47868358367635394 0.6593385626749543
0 0.5950704225352113 0.6754694835680751 0.6625901978774053 0.8382186211950892
0 0.7125880281690141 0.34976525821596244 0.7527673468185876 0.5080107011395446
0 0.49471830985915494 0.4823943661971831 0.5437963387720691 0.6229563413343913
0 0.8811619718309859 0.24530516431924881 0.9181861082870463 0.3719217692697657
0 0.8956866197183099 0.44072769953051644 0.9357853491990678 0.5496239860918248
0 0.06558098591549295 0.014084507042253521 0.11176690977732592 0.11971004430337896
0 0.3675176056338028 0.5428403755868545 0.4140107757017457 0.6962776758359233
0 0.18309859154929578 0.24530516431924881 0.2305532136480857 0.41945698053737135
0 0.2112676056338028 0.6015258215962441 0.274554899821464 0.8124404191187816
0 0.6804577464788732 0.36795774647887325 0.7166899393721484 0.5244319496792964
0 0.40889084507042256 0.0011737089201877935 0.45580594593086693 0.059858466133262796
0 0.13380281690140844 0.002347417840375587 0.1737967417179131 0.10387186184399039
0 0.5321302816901409 0.448943661971831 0.5750298722351717 0.6065440471467302
0 0.17517605633802816 0.002347417840375587 0.2230743063132315 0.08978735480173687
0 0.35651408450704225 0.0005868544600938967 0.39420928077266415 0.06396679175207741
0 0.3001760563380282 0.002347417840375587 0.34141717603154137 0.0674868853181688
0 0.7658450704225352 0.801056338028169 0.8108424977683 0.8956566570786219
0 0.35563380281690143 0.2007042253521127 0.4025723442769292 0.3842718871916948
0 0.9330985915492958 0.7276995305164319 0.9833040939297758 0.8780940730454716
0 0.7992957746478874 0.3104460093896714 0.8385566479865106 0.43761124060481826
0 0.8543133802816901 0.26291079812206575 0.8953106015051577 0.393038197888426
0 0.8424295774647887 0.47300469483568075 0.8869531559958341 0.5777740582776786
0 0.7706866197183099 0.5393192488262911 0.8086396625793493 0.6510919487976371
0 0.815580985915493 0.49178403755868544 0.8658382125942273 0.5994766525601182
0 0.8829225352112676 0.7382629107981221 0.9335902629686569 0.9144728504044612
0 0.829225352112676 0.7435446009389671 0.8785962916584011 0.9027326616191672
0 0.4665492957746479 0.7693661971830986 0.5218016948522118 0.9543607005885076
0 0.3305457746478873 0.8503521126760564 0.39510099217665146 0.9936324224690868
0 0.5277288732394366 0.75 0.5833944855311446 0.935005868544601
0 0.39172535211267606 0.8286384976525821 0.4404085715879786 0.9637155877361194
0 0.6703345070422535 0.7065727699530516 0.7206556626289427 0.8158998986091826
0 0.22887323943661972 0.009389671361502348 0.2503394043840508 0.09213063986422447
0 0.26188380281690143 0.009389671361502348 0.29653966381918273 0.09213063986422447
0 0.25704225352112675 0.25 0.31678827365602064 0.4546654929577465
0 0.3058978873239437 0.22711267605633803 0.36782310832424125 0.4364864362229716
0 0.528169014084507 0.2529342723004695 0.5279365453283078 0.2527858366946593
0 0.4850352112676056 0.17312206572769953 0.5380787697133506 0.35494535090039453
0 0.5497359154929577 0.15199530516431925 0.5965890246850823 0.329723007450021
0 0.5911091549295775 0.14612676056338028 0.6260602512522316 0.314468235469153
0 0.625 0.12323943661971831 0.6564150528169014 0.3027445777954109
0 0.6690140845070423 0.10974178403755869 0.7026104691529458 0.27869146608917983
0 0.702024647887324 0.10856807511737089 0.7175607285880777 0.2828001361061518
0 0.7279929577464789 0.125 0.758922538310851 0.2634242957746479
0 0.7922535211267606 0.08568075117370892 0.8156724236262647 0.24232060988780887
0 0.8138204225352113 0.08157276995305164 0.839430536785856 0.2440835840551919
0 0.8327464788732394 0.07805164319248827 0.8583482629934537 0.231761706782164
0 0.852112676056338 0.08744131455399061 0.8777059363221583 0.21532427152901762
0 0.8701584507042254 0.10387323943661972 0.8856205288509225 0.2018169757984527
0 0.8926056338028169 0.06924882629107981 0.913779663013291 0.21240067557142542
0 0.922975352112676 0.07687793427230047 0.934012774933049 0.20594079933434722
0 0.9423415492957746 0.0539906103286385 0.9586521384025988 0.09210446560426723
0 0.960387323943662 0.0528169014084507 0.9780103929031939 0.09034459102030021
0 0.9445422535211268 0.09330985915492958 0.9634927190785559 0.12787951299345368
0 0.9705105633802817 0.08568075117370892 0.9780059372520333 0.11908117326809055
0 0.9793133802816901 0.0721830985915493 0.999 0.11322054982477021
0 0.9524647887323944 0.12969483568075119 0.9665702179627058 0.1789144983358681
0 0.9278169014084507 0.27406103286384975 0.9419331791807182 0.3748391660605259
0 0.9480633802816901 0.2511737089201878 0.9722939861882562 0.3507915647248121
0 0.9828345070422535 0.27523474178403756 0.9969265693190835 0.33551922843792015
0 0.9727112676056338 0.3855633802816901 0.999 0.4727784252463135
0 0.9480633802816901 0.4184272300469484 0.9815369439347351 0.5114915333157002
0 0.9308978873239436 0.4301643192488263 0.9599775977608609 0.5249822979347132
0 0.07658450704225352 0.3086854460093897 0.12276558780499901 0.513316499151403
0 0.011003521126760563 0.306924882629108 0.07085783295725055 0.5461813821111331
0 0.058538732394366196 0.7147887323943662 0.1328967699241222 0.9614349831382663
0 0.008802816901408451 0.7752347417840375 0.05149260439396945 0.999
