0 0.9709507042253521 0.058098591549295774 0.0528169014084507 0.11267605633802817
0 0.907350352112676 0.059565727699530516 0.042693661971830985 0.11561032863849766
0 0.06932218309859155 0.33186619718309857 0.1368838028169014 0.2634976525821596
0 0.21897007042253522 0.31836854460093894 0.1580105633802817 0.2306338028169014
0 0.3747799295774648 0.30252347417840375 0.14216549295774647 0.21654929577464788
0 0.5184859154929577 0.27230046948356806 0.12323943661971831 0.25586854460093894
0 0.6331426056338029 0.28080985915492956 0.09727112676056338 0.23884976525821597
0 0.7290933098591549 0.2705399061032864 0.09022887323943662 0.21244131455399062
0 0.8193221830985915 0.2746478873239437 0.08582746478873239 0.19718309859154928
0 0.10321302816901408 0.7450117370892019 0.17033450704225353 0.23767605633802816
0 0.25 0.7018779342723005 0.12059859154929578 0.19718309859154928
0 0.3798415492957746 0.6725352112676056 0.136443661971831 0.1807511737089202
0 0.4744718309859155 0.6006455399061033 0.07306338028169014 0.12030516431924883
0 0.5596390845070423 0.5883215962441315 0.09727112676056338 0.12617370892018778
0 0.6331426056338029 0.5757042253521126 0.04973591549295775 0.1396713615023474
0 0.7216109154929577 0.5830399061032864 0.09375 0.15199530516431925
0 0.8102992957746479 0.5575117370892019 0.08362676056338028 0.14906103286384975
0 0.9084507042253521 0.5440140845070423 0.06778169014084508 0.14906103286384975
0 0.9744718309859155 0.5223004694835681 0.051056338028169015 0.14788732394366197
0 0.5429137323943662 0.6983568075117371 0.15977112676056338 0.09389671361502347
0 0.5682218309859155 0.8723591549295775 0.10475352112676056 0.1426056338028169
0 0.6742957746478874 0.8060446009389671 0.08890845070422536 0.10974178403755869
0 0.7235915492957746 0.9019953051643192 0.16725352112676056 0.11032863849765258
0 0.7544014084507042 0.7846244131455399 0.07306338028169014 0.12206572769953052
0 0.855193661971831 0.7576291079812206 0.0721830985915493 0.16666666666666666
0 0.9533450704225352 0.7901995305164319 0.0880281690140845 0.08744131455399061
0 0.9293573943661971 0.7570422535211268 0.12984154929577466 0.14788732394366197
