0 0.7200704225352113 0.06572769953051644 0.8091020816802222 0.3280130705988671
0 0.4551056338028169 0.05868544600938967 0.5240074359006149 0.3209749498556283
0 0.7596830985915493 0.43779342723004694 0.8350529563826622 0.6576069287398886
0 0.8573943661971831 0.7893192488262911 0.9340416398036103 0.95610955443144
0 0.6452464788732394 0.426056338028169 0.7219871274300733 0.6089048965152416
0 0.5743838028169014 0.4289906103286385 0.6476345141712954 0.5942318130221076
0 0.49119718309859156 0.7916666666666666 0.563604226591946 0.9666715571205008
0 0.5378521126760564 0.06103286384976526 0.6023160862180122 0.3239078445634685
0 0.14128521126760563 0.06455399061032864 0.2666631667203928 0.3239057781745245
0 0.8279049295774648 0.0880281690140845 0.898843351703531 0.35088730741255036
0 0.9661091549295775 0.43485915492957744 0.999 0.635308181247107
0 0.34639084507042256 0.06279342723004695 0.43426655332523306 0.2834138536225176
0 0.6223591549295775 0.051643192488262914 0.6793035391043444 0.3421058431968965
0 0.09859154929577464 0.45305164319248825 0.15620660583217616 0.5607669884723049
0 0.33274647887323944 0.4231220657276995 0.37925495313429874 0.5167704682712866
0 0.1637323943661972 0.431924882629108 0.2195582163757191 0.5355446450219312
0 0.2367957746478873 0.4325117370892019 0.31063521312735565 0.5208729391214265
0 0.045774647887323945 0.0886150234741784 0.1351030921444158 0.32271794892988603
0 0.9238556338028169 0.08157276995305164 0.999 0.30922442912561443
0 0.015404929577464789 0.08626760563380281 0.07481716332324935 0.34501979600608346
0 0.999 0.10622065727699531 0.999 0.3156653634640393
0 0.6694542253521126 0.7881455399061033 0.7409025289501091 0.9408520272653134
0 0.5827464788732394 0.8057511737089202 0.6344266080638762 0.9191280802971192
0 0.23415492957746478 0.9553990610328639 0.325601164203531 0.999
0 0.31954225352112675 0.9166666666666666 0.3801410465433446 0.999
0 0.008362676056338027 0.9213615023474179 0.07041885445596112 0.999
0 0.27508802816901406 0.0903755868544601 0.3423084999876017 0.2681394509466817
0 0.47579225352112675 0.4301643192488263 0.5402835421419361 0.5666489646013798
0 0.39920774647887325 0.4284037558685446 0.4676940106749653 0.5907110306597015
0 0.00044014084507042255 0.6754694835680751 0.09771107388167032 0.7842280108664507
0 0.3851232394366197 0.67018779342723 0.45625654786996633 0.7719071667878948
0 0.3164612676056338 0.6631455399061033 0.38366352937165243 0.7578267925235294
0 0.2517605633802817 0.6684272300469484 0.3123891898928784 0.7578236929401133
0 0.17033450704225353 0.6684272300469484 0.24640390206556237 0.7683870732218034
0 0.9652288732394366 0.7769953051643192 0.999 0.9854595097974388
0 0.999 0.784037558685446 0.999 0.9461361281932598
0 0.7539612676056338 0.7928403755868545 0.8429780100054552 0.9907319011880359
0 0.999 0.4336854460093897 0.999 0.6611304662875532
