0 0.43705985915492956 0.16549295774647887 0.5697900264704424 0.3848794055412286
0 0.34991197183098594 0.16666666666666666 0.4369058486039476 0.3508411580594679
0 0.46170774647887325 0.4865023474178404 0.5807826990552469 0.6065220056646609
0 0.7121478873239436 0.5052816901408451 0.8227499349087483 0.6434828159095417
0 0.17825704225352113 0.1784037558685446 0.23759759813281092 0.3555291057770725
0 0.2988556338028169 0.4618544600938967 0.36342479945695294 0.5701514938614473
0 0.5858274647887324 0.15610328638497653 0.666995674531343 0.3696266999493046
0 0.22359154929577466 0.45422535211267606 0.2864332783673874 0.5472686470938306
0 0.3160211267605634 0.7071596244131455 0.46024823013786953 0.7583878171218232
0 0.6764964788732394 0.15551643192488263 0.7967973166906367 0.3543688283850206
0 0.14040492957746478 0.7241784037558685 0.26666355416831977 0.778917735678547
0 0.16549295774647887 0.6666666666666666 0.2802968780995834 0.7114632237871674
0 0.5977112676056338 0.49471830985915494 0.6867967820124975 0.6170805643721484
0 0.2680457746478873 0.18544600938967137 0.3277869516836937 0.35728553637946614
0 0.0008802816901408451 0.7447183098591549 0.08450665480559413 0.8399385455928057
0 0.014524647887323943 0.6484741784037559 0.12103233950357073 0.720863571491547
0 0.11399647887323944 0.006455399061032864 0.19053081140894665 0.06924503791134916
0 0.8257042253521126 0.1795774647887324 0.958703475252926 0.37900259538451364
0 0.2557218309859155 0.8339201877934272 0.41450012243354495 0.9249800937865063
0 0.4925176056338028 0.7875586854460094 0.6217022369693513 0.8563453294099496
0 0.4467429577464789 0.8796948356807511 0.6124794265150764 0.977770132138685
0 0.10959507042253522 0.8075117370892019 0.2213426078035112 0.8786340893561683
0 0.28565140845070425 0.7634976525821596 0.44881793511951995 0.822908745509048
0 0.855193661971831 0.5029342723004695 0.9622116225079349 0.6558081371641429
0 0.20862676056338028 0.01232394366197183 0.30580606216524503 0.09799746247437677
0 0.3191021126760563 0.0029342723004694834 0.4003877191405475 0.08567902918292225
0 0.4308978873239437 0.01056338028169014 0.5064124569157905 0.08567455200687694
0 0.03829225352112676 0.38967136150234744 0.09593385024052768 0.44988869051555025
0 0.04753521126760563 0.45774647887323944 0.09460935950208292 0.5085341863386894
0 0.07878521126760564 0.33098591549295775 0.14081039383306884 0.39710622892283276
0 0.10167253521126761 0.3884976525821596 0.16588834835598096 0.44812881593158327
0 0.09595070422535211 0.43661971830985913 0.1689718526829994 0.5132414203531045
0 0.19058098591549297 0.5404929577464789 0.19049710343929774 0.5401757670435761
0 0.056338028169014086 0.596244131455399 0.1566653441777425 0.6510585421763759
0 0.6998239436619719 0.7857981220657277 0.8834947957994446 0.887449648989398
0 0.6703345070422535 0.8996478873239436 0.9041943950233089 0.999
