0 0.0565580985915493 0.8773474178403756 0.08142605633802817 0.07042253521126761
0 0.1522887323943662 0.06426056338028169 0.2640845070422535 0.040492957746478875
0 0.18705985915492956 0.13497652582159625 0.31161971830985913 0.04225352112676056
0 0.22843309859154928 0.23650234741784038 0.30369718309859156 0.057511737089201875
0 0.2268926056338028 0.35827464788732394 0.33934859154929575 0.07805164319248827
0 0.5268485915492958 0.7285798122065728 0.1936619718309859 0.07805164319248827
0 0.7231514084507042 0.6329225352112676 0.13908450704225353 0.0710093896713615
0 0.4878961267605634 0.6170774647887324 0.19410211267605634 0.06044600938967136
0 0.2422975352112676 0.8477112676056338 0.25044014084507044 0.08274647887323944
0 0.03455105633802817 0.7620305164319249 0.06205985915492958 0.061619718309859156
0 0.7284330985915493 0.8758802816901409 0.14084507042253522 0.06279342723004695
0 0.8626760563380281 0.8383215962441315 0.09595070422535211 0.04518779342723005
0 0.8384683098591549 0.5522300469483568 0.11267605633802817 0.04225352112676056
0 0.9245158450704225 0.4953051643192488 0.09022887323943662 0.04812206572769953
0 0.8589348591549296 0.3823356807511737 0.08582746478873239 0.02992957746478873
0 0.8741197183098591 0.44336854460093894 0.08890845070422536 0.028755868544600938
0 0.7537411971830986 0.4216549295774648 0.1131161971830986 0.03814553990610329
0 0.7852112676056338 0.477112676056338 0.08274647887323944 0.036384976525821594
0 0.18727992957746478 0.7004107981220657 0.18705985915492956 0.052230046948356805
0 0.16879401408450703 0.6185446009389671 0.18882042253521128 0.0539906103286385
0 0.8893045774647887 0.17811032863849766 0.11751760563380281 0.04988262910798122
0 0.8778609154929577 0.2505868544600939 0.13336267605633803 0.046948356807511735
0 0.6342429577464789 0.2737676056338028 0.12411971830985916 0.04518779342723005
0 0.6223591549295775 0.2068661971830986 0.12323943661971831 0.040492957746478875
0 0.5974911971830986 0.13615023474178403 0.14568661971830985 0.046948356807511735
0 0.48173415492957744 0.29988262910798125 0.18265845070422534 0.04812206572769953
0 0.4680897887323944 0.21244131455399062 0.16593309859154928 0.04812206572769953
0 0.4220950704225352 0.14524647887323944 0.1443661971830986 0.040492957746478875
0 0.38600352112676056 0.06103286384976526 0.15316901408450703 0.046948356807511735
0 0.555237676056338 0.07834507042253522 0.13512323943661972 0.0357981220657277
0 0.7414172535211268 0.12705399061032863 0.09727112676056338 0.040492957746478875
0 0.5992517605633803 0.4738849765258216 0.1694542253521127 0.07570422535211267
0 0.6071742957746479 0.9650821596244131 0.17121478873239437 0.0698356807511737
0 0.9575264084507042 0.07541079812206573 0.07350352112676056 0.03345070422535211
0 0.6872799295774648 0.07306338028169014 0.10607394366197183 0.040492957746478875
0 0.3657570422535211 0.5842136150234741 0.16725352112676056 0.04518779342723005
0 0.02112676056338028 0.6387910798122066 0.04137323943661972 0.09213615023474178
0 0.032350352112676055 0.6522887323943662 0.005721830985915493 0.01936619718309859
0 0.8138204225352113 0.7702464788732394 0.09242957746478873 0.051056338028169015
0 0.9566461267605634 0.3644366197183099 0.06205985915492958 0.02699530516431925
0 0.9597271126760564 0.40316901408450706 0.0664612676056338 0.03169014084507042
0 0.965669014084507 0.443075117370892 0.06426056338028169 0.03169014084507042
