0 0.2363556338028169 0.22857981220657278 0.23151408450704225 0.26467136150234744
0 0.43661971830985913 0.23092723004694835 0.16461267605633803 0.2505868544600939
0 0.8939260563380281 0.47769953051643194 0.06866197183098592 0.1267605633802817
0 0.5796654929577465 0.2409037558685446 0.13204225352112675 0.21654929577464788
0 0.7009242957746479 0.5146713615023474 0.06910211267605634 0.13732394366197184
0 0.5688820422535211 0.8661971830985915 0.042693661971830985 0.1431924882629108
0 0.7522007042253521 0.267018779342723 0.07306338028169014 0.1431924882629108
0 0.6824383802816901 0.2634976525821596 0.0840669014084507 0.1596244131455399
0 0.7748679577464789 0.49853286384976525 0.06205985915492958 0.1449530516431925
0 0.9242957746478874 0.7009976525821596 0.040492957746478875 0.07453051643192488
0 0.903169014084507 0.6153169014084507 0.0448943661971831 0.06866197183098592
0 0.8160211267605634 0.2632042253521127 0.05897887323943662 0.15434272300469484
0 0.873899647887324 0.26731220657276994 0.05765845070422535 0.14847417840375587
0 0.9753521126760564 0.46625586854460094 0.043133802816901406 0.08274647887323944
0 0.8642165492957746 0.7341549295774648 0.04181338028169014 0.0903755868544601
0 0.9315580985915493 0.2658450704225352 0.03125 0.1396713615023474
0 0.9691901408450704 0.2737676056338028 0.035211267605633804 0.11678403755868545
0 0.8529929577464789 0.6335093896713615 0.04665492957746479 0.0721830985915493
0 0.6203785211267606 0.8720657276995305 0.03653169014084507 0.18544600938967137
0 0.5332306338028169 0.8937793427230047 0.04533450704225352 0.16784037558685447
0 0.6727552816901409 0.8392018779342723 0.03917253521126761 0.16549295774647887
0 0.710387323943662 0.8104460093896714 0.04137323943661972 0.15375586854460094
0 0.6474471830985915 0.8488849765258216 0.03609154929577465 0.17194835680751175
0 0.7601232394366197 0.7904929577464789 0.03873239436619718 0.12441314553990611
0 0.46919014084507044 0.8726525821596244 0.03433098591549296 0.0903755868544601
0 0.796875 0.7743544600938967 0.03653169014084507 0.09565727699530517
0 0.08560739436619719 0.7291666666666666 0.1624119718309859 0.3538732394366197
0 0.304137323943662 0.6786971830985915 0.19278169014084506 0.20481220657276994
0 0.45840669014084506 0.619424882629108 0.14216549295774647 0.08274647887323944
0 0.6115757042253521 0.5660211267605634 0.13776408450704225 0.12617370892018778
0 0.7900528169014085 0.6657863849765259 0.0448943661971831 0.08274647887323944
