0 0.0977112676056338 0.2056924882629108 0.07570422535211267 0.20011737089201878
0 0.22755281690140844 0.4515845070422535 0.06426056338028169 0.1637323943661972
0 0.42297535211267606 0.7907863849765259 0.11179577464788733 0.20598591549295775
0 0.6463468309859155 0.6525821596244131 0.07174295774647887 0.11502347417840375
0 0.4509242957746479 0.1402582159624413 0.08230633802816902 0.18661971830985916
0 0.323943661971831 0.7643779342723005 0.08362676056338028 0.18016431924882628
0 0.1954225352112676 0.7095070422535211 0.1153169014084507 0.19248826291079812
0 0.2904929577464789 0.11971830985915492 0.07570422535211267 0.14906103286384975
0 0.5715228873239436 0.4876760563380282 0.058538732394366196 0.16666666666666666
0 0.655149647887324 0.5246478873239436 0.07262323943661972 0.1255868544600939
0 0.37059859154929575 0.12588028169014084 0.05457746478873239 0.13791079812206572
0 0.15140845070422534 0.4310446009389671 0.05369718309859155 0.08039906103286384
0 0.6263204225352113 0.21156103286384975 0.12852112676056338 0.1402582159624413
0 0.0897887323943662 0.42928403755868544 0.04753521126760563 0.07805164319248827
0 0.28169014084507044 0.43045774647887325 0.03433098591549296 0.09917840375586855
0 0.33098591549295775 0.39348591549295775 0.030809859154929578 0.0897887323943662
0 0.02068661971830986 0.1487676056338028 0.037852112676056336 0.15316901408450703
0 0.9066901408450704 0.24031690140845072 0.11179577464788733 0.09683098591549295
0 0.2990757042253521 0.41431924882629106 0.03301056338028169 0.09154929577464789
0 0.8565140845070423 0.6863262910798122 0.07922535211267606 0.1414319248826291
0 0.9223151408450704 0.67018779342723 0.053257042253521125 0.15140845070422534
0 0.8147007042253521 0.48826291079812206 0.03697183098591549 0.09976525821596244
0 0.6670334507042254 0.909330985915493 0.07174295774647887 0.16490610328638497
0 0.5917693661971831 0.9190140845070423 0.061179577464788734 0.15845070422535212
0 0.7486795774647887 0.9310446009389671 0.06426056338028169 0.1273474178403756
0 0.1756161971830986 0.07511737089201878 0.08714788732394366 0.1443661971830986
0 0.2381161971830986 0.04988262910798122 0.0 0.0
0 0.566681338028169 0.6291079812206573 0.07878521126760564 0.1443661971830986
0 0.9095510563380281 0.15375586854460094 0.10607394366197183 0.0903755868544601
0 0.9746919014084507 0.23210093896713616 0.050616197183098594 0.15082159624413147
0 0.176056338028169 0.22300469483568075 0.07658450704225352 0.16549295774647887
