0 0.9300176056338029 0.647593896713615 0.10651408450704225 0.15316901408450703
0 0.5506161971830986 0.39172535211267606 0.1892605633802817 0.13438967136150234
0 0.5869278169014085 0.6628521126760564 0.1368838028169014 0.16255868544600938
0 0.2720070422535211 0.6681338028169014 0.13468309859154928 0.13321596244131456
0 0.4960387323943662 0.12177230046948356 0.1487676056338028 0.0733568075117371
0 0.3987676056338028 0.6355633802816901 0.0880281690140845 0.11619718309859155
0 0.7405369718309859 0.6766431924882629 0.09286971830985916 0.14788732394366197
0 0.16285211267605634 0.6546361502347418 0.08538732394366197 0.14730046948356806
0 0.23525528169014084 0.13703051643192488 0.12632042253521128 0.08392018779342723
0 0.3694982394366197 0.13380281690140844 0.07086267605633803 0.07042253521126761
0 0.7658450704225352 0.4040492957746479 0.1153169014084507 0.08039906103286384
0 0.07878521126760564 0.6552230046948356 0.0625 0.15551643192488263
0 0.43375880281690143 0.4107981220657277 0.07878521126760564 0.11854460093896714
0 0.6014524647887324 0.426056338028169 0.06910211267605634 0.07276995305164319
0 0.9097711267605634 0.5469483568075117 0.04137323943661972 0.07981220657276995
0 0.8411091549295775 0.06690140845070422 0.043133802816901406 0.06924882629107981
0 0.9394806338028169 0.5507629107981221 0.042693661971830985 0.08274647887323944
0 0.14150528169014084 0.9307511737089202 0.1430457746478873 0.11502347417840375
0 0.9029489436619719 0.9269366197183099 0.10783450704225352 0.13556338028169015
0 0.5123239436619719 0.12206572769953052 0.0 0.0
0 0.14546654929577466 0.4565727699530516 0.16505281690140844 0.07981220657276995
0 0.21963028169014084 0.36208920187793425 0.1681338028169014 0.07981220657276995
0 0.6498679577464789 0.09624413145539906 0.10167253521126761 0.07511737089201878
0 0.3102992957746479 0.43515258215962443 0.16901408450704225 0.11443661971830986
0 0.3536531690140845 0.3453638497652582 0.09375 0.06514084507042253
0 0.44278169014084506 0.7036384976525821 0.12059859154929578 0.10093896713615023
