0 0.4727112676056338 0.25410798122065725 0.5055137714491172 0.4059541619828518
0 0.5713028169014085 0.25938967136150237 0.5943788279855188 0.40301679009896624
0 0.3890845070422535 0.3215962441314554 0.42852593111485815 0.40415399281447684
0 0.34066901408450706 0.3163145539906103 0.38805428300436423 0.40063596563732945
0 0.2636443661971831 0.3215962441314554 0.30314100159938506 0.40356713835438296
0 0.738556338028169 0.6742957746478874 0.7778439452737551 0.7619282301791973
0 0.6839788732394366 0.6748826291079812 0.729892614932553 0.756059341180101
0 0.2975352112676056 0.6719483568075117 0.3361366482344773 0.7537136453305121
0 0.5748239436619719 0.6731220657276995 0.6141836162219797 0.7589946466750425
0 0.480193661971831 0.6742957746478874 0.5279576612403294 0.7566465400383522
0 0.386443661971831 0.6596244131455399 0.4329285019093434 0.7566551499922854
0 0.17869718309859156 0.6883802816901409 0.21999177060603056 0.8399716078159095
0 0.34639084507042256 0.2300469483568075 0.3836503561421345 0.30678987855143375
0 0.43794014084507044 0.67018779342723 0.4782403432478675 0.7619306409662986
0 0.36223591549295775 0.48708920187793425 0.4096116919386034 0.5484230697172078
0 0.3402288732394366 0.67018779342723 0.3854136316579052 0.759583223125923
0 0.3058978873239437 0.31690140845070425 0.34097451677494545 0.39887505785889044
0 0.6522887323943662 0.3503521126760563 0.6942551546072209 0.4152873520465516
0 0.6408450704225352 0.8204225352112676 0.6920594872049196 0.9167720525028102
0 0.2249119718309859 0.31396713615023475 0.2595841056462011 0.3906608174083625
0 0.5303697183098591 0.6748826291079812 0.5688686753000397 0.7595804679406644
0 0.025088028169014086 0.7053990610328639 0.07921430984675659 0.8769334512552623
0 0.13336267605633803 0.698943661971831 0.17379693544187663 0.8247071926866363
0 0.5470950704225352 0.5557511737089202 0.589988074352807 0.6100024934426591
0 0.18309859154929578 0.31279342723004694 0.22219053759174767 0.39653005080561615
0 0.08098591549295775 0.7053990610328639 0.1280453407062091 0.8698911977341356
0 0.22931338028169015 0.7007042253521126 0.26486385854741124 0.8622648449381736
0 0.035651408450704226 0.4706572769953052 0.07744909709135092 0.5366956236637351
0 0.4225352112676056 0.5557511737089202 0.4729654334457449 0.6141104746633165
0 0.14348591549295775 0.31690140845070425 0.17643332486113866 0.3918328043377637
0 0.7011443661971831 0.34917840375586856 0.7439695667402301 0.41528804084286625
0 0.28565140845070425 0.5539906103286385 0.3224975125843087 0.610590381097225
0 0.7451584507042254 0.34917840375586856 0.7919255464565563 0.4088326417818334
0 0.04401408450704225 0.5487089201877934 0.08932921915294585 0.6111803351407348
0 0.3265845070422535 0.5545774647887324 0.3620921723120412 0.6111768911591615
0 0.7816901408450704 0.6742957746478874 0.822279185677445 0.75782024895854
0 0.9119718309859155 0.22007042253521128 0.9520633926800238 0.3044483154797329
0 0.7790492957746479 0.5005868544600939 0.8165585170353105 0.5578048199210915
0 0.5061619718309859 0.8761737089201878 0.5495131329349335 0.9578191468844366
0 0.6949823943661971 0.8215962441314554 0.7342891802841698 0.8921234763825521
0 0.4586267605633803 0.8034037558685446 0.4958368720243999 0.8827444813639268
0 0.3296654929577465 0.8086854460093896 0.3744147599062686 0.8780465460997597
0 0.2953345070422535 0.8967136150234741 0.34053902530499897 0.9654362009301506
0 0.5572183098591549 0.8726525821596244 0.5974660130678437 0.9554737954330049
0 0.40713028169014087 0.8984741784037559 0.4527257349112279 0.9818670926183076
0 0.6875 0.9137323943661971 0.7404544454225352 0.9977032086887522
0 0.4621478873239437 0.880868544600939 0.5050782799791708 0.9613375184597412
0 0.027288732394366196 0.2546948356807512 0.057646439818488396 0.3138176673499526
0 0.05677816901408451 0.24295774647887325 0.0902038828481452 0.3120639919328176
0 0.08890845070422536 0.24706572769953053 0.1320031212804999 0.3120615811457162
0 0.003961267605633803 0.3204225352112676 0.02464614380827217 0.4059152449910732
0 0.022887323943661973 0.3174882629107981 0.05940894043840508 0.40356954914148424
0 0.0664612676056338 0.31396713615023475 0.10296370542799048 0.4135481413520245
0 0.10299295774647887 0.31338028169014087 0.13991945732493552 0.4076799411492429
0 0.4326584507042254 0.323943661971831 0.4703201327241619 0.4100211598227865
0 0.40316901408450706 0.23415492957746478 0.443924661525491 0.31617713912583484
0 0.30633802816901406 0.22359154929577466 0.3431750272763341 0.30855423031144613
0 0.269806338028169 0.22241784037558684 0.30621927537938903 0.3079680646476669
0 0.23503521126760563 0.232981220657277 0.26706204436123787 0.3085487199409288
0 0.5057218309859155 0.2511737089201878 0.5319076928560801 0.402434757213075
0 0.5360915492957746 0.2511737089201878 0.5688661568885142 0.40889015627410785
0 0.5977112676056338 0.22711267605633803 0.6471841059561595 0.28449113105865237
0 0.6496478873239436 0.2312206572769953 0.687214063429875 0.2944652460931473
0 0.6954225352112676 0.232981220657277 0.7351692682503471 0.2809665603165157
0 0.735475352112676 0.2312206572769953 0.7800460055668518 0.2844887202715511
0 0.820862676056338 0.2863849765258216 0.8662760287517358 0.3449023562344332
0 0.7601232394366197 0.2863849765258216 0.8086443119544734 0.34901033745509047
0 0.7024647887323944 0.2822769953051643 0.7536520841598889 0.34901274824219175
0 0.6632922535211268 0.29694835680751175 0.7048136917898234 0.34841728382816456
0 0.5897887323943662 0.2846244131455399 0.6520291422832771 0.34901137064956245
0 0.5994718309859155 0.3474178403755869 0.6533453028912913 0.4164627829575261
0 0.7962147887323944 0.3515258215962441 0.8372375815190438 0.41411295433004913
0 0.8433098591549296 0.22124413145539906 0.8781499516464987 0.29388424640172806
0 0.914612676056338 0.2963615023474178 0.9709882866742708 0.41473218221693225
0 0.9608274647887324 0.2147887323943662 0.999 0.32205704886596576
0 0.00044014084507042255 0.47007042253521125 0.02948924289575481 0.5413908037426437
0 0.0030809859154929575 0.551056338028169 0.040931742523804805 0.6170475021490445
0 0.12720070422535212 0.4782863849765258 0.15663415461961913 0.5425596910886288
0 0.1637323943661972 0.48063380281690143 0.1922694839813529 0.5478400036368446
0 0.1936619718309859 0.48063380281690143 0.22130560652648285 0.5466662947166567
0 0.09815140845070422 0.5404929577464789 0.13199905307726642 0.6182274102360643
0 0.1311619718309859 0.5393192488262911 0.15839297448422932 0.6182280990323789
0 0.16153169014084506 0.5434272300469484 0.20063312865750843 0.6158782704049021
0 0.20466549295774647 0.5545774647887324 0.23670569300486016 0.6188059991403821
0 0.238556338028169 0.5446009389671361 0.2582576776681214 0.6129433093081179
0 0.258362676056338 0.5428403755868545 0.286417974174271 0.6135311969626838
0 0.3265845070422535 0.4847417840375587 0.3590111863965483 0.5478375928497432
0 0.3657570422535211 0.5534037558685446 0.4109305646821067 0.6158724156362273
0 0.41065140845070425 0.49002347417840375 0.45976643864064665 0.5466607843461394
0 0.4722711267605634 0.4847417840375587 0.5160773454547709 0.5519455740704006
0 0.5193661971830986 0.4935446009389671 0.5525883071315215 0.5507666991778527
0 0.5585387323943662 0.4923708920187793 0.5983457135860941 0.5548753691948246
0 0.7297535211267606 0.45598591549295775 0.7791682422882366 0.5079483650730675
0 0.820862676056338 0.5041079812206573 0.8574732118503273 0.5613238802927109
0 0.7209507042253521 0.5052816901408451 0.7677284547956755 0.5531072290550817
0 0.7970950704225352 0.5598591549295775 0.8381174757612577 0.6182160450968722
0 0.7319542253521126 0.5651408450704225 0.7870898088796865 0.6170392365932685
0 0.6897007042253521 0.5616197183098591 0.7360520683520135 0.6188018663624942
0 0.6544894366197183 0.4894366197183099 0.698215453593037 0.5613324902466442
0 0.6505281690140845 0.5545774647887324 0.6885340985171593 0.6188059991403821
0 0.2623239436619718 0.7089201877934272 0.30314158277127556 0.8775182393264123
0 0.6161971830985915 0.670774647887324 0.6661020258877207 0.7660382777887985
0 0.8314260563380281 0.676056338028169 0.862310111770978 0.7683825960457581
0 0.8129401408450704 0.9107981220657277 0.8495541636704027 0.9601462452335295
0 0.7552816901408451 0.9084507042253521 0.8064457386927196 0.9648424585069101
0 0.7433978873239436 0.9618544600938967 0.7980882931833961 0.9965012591196631
0 0.6936619718309859 0.9160798122065728 0.7320890572307082 0.999
0 0.6360035211267606 0.9266431924882629 0.6876602097178139 0.999
0 0.6047535211267606 0.8732394366197183 0.6304556542600674 0.9548865965747536
0 0.3578345070422535 0.9002347417840375 0.40081081227682996 0.9824529138839295
0 0.37544014084507044 0.8028169014084507 0.4157678520506844 0.8868528069827415
0 0.4198943661971831 0.8028169014084507 0.45492082114163856 0.8856790980625537
