0 0.46412852112676056 0.6211854460093896 0.08054577464788733 0.10152582159624413
0 0.5556778169014085 0.5971244131455399 0.07086267605633803 0.03814553990610329
0 0.16065140845070422 0.8215962441314554 0.03873239436619718 0.0880281690140845
0 0.27750880281690143 0.6654929577464789 0.07878521126760564 0.06338028169014084
0 0.3571742957746479 0.43163145539906106 0.09022887323943662 0.05575117370892019
0 0.45224471830985913 0.4307511737089202 0.08318661971830986 0.062206572769953054
0 0.21280809859154928 0.8177816901408451 0.04181338028169014 0.09213615023474178
0 0.18089788732394366 0.6666666666666666 0.07834507042253522 0.06338028169014084
0 0.20400528169014084 0.06103286384976526 0.06470070422535211 0.08568075117370892
0 0.10915492957746478 0.82981220657277 0.04225352112676056 0.08098591549295775
0 0.30875880281690143 0.06866197183098592 0.08934859154929578 0.07629107981220658
0 0.6857394366197183 0.7884389671361502 0.04225352112676056 0.10504694835680752
0 0.10607394366197183 0.05663145539906103 0.09683098591549295 0.08626760563380281
0 0.8393485915492958 0.4721244131455399 0.09330985915492958 0.058098591549295774
0 0.2640845070422535 0.42752347417840375 0.0721830985915493 0.0710093896713615
0 0.5550176056338029 0.4040492957746479 0.09154929577464789 0.056924882629107984
0 0.203125 0.2811032863849765 0.09286971830985916 0.06338028169014084
0 0.8098591549295775 0.630868544600939 0.06866197183098592 0.08215962441314555
0 0.6357834507042254 0.07658450704225352 0.09198943661971831 0.04636150234741784
0 0.08076584507042253 0.6725352112676056 0.08142605633802817 0.05868544600938967
0 0.8565140845070423 0.31866197183098594 0.07746478873239436 0.05516431924882629
0 0.7183098591549296 0.4451291079812207 0.08098591549295775 0.06514084507042253
0 0.30875880281690143 0.27992957746478875 0.08846830985915492 0.051643192488262914
0 0.6393045774647887 0.12411971830985916 0.08670774647887323 0.04636150234741784
0 0.18221830985915494 0.6029929577464789 0.07834507042253522 0.04988262910798122
0 0.4185739436619718 0.0880281690140845 0.08362676056338028 0.07511737089201878
0 0.7552816901408451 0.32188967136150237 0.11179577464788733 0.05457746478873239
0 0.6373239436619719 0.45686619718309857 0.07482394366197183 0.0710093896713615
0 0.20532570422535212 0.19982394366197184 0.09198943661971831 0.06044600938967136
0 0.3085387323943662 0.20187793427230047 0.07746478873239436 0.056338028169014086
0 0.5266285211267606 0.08773474178403756 0.09551056338028169 0.07687793427230047
0 0.7808098591549296 0.0892018779342723 0.11267605633802817 0.0528169014084507
0 0.06227992957746479 0.8345070422535211 0.037411971830985914 0.08450704225352113
0 0.6199383802816901 0.3125 0.10959507042253522 0.041666666666666664
0 0.628080985915493 0.22799295774647887 0.1153169014084507 0.04870892018779343
0 0.9282570422535211 0.6047535211267606 0.04401408450704225 0.06279342723004695
0 0.08516725352112677 0.45980046948356806 0.08582746478873239 0.08039906103286384
0 0.07834507042253522 0.596830985915493 0.09595070422535211 0.07276995305164319
0 0.9423415492957746 0.49178403755868544 0.03697183098591549 0.06338028169014084
0 0.5514964788732394 0.4744718309859155 0.09242957746478873 0.06631455399061033
0 0.6274207746478874 0.6349765258215962 0.06998239436619719 0.045774647887323945
0 0.2713468309859155 0.6012323943661971 0.0761443661971831 0.06396713615023474
0 0.9757922535211268 0.5994718309859155 0.040492957746478875 0.06279342723004695
0 0.8371478873239436 0.40492957746478875 0.08274647887323944 0.04460093896713615
0 0.7407570422535211 0.2438380281690141 0.0897887323943662 0.04636150234741784
0 0.7808098591549296 0.14289906103286384 0.1056338028169014 0.04988262910798122
0 0.45048415492957744 0.8095657276995305 0.04445422535211268 0.07922535211267606
0 0.34242957746478875 0.818075117370892 0.037852112676056336 0.07746478873239436
0 0.7447183098591549 0.7857981220657277 0.03961267605633803 0.08215962441314555
0 0.39172535211267606 0.8139671361502347 0.040492957746478875 0.08098591549295775
0 0.5017605633802817 0.8107394366197183 0.04753521126760563 0.08039906103286384
0 0.8001760563380281 0.7849178403755869 0.03961267605633803 0.08744131455399061
0 0.292693661971831 0.8221830985915493 0.051056338028169015 0.0715962441314554
0 0.5534771126760564 0.8031103286384976 0.04357394366197183 0.07453051643192488
0 0.8890845070422535 0.14289906103286384 0.08626760563380281 0.06044600938967136
0 0.10079225352112677 0.1766431924882629 0.09419014084507042 0.07276995305164319
0 0.10673415492957747 0.26555164319248825 0.08582746478873239 0.0733568075117371
0 0.43045774647887325 0.2717136150234742 0.10211267605633803 0.06807511737089202
0 0.5303697183098591 0.2881455399061033 0.0528169014084507 0.07981220657276995
0 0.6157570422535211 0.18838028169014084 0.11267605633802817 0.036384976525821594
0 0.6289612676056338 0.2720070422535211 0.1267605633802817 0.03697183098591549
0 0.7515404929577465 0.28374413145539906 0.11839788732394366 0.04401408450704225
0 0.8529929577464789 0.2596830985915493 0.08450704225352113 0.05575117370892019
0 0.9793133802816901 0.35269953051643194 0.04137323943661972 0.0892018779342723
0 0.983274647887324 0.4818075117370892 0.03345070422535211 0.06455399061032864
0 0.17077464788732394 0.39055164319248825 0.08274647887323944 0.06514084507042253
0 0.17253521126760563 0.4630281690140845 0.08890845070422536 0.07746478873239436
0 0.3714788732394366 0.6241197183098591 0.08714788732394366 0.07570422535211267
0 0.5545774647887324 0.5601525821596244 0.0818661971830986 0.028755868544600938
0 0.5512764084507042 0.6384976525821596 0.06734154929577464 0.03873239436619718
0 0.7081866197183099 0.6232394366197183 0.08626760563380281 0.06924882629107981
0 0.8959066901408451 0.8078051643192489 0.0682218309859155 0.09683098591549295
0 0.6309419014084507 0.7928403755868545 0.04973591549295775 0.1056338028169014
