0 0.46742957746478875 0.16901408450704225 0.5103576454324539 0.2739618461945381
0 0.625 0.21654929577464788 0.672700264084507 0.34376963069496796
0 0.3397887323943662 0.613849765258216 0.39465678312834757 0.7349683980250832
0 0.1505281690140845 0.6203051643192489 0.1984372675312438 0.721466957063193
0 0.5677816901408451 0.20833333333333334 0.6221092510166634 0.3068026212832551
0 0.43838028169014087 0.4753521126760563 0.4936450791013688 0.5589933379620445
0 0.5123239436619719 0.1813380281690141 0.5657956320670502 0.28803912087548766
0 0.09639084507042253 0.022300469483568074 0.14828503924072606 0.11266296920804954
0 0.2566021126760563 0.681924882629108 0.31238705892927987 0.7853979314069078
0 0.41505281690140844 0.6473004694835681 0.45888421971087084 0.7637046358747163
0 0.26188380281690143 0.37265258215962443 0.30578262156566155 0.46222262172408474
0 0.0801056338028169 0.272887323943662 0.1183626295625868 0.35782107551411757
0 0.09727112676056338 0.5903755868544601 0.14432338418716523 0.6856863993034892
0 0.22183098591549297 0.35269953051643194 0.26178616593929777 0.4428681340783354
0 0.1487676056338028 0.31514084507042256 0.18479367622991472 0.4006366544336441
0 0.34815140845070425 0.4107981220657277 0.3955333840631819 0.5021063391302432
0 0.10827464788732394 0.1965962441314554 0.1645650199613172 0.26925082380039234
0 0.3389084507042254 0.30164319248826293 0.38101280437909146 0.38303894178844583
0 0.1544894366197183 0.0534037558685446 0.20547777753669907 0.13318462220899732
0 0.21390845070422534 0.6408450704225352 0.2560678219847252 0.7496239172121933
0 0.09286971830985916 0.4618544600938967 0.14080419466623684 0.5408087708567524
0 0.3019366197183099 0.397887323943662 0.3422966828258282 0.48392142762679363
0 0.056338028169014086 0.1619718309859155 0.10252802023408053 0.24521011042782517
0 0.021566901408450703 0.5293427230046949 0.06249050752578854 0.621755080561617
0 0.2764084507042254 0.11208920187793427 0.3361459469847252 0.17951168474068196
0 0.24559859154929578 0.25704225352112675 0.2969869724509026 0.3413984493817364
0 0.3477112676056338 0.13086854460093897 0.39465329609700456 0.21236451376490553
0 0.0528169014084507 0.011150234741784037 0.09284647143423924 0.09389017005003417
0 0.8556338028169014 0.5575117370892019 0.9340424146994644 0.7484991128303466
0 0.778169014084507 0.306924882629108 0.813037777722674 0.3865569689655932
0 0.7125880281690141 0.4812206572769953 0.7782955158326721 0.63410726487249
0 0.7081866197183099 0.03697183098591549 0.7483678756075183 0.11793604939496131
0 0.8252640845070423 0.8603286384976526 0.9124888802444951 0.9906922953999427
0 0.1500880281690141 0.8926056338028169 0.20724027815661575 0.999
0 0.10079225352112677 0.8233568075117371 0.1478429611560206 0.948460471357094
0 0.0488556338028169 0.8186619718309859 0.10253131354146003 0.9050359964954043
0 0.3710387323943662 0.7640845070422535 0.423692324501587 0.8757253025193413
0 0.31294014084507044 0.7288732394366197 0.37046085381124777 0.8334924452820208
0 0.4357394366197183 0.8116197183098591 0.5020089175014878 0.912669237254513
0 0.23151408450704225 0.8456572769953051 0.2837889462656219 0.922625787982984
0 0.8314260563380281 0.2535211267605634 0.8984016610667527 0.451729154268333
0 0.9027288732394366 0.267018779342723 0.973634362291708 0.47108743029381295
0 0.934419014084507 0.5768779342723005 0.9943070338846459 0.8065863392404505
0 0.8001760563380281 0.5575117370892019 0.8460386549047808 0.6405178921730696
0 0.639524647887324 0.1426056338028169 0.68149668809512 0.20942335350128943
0 0.5783450704225352 0.11267605633802817 0.6309074185429479 0.18714044832374527
0 0.3001760563380282 0.009976525821596244 0.36870590842590756 0.09741198560691221
0 0.37367957746478875 0.058098591549295774 0.4272122889183694 0.14139782946505325
0 0.2112676056338028 0.007042253521126761 0.2591499702439992 0.06220243999206507
0 0.17913732394366197 0.0029342723004694834 0.2151500275862924 0.047533489276818976
0 0.2125880281690141 0.07863849765258216 0.26619164259323547 0.156057137031894
0 0.007042253521126761 0.1426056338028169 0.05017295675461218 0.2170524614825101
0 0.0048415492957746475 0.22769953051643194 0.037409840867387426 0.3161809275055654
0 0.04137323943661972 0.2546948356807512 0.07832686036996628 0.3502026438757742
0 0.11663732394366197 0.2992957746478873 0.1487162687834755 0.38362717384116907
0 0.19190140845070422 0.3503521126760563 0.22086624057726642 0.4111793708258943
0 0.2944542253521127 0.27582159624413144 0.3264549057106725 0.37073015164539663
0 0.3846830985915493 0.3163145539906103 0.41840462891787344 0.41648103605986464
0 0.4185739436619718 0.3397887323943662 0.46548478259521914 0.44287571083779675
0 0.4753521126760563 0.36032863849765256 0.5253189471335052 0.47514065220745444
0 0.3921654929577465 0.4336854460093897 0.43996823701894466 0.5367173207476471
0 0.5017605633802817 0.48826291079812206 0.5389516898928784 0.5859810663669025
0 0.5409330985915493 0.5158450704225352 0.5838288146573101 0.625284128479799
0 0.4647887323943662 0.7059859154929577 0.5253235965086293 0.815313388547246
0 0.061619718309859156 0.5534037558685446 0.10384611808172982 0.6575390823028939
0 0.05017605633802817 0.4336854460093897 0.0959286196935132 0.5308487761467081
0 0.0008802816901408451 0.3984741784037559 0.045334119594326525 0.49976615365117155
0 0.144806338028169 0.4894366197183099 0.1944785183371355 0.5871540864907756
0 0.22139084507042253 0.5498826291079812 0.27763143008579644 0.6481514773303357
0 0.28080985915492956 0.5950704225352113 0.33834471397044236 0.6850967896581366
0 0.914612676056338 0.8509389671361502 0.9916749063925807 0.9936320780709295
0 0.6800176056338029 0.7036384976525821 0.7360563302792105 0.8217701652009082
0 0.7288732394366197 0.738849765258216 0.7822496156516564 0.8663504402786043
0 0.7874119718309859 0.7893192488262911 0.8372414559983138 0.9027057985628953
0 0.20818661971830985 0.9172535211267606 0.2543097770159691 0.9988748512199961
0 0.3336267605633803 0.9137323943661971 0.40654329808073797 0.999
0 0.012764084507042254 0.7541079812206573 0.05897325524449514 0.8546043967246358
0 0.1368838028169014 0.7717136150234741 0.1869996110022813 0.8410964121977562
0 0.18485915492957747 0.7998826291079812 0.23451370635786553 0.8944836369547489
