0 0.23503521126760563 0.4424882629107981 0.2934704950654632 0.5443412627565077
0 0.2438380281690141 0.2717136150234742 0.29962859241717915 0.37073256243249797
0 0.610475352112676 0.7582159624413145 0.675347502045725 0.8534282770173467
0 0.6712147887323944 0.7529342723004695 0.7303383737725649 0.8546050855209504
0 0.35827464788732394 0.4454225352112676 0.41973667489089467 0.5466869586060967
0 0.7139084507042254 0.2764084507042254 0.7576083149424717 0.36251384480592475
0 0.16549295774647887 0.44835680751173707 0.22968068091648483 0.5378824197139016
0 0.7297535211267606 0.44366197183098594 0.7897316225699267 0.5284955035376578
0 0.480193661971831 0.18251173708920188 0.5288379429304702 0.26749852597588664
0 0.4203345070422535 0.5404929577464789 0.4813290781219004 0.6381804618792568
0 0.7310739436619719 0.020539906103286387 0.7716852667501487 0.10738231226167647
0 0.5611795774647887 0.03169014084507042 0.6115487765944257 0.10620205977649938
0 0.5501760563380281 0.5440140845070423 0.6005500985667527 0.6416995222508761
0 0.7297535211267606 0.5346244131455399 0.7862104958093633 0.6299679434195155
0 0.23371478873239437 0.5463615023474179 0.2974323438429875 0.6393507268178712
0 0.7315140845070423 0.7599765258215962 0.7809280307726642 0.8405164457008089
0 0.16857394366197184 0.5504694835680751 0.22967932484874035 0.6416957338711454
0 0.4352992957746479 0.19014084507042253 0.47824150559164846 0.26632033987965353
0 0.3600352112676056 0.5469483568075117 0.41929575914997025 0.644632072560559
0 0.03829225352112676 0.025821596244131457 0.08977187840954176 0.12029001080032621
0 0.4894366197183099 0.7687793427230047 0.5495204944455465 0.8610511858317353
0 0.7944542253521126 0.43896713615023475 0.8473615958515175 0.5249771319623532
0 0.5422535211267606 0.4413145539906103 0.6009937264431661 0.5361259891115079
0 0.6087147887323944 0.5463615023474179 0.6603834882091847 0.6381770178976834
0 0.3089788732394366 0.18896713615023475 0.34933583676353896 0.2680815920562499
0 0.5338908450704225 0.176056338028169 0.5807509283252331 0.27161029557627453
0 0.6786971830985915 0.023474178403755867 0.7254935311694108 0.10914115365117151
0 0.3670774647887324 0.2811032863849765 0.4214933637919064 0.37248761544226233
0 0.3692781690140845 0.7664319248826291 0.4263339444678635 0.8651605446450219
0 0.22843309859154928 0.008802816901408451 0.2991952319108312 0.11795258050651326
0 0.7654049295774648 0.27582159624413144 0.8214060717739535 0.3642747525843638
0 0.6205985915492958 0.034624413145539906 0.664339525267804 0.10561348332561882
0 0.4841549295774648 0.539906103286385 0.5455615515274747 0.6370070973572264
0 0.4251760563380282 0.4471830985915493 0.4703234260315414 0.5378831085102163
0 0.2975352112676056 0.443075117370892 0.3599042538682801 0.5472751906588199
0 0.17033450704225353 0.272887323943662 0.22395671896697084 0.3719055825563711
0 0.5303697183098591 0.27230046948356806 0.5842736048775045 0.37073221803434064
0 0.7816901408450704 0.02171361502347418 0.8310820025788535 0.11383702252639467
0 0.6183978873239436 0.18838028169014084 0.6572982403664948 0.27688475335581564
0 0.17517605633802816 0.18779342723004694 0.2230743063132315 0.2727771165333157
0 0.10651408450704225 0.2775821596244131 0.16412565401210077 0.3719028273711124
0 0.4841549295774648 0.45011737089201875 0.5380791571612775 0.5425762222001808
0 0.0044014084507042256 0.6995305164319249 0.06293820360543542 0.7783453459410611
0 0.7310739436619719 0.6660798122065728 0.7910514639332473 0.755477652692367
0 0.667693661971831 0.27523474178403756 0.7175758390572308 0.36662251482289665
0 0.7944542253521126 0.5410798122065728 0.8376784972599682 0.6223350470585642
0 0.24911971830985916 0.7652582159624414 0.3075488029408847 0.8663349423615244
0 0.31117957746478875 0.7658450704225352 0.3660602202563975 0.8692688702638366
0 0.4326584507042254 0.9061032863849765 0.4817637946959929 0.9900785778835769
0 0.48723591549295775 0.9043427230046949 0.5323559701076176 0.9830373575569221
0 0.18705985915492956 0.7793427230046949 0.24507611801973814 0.8751294937071569
0 0.37455985915492956 0.9096244131455399 0.423690774709879 0.9883159481143512
0 0.4282570422535211 0.7752347417840375 0.489248126301825 0.858699979611629
0 0.14788732394366197 0.920774647887324 0.20592082424122196 0.993004240230113
0 0.5519366197183099 0.7646713615023474 0.6058310138117436 0.8569456153981793
0 0.12059859154929578 0.7740610328638498 0.1821652294931561 0.8645692130088828
0 0.09639084507042253 0.9119718309859155 0.14608433501537393 0.9924225517423791
0 0.6672535211267606 0.897887323943662 0.7294598355980957 0.999
0 0.014964788732394365 0.789906103286385 0.07261665282186075 0.869254749939386
0 0.7750880281690141 0.9002347417840375 0.847810260550982 0.991255730785338
0 0.5356514084507042 0.9172535211267606 0.5908733928659987 0.9636635836143623
0 0.7900528169014085 0.755868544600939 0.8429621246404483 0.8411057109480042
0 0.00044014084507042255 0.03931924882629108 0.03741177810702242 0.11910838072251978
0 0.08626760563380281 0.015258215962441314 0.1518106216524499 0.12616475456809717
0 0.15272887323943662 0.01643192488262911 0.21692221440438406 0.11794810333046794
0 0.320862676056338 0.03697183098591549 0.3726580710052569 0.09035388977054817
0 0.37191901408450706 0.01995305164319249 0.42237151451844873 0.1085563655800216
0 0.43221830985915494 0.03051643192488263 0.4940879320819282 0.11676612885450417
0 0.4977992957746479 0.03814553990610329 0.5534780812958738 0.11265367045780157
0 0.8331866197183099 0.017605633802816902 0.8693515903962508 0.11794741453415328
0 0.929137323943662 0.5522300469483568 0.9775840064595319 0.6904036208644669
0 0.9128521126760564 0.0005868544600938967 0.9639468080489983 0.117370547620622
0 0.965669014084507 0.0005868544600938967 0.999 0.11560998424034032
0 0.007922535211267605 0.19131455399061034 0.05413383691231899 0.27336190460446563
0 0.07350352112676056 0.19072769953051644 0.12452750725302518 0.278643939143468
0 0.12455985915492958 0.18603286384976525 0.1680789789352311 0.27864669432872663
0 0.05193661971830986 0.2852112676056338 0.10076939409343384 0.3812880215565695
0 0.0022007042253521128 0.2822769953051643 0.04401311588722475 0.376008053406511
0 0.3529929577464789 0.18955399061032863 0.39597139394465386 0.2733629377989376
0 0.39348591549295775 0.18955399061032863 0.4333655431709978 0.2716023744186559
0 0.5783450704225352 0.1766431924882629 0.6172630523457647 0.2745442234785867
0 0.7363556338028169 0.18720657276995306 0.7774047730485023 0.2768854421521303
0 0.7720070422535211 0.1789906103286385 0.8086390814074588 0.2692611557451123
0 0.8098591549295775 0.19131455399061034 0.8398724211465979 0.27981730366549845
0 0.8243838028169014 0.27992957746478875 0.8574716620586192 0.3783568488395159
0 0.6263204225352113 0.2746478873239437 0.6709391195323349 0.36720971368114796
0 0.5880281690140845 0.2734741784037559 0.6260616073199762 0.3683841113976504
0 0.4810739436619718 0.2746478873239437 0.5310382597078952 0.3683834226013357
0 0.4225352112676056 0.27582159624413144 0.48220839119222375 0.3642747525843638
0 0.304137323943662 0.27699530516431925 0.36078162969896843 0.37718486191011485
0 0.06558098591549295 0.4272300469483568 0.10780564217169213 0.5038572593621196
0 0.03653169014084507 0.5158450704225352 0.08713180823497323 0.6041573679164187
0 0.08714788732394366 0.5117370892018779 0.11835952997917079 0.60415977870352
0 0.0013204225352112676 0.5498826291079812 0.03609096812388415 0.6381749515087395
0 0.1153169014084507 0.4465962441314554 0.16720276544832374 0.5443388519694065
0 0.11663732394366197 0.5393192488262911 0.16808246596657409 0.6340731694549141
0 0.29577464788732394 0.5440140845070423 0.35638390200357073 0.6463943579316273
0 0.6056338028169014 0.4424882629107981 0.6630256893473516 0.54316755383632
0 0.6690140845070423 0.5363849765258216 0.723737229716326 0.6317274736053252
0 0.6641725352112676 0.43779342723004694 0.7263802057503471 0.5337806376600762
0 0.7904929577464789 0.6602112676056338 0.8438422126066257 0.7501994065330952
0 0.6663732394366197 0.6684272300469484 0.724618673750248 0.7501945849588926
0 0.5514964788732394 0.6801643192488263 0.6040706441554254 0.7619247861976239
0 0.48151408450704225 0.6789906103286385 0.5517246857022415 0.7683808740549715
0 0.6073943661971831 0.6719483568075117 0.6678664637472723 0.7513662274901365
0 0.42297535211267606 0.676056338028169 0.47340538056685183 0.7501901077828472
0 0.07174295774647887 0.7805164319248826 0.12804940890944255 0.8622180067887765
0 0.07526408450704225 0.6889671361502347 0.13685067601914302 0.7748304183473297
0 0.13996478873239437 0.6866197183098591 0.19932219859650863 0.7607472888977055
0 0.352112676056338 0.6866197183098591 0.40389431660384845 0.7525313264563909
0 0.02464788732394366 0.9254694835680751 0.0831757711763539 0.9912409216645727
0 0.5919894366197183 0.9072769953051644 0.6564295821141638 0.999
