0 0.7913732394366197 0.5563380281690141 0.9877678814967268 0.7514340739271309
0 0.3855633802816901 0.37265258215962443 0.4544957907657211 0.4569409315832397
0 0.06382042253521127 0.4424882629107981 0.1989155719971236 0.5455149716766955
0 0.40580985915492956 0.22241784037558684 0.46725096397044236 0.29799153882607066
0 0.320862676056338 0.37089201877934275 0.37970032452638364 0.4581156736978994
0 0.3494718309859155 0.22887323943661972 0.4016947747222773 0.30444314950737283
0 0.7975352112676056 0.7629107981220657 0.9851243242908153 0.8246696532874871
0 0.8494718309859155 0.22359154929577466 0.9890627324687563 0.40362465284665744
0 0.4665492957746479 0.2147887323943662 0.5288439483733386 0.2968223070819282
0 0.4551056338028169 0.37089201877934275 0.5222468725203333 0.4581156736978994
0 0.23767605633802816 0.3785211267605634 0.308874262299147 0.45459006976129074
0 0.24471830985915494 0.323943661971831 0.3128324303213648 0.38126529127818554
0 0.2869718309859155 0.22183098591549297 0.346264537046221 0.29975244660450967
0 0.8098591549295775 0.0011737089201877935 0.995242139456457 0.1138490764619013
0 0.7306338028169014 0.29518779342723006 0.8280234886431264 0.5250615095108996
0 0.8402288732394366 0.40199530516431925 0.999 0.4774636177786595
0 0.6672535211267606 0.04107981220657277 0.7448647651755604 0.15960030527452665
0 0.5783450704225352 0.034624413145539906 0.6480729115006943 0.16488578379510238
0 0.1382042253521127 0.2822769953051643 0.23849550870363026 0.4376277717163702
0 0.06470070422535211 0.3045774647887324 0.12805250849285857 0.3941874545394432
0 0.10299295774647887 0.6056338028169014 0.43261311929676655 0.9967103088011637
0 0.4722711267605634 0.602112676056338 0.7695984722153343 0.9538719996032533
