0 0.3617957746478873 0.31220657276995306 0.41577385749355283 0.4698872027155106
0 0.8639964788732394 0.7007042253521126 0.9212746494371157 0.8428986477550751
0 0.8213028169014085 0.142018779342723 0.8711173843235469 0.2628274537679914
0 0.7037852112676056 0.4254694835680751 0.7518909396077167 0.5590226118054178
0 0.797975352112676 0.6907276995305164 0.8566030038062884 0.8276462865613083
0 0.7403169014084507 0.6907276995305164 0.7976495084060702 0.8376228123829046
0 0.7759683098591549 0.13615023474178403 0.8183204364833366 0.2616571888293769
0 0.8217429577464789 0.43485915492957744 0.8799200075009919 0.5554959746743371
0 0.7552816901408451 0.42488262910798125 0.8117274288335647 0.5531544116026361
0 0.2363556338028169 0.7130281690140845 0.2965508998090656 0.849346814454804
0 0.1430457746478873 0.5035211267605634 0.17731380027524302 0.6487655392448589
0 0.8912852112676056 0.4336854460093897 0.9393084131992661 0.5625389169917786
0 0.18309859154929578 0.505868544600939 0.2389158897044237 0.6640223776146709
0 0.29401408450704225 0.5140845070422535 0.346261437462805 0.6716466640216888
0 0.2319542253521127 0.3086854460093897 0.2798274849360246 0.4687155601842668
0 0.8763204225352113 0.142018779342723 0.9230297885464194 0.26517487160836695
0 0.414612676056338 0.35563380281690143 0.4619653993503273 0.4862936421344971
0 0.49383802816901406 0.727112676056338 0.5512791205861932 0.8687047460821266
0 0.3503521126760563 0.522887323943662 0.40697607741519537 0.6745757703497983
0 0.0897887323943662 0.5088028169014085 0.1416858324241222 0.648175585201349
0 0.5523767605633803 0.7235915492957746 0.5965878623413013 0.8687068124710705
0 0.5374119718309859 0.5745305164319249 0.5776683926180322 0.6616346651898874
0 0.09242957746478873 0.3086854460093897 0.13992410670005953 0.450523071921356
0 0.4942781690140845 0.31572769953051644 0.5314725888340607 0.3800964039322004
0 0.4920774647887324 0.4014084507042254 0.5279524306933148 0.4798113800171923
0 0.14744718309859156 0.30633802816901406 0.20460059542997422 0.4540455762745487
0 0.1443661971830986 0.11326291079812206 0.1909575853005356 0.26401803819788844
0 0.7231514084507042 0.13732394366197184 0.7716887537814917 0.257548518812405
0 0.41725352112676056 0.5369718309859155 0.45976353278119425 0.625271730146135
0 0.5052816901408451 0.11913145539906103 0.5464325344673675 0.27281741111772356
0 0.2420774647887324 0.517018779342723 0.2912666912566951 0.6587341439088363
0 0.3970070422535211 0.10035211267605634 0.45581117647788133 0.268133596178007
0 0.5514964788732394 0.11678403755868545 0.6093523342962706 0.2769267699310102
0 0.5334507042253521 0.40199530516431925 0.572828586837929 0.48450587129978623
0 0.18970070422535212 0.7030516431924883 0.23011016694356276 0.8282259086600983
0 0.0880281690140845 0.10504694835680752 0.13992604393969452 0.2610885874716216
0 0.46170774647887325 0.10152582159624413 0.5055186145482047 0.27165403414225575
0 0.9300176056338029 0.7024647887323944 0.9863864359130132 0.8452450324009786
0 0.9586267605633803 0.43485915492957744 0.9956168016018648 0.5601908103550883
0 0.6954225352112676 0.6860328638497653 0.7342889865602064 0.8335175863475061
0 0.19190140845070422 0.8961267605633803 0.2419930011406467 0.9930187049527209
0 0.414612676056338 0.7153755868544601 0.47825061061793295 0.8599088171438648
0 0.32350352112676056 0.897887323943662 0.37529775373189844 0.9977125074390002
0 0.3578345070422535 0.721830985915493 0.41225447424866096 0.8640130099847915
0 0.2962147887323944 0.7130281690140845 0.34890131391341 0.8575627768961185
0 0.13996478873239437 0.8826291079812206 0.19051938169510016 0.996547752870903
0 0.5374119718309859 0.9125586854460094 0.5943937447307082 0.9965301885648792
0 0.37235915492957744 0.9055164319248826 0.4254523067099782 0.999
0 0.12940140845070422 0.7089201877934272 0.18832332684487205 0.8364384271198395
0 0.7095070422535211 0.9172535211267606 0.7655327873933743 0.9977011422998083
0 0.9163732394366197 0.8726525821596244 0.9679065258629239 0.9824691005973242
0 0.19058098591549297 0.10915492957746478 0.22614851189000199 0.26284674006480196
0 0.22403169014084506 0.10915492957746478 0.2798309719673676 0.2728232658863982
0 0.27860915492957744 0.10211267605633803 0.31809920371702044 0.2704799808239106
0 0.31690140845070425 0.09976525821596244 0.35593446240825233 0.27165506733672773
0 0.35827464788732394 0.10211267605633803 0.39684935094723267 0.2663719996032533
0 0.003961267605633803 0.10622065727699531 0.07350177761108907 0.26167475313540084
0 0.00044014084507042255 0.3045774647887324 0.05985896120561397 0.46226257191033526
0 0.28741197183098594 0.31338028169014087 0.34406363909690535 0.4775156219004166
0 0.0048415492957746475 0.5064553990610329 0.05677603805048601 0.6605009064559502
0 0.46346830985915494 0.5604460093896714 0.49011291007488594 0.6340607711212503
0 0.4951584507042254 0.57981220657277 0.5380743140621901 0.6551761665454385
0 0.42561619718309857 0.9084507042253521 0.48440773934983145 0.999
0 0.08714788732394366 0.8873239436619719 0.1421271356129736 0.9941975798452687
0 0.6452464788732394 0.9278169014084507 0.7057019161624677 0.999
0 0.8235035211267606 0.8773474178403756 0.8675952889431661 0.999
0 0.7715669014084507 0.9213615023474179 0.8231639230187463 0.999
0 0.8705985915492958 0.6473004694835681 0.9327154055494941 0.7056060443254205
0 0.797975352112676 0.6373239436619719 0.8662861023978378 0.6927011009720293
0 0.735475352112676 0.6373239436619719 0.8046938928907955 0.6874194108311842
0 0.6985035211267606 0.3515258215962441 0.7510129826051379 0.4164603721704247
0 0.7579225352112676 0.36561032863849763 0.8165678157855584 0.4217337967554939
0 0.8235035211267606 0.36326291079812206 0.8838805002107717 0.4205614654279354
0 0.8851232394366197 0.3685446009389671 0.9454730971657409 0.4193846569243316
