0 0.6714348591549296 0.596244131455399 0.04005281690140845 0.17253521126760563
0 0.6703345070422535 0.4052230046948357 0.06602112676056338 0.13438967136150234
0 0.363556338028169 0.4565727699530516 0.04841549295774648 0.1396713615023474
0 0.3529929577464789 0.7171361502347418 0.04401408450704225 0.12910798122065728
0 0.3028169014084507 0.4630281690140845 0.061619718309859156 0.13732394366197184
0 0.4119718309859155 0.698650234741784 0.04401408450704225 0.11678403755868545
0 0.5587588028169014 0.4110915492957746 0.04181338028169014 0.10504694835680752
0 0.30303697183098594 0.7265258215962441 0.047975352112676055 0.12089201877934272
0 0.46170774647887325 0.7012910798122066 0.03873239436619718 0.13262910798122066
0 0.6078345070422535 0.4102112676056338 0.04401408450704225 0.11502347417840375
0 0.5022007042253521 0.6863262910798122 0.03609154929577465 0.12617370892018778
0 0.3263644366197183 0.1722417840375587 0.04533450704225352 0.11795774647887323
0 0.7935739436619719 0.7582159624413145 0.02112676056338028 0.11502347417840375
0 0.2788292253521127 0.17077464788732394 0.04533450704225352 0.12441314553990611
0 0.4128521126760563 0.448943661971831 0.0448943661971831 0.13380281690140844
0 0.5143045774647887 0.4301643192488263 0.04533450704225352 0.12441314553990611
0 0.5497359154929577 0.6719483568075117 0.03873239436619718 0.11502347417840375
0 0.6826584507042254 0.18456572769953053 0.03697183098591549 0.11208920187793427
0 0.9581866197183099 0.8083920187793427 0.02640845070422535 0.07922535211267606
0 0.8589348591549296 0.7142018779342723 0.028609154929577465 0.09859154929577464
0 0.8725792253521126 0.38116197183098594 0.03477112676056338 0.12030516431924883
0 0.5878080985915493 0.6379107981220657 0.037411971830985914 0.16314553990610328
0 0.6426056338028169 0.18661971830985916 0.03961267605633803 0.11384976525821597
0 0.0878080985915493 0.15023474178403756 0.06558098591549295 0.15258215962441316
0 0.719850352112676 0.5598591549295775 0.037411971830985914 0.11502347417840375
0 0.018485915492957746 0.43779342723004694 0.03609154929577465 0.10093896713615023
0 0.7832306338028169 0.5554577464788732 0.030369718309859156 0.12969483568075119
0 0.414612676056338 0.1766431924882629 0.0528169014084507 0.10915492957746478
0 0.8342869718309859 0.3840962441314554 0.02948943661971831 0.12969483568075119
0 0.944762323943662 0.6775234741784038 0.03477112676056338 0.08626760563380281
0 0.914612676056338 0.8257042253521126 0.030809859154929578 0.08450704225352113
0 0.8290052816901409 0.7276995305164319 0.02596830985915493 0.09976525821596244
0 0.8023767605633803 0.38380281690140844 0.022887323943661973 0.13380281690140844
0 0.42275528169014087 0.8491784037558685 0.0409330985915493 0.09272300469483569
0 0.4753521126760563 0.841255868544601 0.040492957746478875 0.09213615023474178
0 0.6338028169014085 0.8213028169014085 0.04753521126760563 0.09448356807511737
0 0.7139084507042254 0.7875586854460094 0.027288732394366196 0.11854460093896714
0 0.8036971830985915 0.9011150234741784 0.023767605633802816 0.11326291079812206
0 0.27662852112676056 0.9518779342723005 0.04357394366197183 0.09624413145539906
0 0.6919014084507042 0.9633215962441315 0.02112676056338028 0.0733568075117371
0 0.6782570422535211 0.8089788732394366 0.037852112676056336 0.09683098591549295
0 0.03477112676056338 0.8480046948356808 0.05545774647887324 0.16314553990610328
0 0.5277288732394366 0.8227699530516432 0.03961267605633803 0.10093896713615023
0 0.7535211267605634 0.9357394366197183 0.03609154929577465 0.09917840375586855
0 0.10123239436619719 0.8309859154929577 0.05985915492957746 0.13615023474178403
0 0.026848591549295774 0.15082159624413147 0.04401408450704225 0.1772300469483568
0 0.06514084507042253 0.43163145539906106 0.04225352112676056 0.10856807511737089
0 0.028389084507042254 0.323943661971831 0.03917253521126761 0.09389671361502347
0 0.07306338028169014 0.3333333333333333 0.032570422535211266 0.1068075117370892
0 0.08868838028169014 0.6352699530516432 0.03653169014084507 0.09800469483568075
0 0.04643485915492958 0.647593896713615 0.042693661971830985 0.09096244131455399
0 0.012544014084507043 0.6508215962441315 0.02420774647887324 0.09507042253521127
0 0.7836707746478874 0.21889671361502347 0.03125 0.05868544600938967
0 0.8435299295774648 0.1728286384976526 0.03829225352112676 0.06044600938967136
0 0.8188820422535211 0.22036384976525822 0.03125 0.04870892018779343
0 0.8494718309859155 0.2282863849765258 0.014964788732394365 0.04342723004694836
0 0.8650968309859155 0.22887323943661972 0.014524647887323943 0.046948356807511735
0 0.8818221830985915 0.22711267605633803 0.014524647887323943 0.04812206572769953
0 0.9014084507042254 0.2300469483568075 0.013204225352112676 0.046948356807511735
0 0.8681778169014085 0.16960093896713616 0.014524647887323943 0.04812206572769953
0 0.8882042253521126 0.1728286384976526 0.013204225352112676 0.04988262910798122
0 0.9040492957746479 0.1795774647887324 0.017605633802816902 0.036384976525821594
0 0.7209507042253521 0.16901408450704225 0.02112676056338028 0.04929577464788732
0 0.7409771126760564 0.17136150234741784 0.016285211267605633 0.046948356807511735
0 0.7585827464788732 0.1742957746478873 0.018926056338028168 0.04929577464788732
0 0.7194102112676056 0.21508215962441316 0.018926056338028168 0.040492957746478875
0 0.7398767605633803 0.21860328638497653 0.018485915492957746 0.04988262910798122
0 0.7594630281690141 0.22359154929577466 0.014524647887323943 0.04929577464788732
0 0.6113556338028169 0.029342723004694836 0.027288732394366196 0.051643192488262914
0 0.6309419014084507 0.029342723004694836 0.019806338028169015 0.0528169014084507
0 0.6511883802816901 0.035211267605633804 0.014524647887323943 0.06103286384976526
0 0.6705545774647887 0.03491784037558685 0.018926056338028168 0.06396713615023474
0 0.6925616197183099 0.03697183098591549 0.023327464788732395 0.07042253521126761
0 0.7106073943661971 0.040492957746478875 0.018926056338028168 0.0715962441314554
0 0.7288732394366197 0.043720657276995305 0.01584507042253521 0.06748826291079812
0 0.7433978873239436 0.04636150234741784 0.01936619718309859 0.07276995305164319
0 0.7621038732394366 0.05134976525821596 0.019806338028169015 0.06748826291079812
0 0.7816901408450704 0.051643192488262914 0.01936619718309859 0.062206572769953054
0 0.7953345070422535 0.05545774647887324 0.017605633802816902 0.07570422535211267
0 0.811399647887324 0.06279342723004695 0.018926056338028168 0.06924882629107981
0 0.8926056338028169 0.029342723004694836 0.018485915492957746 0.046948356807511735
0 0.9157130281690141 0.03433098591549296 0.023327464788732395 0.052230046948356805
0 0.5580985915492958 0.023474178403755867 0.022887323943661973 0.045774647887323945
0 0.5308098591549296 0.024354460093896715 0.02640845070422535 0.03931924882629108
0 0.4940580985915493 0.01613849765258216 0.03917253521126761 0.031103286384976527
0 0.7715669014084507 0.4231220657276995 0.017605633802816902 0.05985915492957746
0 0.7581426056338029 0.4240023474178404 0.010123239436619719 0.061619718309859156
0 0.7429577464788732 0.4284037558685446 0.016725352112676055 0.05985915492957746
0 0.7262323943661971 0.43309859154929575 0.018485915492957746 0.05868544600938967
0 0.9014084507042254 0.3814553990610329 0.020246478873239437 0.10915492957746478
0 0.9735915492957746 0.3714788732394366 0.02640845070422535 0.107981220657277
0 0.9828345070422535 0.5 0.03433098591549296 0.10211267605633803
0 0.8818221830985915 0.5372652582159625 0.026848591549295774 0.11561032863849766
0 0.8349471830985915 0.5598591549295775 0.04225352112676056 0.12793427230046947
0 0.7513204225352113 0.5563380281690141 0.027288732394366196 0.11971830985915492
0 0.32548415492957744 0.9392605633802817 0.04973591549295775 0.12147887323943662
0 0.359375 0.8820422535211268 0.032130281690140844 0.11971830985915492
0 0.7453785211267606 0.7699530516431925 0.019806338028169015 0.1068075117370892
0 0.769806338028169 0.7740610328638498 0.027288732394366196 0.11737089201877934
0 0.7191901408450704 0.9568661971830986 0.027288732394366196 0.08626760563380281
0 0.8338468309859155 0.8879107981220657 0.02420774647887324 0.10328638497652583
0 0.9841549295774648 0.8039906103286385 0.017605633802816902 0.07511737089201878
0 0.22601232394366197 0.9580399061032864 0.05677816901408451 0.0733568075117371
