0 0.6379841549295775 0.8799882629107981 0.13160211267605634 0.18603286384976525
0 0.5849471830985915 0.6217723004694836 0.0801056338028169 0.09800469483568075
0 0.25440140845070425 0.6173708920187794 0.07130281690140845 0.1056338028169014
0 0.36047535211267606 0.6032863849765259 0.1056338028169014 0.11971830985915492
0 0.23943661971830985 0.8471244131455399 0.061619718309859156 0.15669014084507044
0 0.16879401408450703 0.6141431924882629 0.06029929577464789 0.10504694835680752
0 0.4753521126760563 0.6329225352112676 0.0801056338028169 0.0886150234741784
0 0.9227552816901409 0.676349765258216 0.08494718309859155 0.159037558685446
0 0.2605633802816901 0.3562206572769953 0.0801056338028169 0.13380281690140844
0 0.3668573943661972 0.3512323943661972 0.08142605633802817 0.1437793427230047
0 0.7026848591549296 0.3456572769953052 0.12632042253521128 0.17018779342723006
0 0.4293573943661972 0.11971830985915492 0.10167253521126761 0.11267605633802817
0 0.5779049295774648 0.10622065727699531 0.10827464788732394 0.15023474178403756
0 0.5719630281690141 0.35357981220657275 0.09639084507042253 0.15434272300469484
0 0.328125 0.8538732394366197 0.04621478873239437 0.12793427230046947
0 0.16109154929577466 0.12470657276995305 0.12323943661971831 0.11795774647887323
0 0.6908010563380281 0.10064553990610328 0.1113556338028169 0.125
0 0.3047975352112676 0.125 0.09463028169014084 0.09741784037558686
0 0.15558978873239437 0.36208920187793425 0.08582746478873239 0.1267605633802817
0 0.8422095070422535 0.11913145539906103 0.10519366197183098 0.12910798122065728
0 0.7951144366197183 0.8758802816901409 0.08934859154929578 0.15434272300469484
0 0.4080105633802817 0.8697183098591549 0.09419014084507042 0.13732394366197184
0 0.5116637323943662 0.8855633802816901 0.10167253521126761 0.12441314553990611
0 0.046875 0.8993544600938967 0.09286971830985916 0.17781690140845072
0 0.17913732394366197 0.852406103286385 0.04665492957746479 0.15669014084507044
0 0.9267165492957746 0.7447183098591549 0.10255281690140845 0.057511737089201875
0 0.4590669014084507 0.34624413145539906 0.07922535211267606 0.12323943661971831
0 0.8105193661971831 0.3418427230046948 0.08494718309859155 0.14964788732394366
0 0.9375 0.4119718309859155 0.10475352112676056 0.2312206572769953
