0 0.5387323943661971 0.1402582159624413 0.6542523184883952 0.40249984846481074
0 0.6610915492957746 0.15199530516431925 0.7505893082969648 0.38077934547819
0 0.27992957746478875 0.5082159624413145 0.3555105943761158 0.6798660704445767
0 0.3085387323943662 0.17194835680751175 0.3955508192198968 0.4007206875840331
0 0.6426056338028169 0.5123239436619719 0.7343122334358263 0.7033378380612312
0 0.3996478873239437 0.5093896713615024 0.4738557887819877 0.6540437854041306
0 0.17033450704225353 0.5099765258215962 0.27501305699513984 0.689254708611607
0 0.3996478873239437 0.14730046948356806 0.5143487465284666 0.41012482366814346
0 0.832306338028169 0.5293427230046949 0.9327322595343186 0.7361917002799269
0 0.48063380281690143 0.5052816901408451 0.5838553548403094 0.6757598112147061
0 0.2125880281690141 0.18544600938967137 0.29656136090309465 0.40188647534660227
0 0.018045774647887324 0.5252347417840375 0.1007843108386233 0.6769218105975445
0 0.07658450704225352 0.1795774647887324 0.20991347512894268 0.34789930899953714
0 0.1113556338028169 0.5181924882629108 0.16588408642878397 0.6745785255350569
0 0.7588028169014085 0.1437793427230047 0.8693843297460822 0.4218639792589654
0 0.8824823943661971 0.13673708920187794 0.9956503158475501 0.4271498021776984
0 0.9326584507042254 0.5264084507042254 0.999 0.6775079762613239
0 0.784330985915493 0.5152582159624414 0.8288801360097203 0.6505192146619939
0 0.24295774647887325 0.7975352112676056 0.33704095169609205 0.9913160004628712
0 0.5154049295774648 0.812793427230047 0.6032062478302916 0.9883727738103111
0 0.4110915492957746 0.8157276995305164 0.5055408928040072 0.9977607231810267
0 0.3402288732394366 0.8080985915492958 0.4078608147564967 0.9719436041129406
0 0.16285211267605634 0.8086854460093896 0.23848466016167424 0.9807460766161917
0 0.7372359154929577 0.8550469483568075 0.824939596868181 0.9936296672838282
0 0.8358274647887324 0.8620892018779343 0.9177659210102164 0.999
0 0.6496478873239436 0.8080985915492958 0.724626035260861 0.9566853881504993
0 0.023767605633802816 0.7834507042253521 0.0809754543989288 0.9302914021688818
0 0.08582746478873239 0.8145539906103286 0.15269109706655426 0.9361416936674821
0 0.007042253521126761 0.19248826291079812 0.08230323844475303 0.4024691970288082
0 0.7337147887323944 0.5117370892018779 0.7756453720120016 0.6352630650884965
0 0.9304577464788732 0.8650234741784038 0.9978299041608807 0.999
