0 0.8921654929577465 0.7544014084507042 0.18221830985915494 0.2975352112676056
0 0.5497359154929577 0.7335680751173709 0.07834507042253522 0.4225352112676056
0 0.534330985915493 0.24237089201877934 0.07042253521126761 0.3873239436619718
0 0.6910211267605634 0.2244718309859155 0.07394366197183098 0.3503521126760563
0 0.2935739436619718 0.25938967136150237 0.06426056338028169 0.3474178403755869
0 0.45928697183098594 0.7367957746478874 0.07350352112676056 0.42077464788732394
0 0.3008362676056338 0.7479460093896714 0.08494718309859155 0.409037558685446
0 0.3727992957746479 0.25704225352112675 0.0625 0.37089201877934275
0 0.1467869718309859 0.27582159624413144 0.061179577464788734 0.34976525821596244
0 0.14106514084507044 0.7529342723004695 0.08054577464788733 0.38497652582159625
0 0.45422535211267606 0.2511737089201878 0.05457746478873239 0.35563380281690143
0 0.616637323943662 0.23503521126760563 0.05985915492957746 0.3550469483568075
0 0.38182218309859156 0.7470657276995305 0.07526408450704225 0.4131455399061033
0 0.2130281690140845 0.7552816901408451 0.06602112676056338 0.4107981220657277
0 0.2150088028169014 0.2778755868544601 0.06382042253521127 0.3503521126760563
0 0.876100352112676 0.21889671361502347 0.07702464788732394 0.3427230046948357
0 0.784330985915493 0.22505868544600938 0.09595070422535211 0.3362676056338028
0 0.9359595070422535 0.2511737089201878 0.04533450704225352 0.25586854460093894
0 0.05039612676056338 0.8028169014084507 0.08318661971830986 0.29460093896713613
0 0.6949823943661971 0.7714201877934272 0.19102112676056338 0.30809859154929575
