0 0.5081426056338029 0.26173708920187794 0.20026408450704225 0.34624413145539906
0 0.3336267605633803 0.24677230046948356 0.1426056338028169 0.3163145539906103
0 0.764524647887324 0.28667840375586856 0.24911971830985916 0.34917840375586856
0 0.6822183098591549 0.7053990610328639 0.13468309859154928 0.25704225352112675
0 0.1837588028169014 0.21566901408450703 0.14216549295774647 0.31514084507042256
0 0.547975352112676 0.6631455399061033 0.1426056338028169 0.284037558685446
0 0.3217429577464789 0.6006455399061033 0.09154929577464789 0.22359154929577466
0 0.26100352112676056 0.8054577464788732 0.10211267605633803 0.1449530516431925
0 0.4253961267605634 0.6335093896713615 0.10431338028169014 0.24706572769953053
0 0.16131161971830985 0.7467723004694836 0.0682218309859155 0.13791079812206572
0 0.05677816901408451 0.49853286384976525 0.0818661971830986 0.17312206572769953
0 0.8952464788732394 0.6898474178403756 0.13556338028169015 0.11795774647887323
0 0.07284330985915492 0.6968896713615024 0.08142605633802817 0.15199530516431925
0 0.4793133802816901 0.9187206572769953 0.10387323943661972 0.1414319248826291
0 0.5952904929577465 0.9457159624413145 0.10695422535211267 0.10856807511737089
0 0.20290492957746478 0.545774647887324 0.14964788732394366 0.24295774647887325
