0 0.2319542253521127 0.7681924882629108 0.2675035412740528 0.836403642905949
0 0.3142605633802817 0.7294600938967136 0.3488933712309066 0.7877174529965395
0 0.4352992957746479 0.625 0.47251967460573296 0.6997505868544601
0 0.6839788732394366 0.09507042253521127 0.7752271219748066 0.19125876148912252
0 0.09110915492957747 0.5669014084507042 0.13332257519589366 0.6405123818025523
0 0.5743838028169014 0.09213615023474178 0.6537964860022812 0.1883262111794397
0 0.2125880281690141 0.5240610328638498 0.2507867130157707 0.6012182740417467
0 0.2794894366197183 0.22300469483568075 0.31853895711416386 0.29447006766734996
0 0.22887323943661972 0.22359154929577466 0.26706475649672684 0.29270915988891094
0 0.33098591549295775 0.22946009389671362 0.36737192521325135 0.296226842667901
0 0.6254401408450704 0.6860328638497653 0.7048303520506843 0.7513579619343604
0 0.13732394366197184 0.5715962441314554 0.17379519192620513 0.6504861524388901
0 0.8265845070422535 0.4753521126760563 0.8851995666782384 0.5554722112014812
0 0.8111795774647887 0.7153755868544601 0.9014915582845665 0.7736412115100619
0 0.8679577464788732 0.10504694835680752 0.9604454411327117 0.19360032456082346
0 0.4960387323943662 0.6625586854460094 0.5517182928114462 0.7214421603958651
0 0.3855633802816901 0.6120892018779343 0.4324887485121999 0.6927159100927947
0 0.6553697183098591 0.4665492957746479 0.7127397140324341 0.5378717433710243
0 0.7213908450704225 0.6343896713615024 0.8069007962829796 0.6968108041834733
0 0.272887323943662 0.5369718309859155 0.31282003198770086 0.5847787723996561
0 0.5726232394366197 0.4612676056338028 0.6256282468136283 0.5408091152549097
0 0.7147887323943662 0.7053990610328639 0.8038227162269391 0.7607362681566708
0 0.06426056338028169 0.22183098591549297 0.11484847686470938 0.2821468128016928
0 0.2125880281690141 0.3515258215962441 0.25386769893126365 0.4070707008089224
0 0.2130281690140845 0.4242957746478873 0.2534273643622297 0.476276821728493
0 0.11223591549295775 0.7400234741784038 0.14651750179775838 0.8047300331724305
0 0.5585387323943662 0.6684272300469484 0.612870361473418 0.725546697634949
0 0.37588028169014087 0.3949530516431925 0.4144472357915096 0.4704254970354207
0 0.1430457746478873 0.21244131455399062 0.17775394112031342 0.27217579735061387
0 0.3336267605633803 0.397887323943662 0.3796947065314422 0.48098715532632413
0 0.1795774647887324 0.5715962441314554 0.217350538087681 0.6469650256783267
0 0.33758802816901406 0.6109154929577465 0.38101338555098196 0.6891954721285459
0 0.5602992957746479 0.596830985915493 0.6155104316479865 0.6586873057594393
0 0.1795774647887324 0.20657276995305165 0.217350538087681 0.27570036809275056
0 0.5026408450704225 0.2805164319248826 0.5327893306139655 0.3654457063192929
0 0.4942781690140845 0.7828638497652582 0.5257507578481453 0.8833433897595274
0 0.9154929577464789 0.4688967136150235 0.9841921245784566 0.5513680183605546
0 0.7847711267605634 0.09507042253521127 0.8596898014406864 0.18597707134827746
0 0.7610035211267606 0.318075117370892 0.8720242061966872 0.40356920474332697
0 0.8741197183098591 0.32335680751173707 0.9639638557577861 0.3941764337984086
0 0.7711267605633803 0.23708920187793428 0.8693789054751041 0.3185228349754238
0 0.7024647887323944 0.8345070422535211 0.7452894081035508 0.9367168385902268
0 0.8393485915492958 0.8562206572769953 0.8799122585424519 0.951375457360753
0 0.9335387323943662 0.8755868544600939 0.978902491755108 0.9742514161652229
0 0.6544894366197183 0.8257042253521126 0.6990957352831779 0.9273323332010844
0 0.22403169014084506 0.698943661971831 0.26398590154483237 0.7595663476162138
0 0.40492957746478875 0.8086854460093896 0.4584485345169609 0.8833282362406049
0 0.6117957746478874 0.8198356807511737 0.6520194560851021 0.9067958710793714
0 0.18661971830985916 0.7693661971830986 0.22526997371553262 0.827013282748132
0 0.5290492957746479 0.812206572769953 0.5701896790071415 0.8844998787718485
0 0.7486795774647887 0.8345070422535211 0.795885264270482 0.9361299841301329
0 0.8811619718309859 0.8679577464788732 0.9296297702588773 0.958997677378827
0 0.017605633802816902 0.03227699530516432 0.06249225104146003 0.10209373415768477
0 0.07130281690140845 0.04870892018779343 0.10956368714044833 0.08682587504683814
0 0.11047535211267606 0.04518779342723005 0.15047954429924618 0.07919883345456148
0 0.14700704225352113 0.04225352112676056 0.19183670464689545 0.08682966342656881
0 0.19454225352112675 0.03697183098591549 0.23759043034616148 0.08272478178932752
0 0.5026408450704225 0.0880281690140845 0.5750428517407261 0.18187322290550817
0 0.534330985915493 0.2822769953051643 0.5741486219252133 0.3607498374440697
0 0.5955105633802817 0.21948356807511737 0.6687519759844277 0.2786270636337587
0 0.5880281690140845 0.27875586854460094 0.66127287492561 0.3619256127532015
0 0.6786971830985915 0.2147887323943662 0.7519019818736362 0.2938880347814587
0 0.6817781690140845 0.3022300469483568 0.7576224567918072 0.38362545185038244
0 0.8697183098591549 0.2353286384976526 0.9630855113072803 0.31089476018867507
0 0.37191901408450706 0.24354460093896713 0.4060863032508431 0.3108899386144724
0 0.11443661971830986 0.3368544600938967 0.1584003359948423 0.399450202781635
0 0.17121478873239437 0.35269953051643194 0.2054704160260861 0.4088305753928894
0 0.17121478873239437 0.4254694835680751 0.20635069771622694 0.4604310625096431
0 0.1311619718309859 0.426056338028169 0.1720373406814124 0.4662992627124248
0 0.09683098591549295 0.42077464788732394 0.1280383666435231 0.46982348905640414
0 0.2662852112676056 0.4061032863849765 0.30886167024151956 0.5015222398554079
0 0.014964788732394365 0.5469483568075117 0.06161313169510018 0.6305475655183055
0 0.21742957746478872 0.5980046948356808 0.2582669764183694 0.673357978465472
0 0.27508802816901406 0.5897887323943662 0.31678033097351715 0.6575177296171395
0 0.4960387323943662 0.5950704225352113 0.5534788561917279 0.6539935032731601
0 0.6241197183098591 0.6132629107981221 0.7140738909690537 0.69271522129648
0 0.8080985915492958 0.6461267605633803 0.8926900974509027 0.7032593152813594
0 0.9018485915492958 0.6725352112676056 0.9982826370635786 0.7554738643126364
0 0.3921654929577465 0.7241784037558685 0.4412886595541559 0.7865468436597677
0 0.4423415492957746 0.7323943661971831 0.4782384060082325 0.8006265291278185
0 0.355193661971831 0.727112676056338 0.38936831264878 0.7947610841102956
0 0.323943661971831 0.8028169014084507 0.36561446141638565 0.8674866097996429
0 0.36223591549295775 0.7934272300469484 0.39992859334705416 0.8492996319072494
0 0.12940140845070422 0.6854460093896714 0.16059445360543542 0.7472503251118606
0 0.27596830985915494 0.7194835680751174 0.3088574083143225 0.777159927483524
0 0.27508802816901406 0.789906103286385 0.31413948590309465 0.8410857358548789
0 0.15360915492957747 0.772887323943662 0.1909535170973021 0.827011216359188
0 0.15757042253521128 0.7194835680751174 0.19579332287740528 0.7748125096431485
0 0.19674295774647887 0.6983568075117371 0.2248253772193017 0.7607404009345589
0 0.320862676056338 0.5862676056338029 0.33920736677990476 0.6680831762877736
