0 0.2711267605633803 0.6026995305164319 0.3295461589962309 0.7707730636558002
0 0.7024647887323944 0.27816901408450706 0.7589337743007339 0.3548837036302321
0 0.1795774647887324 0.22065727699530516 0.2662061718904979 0.35139632788908726
0 0.34815140845070425 0.6115023474178404 0.40477634180966077 0.7660730620026891
0 0.8028169014084507 0.4278169014084507 0.8526396052370561 0.544349872710441
0 0.7526408450704225 0.42664319248826293 0.8016053517407261 0.5466979793471313
0 0.8525528169014085 0.4289906103286385 0.9076353200629834 0.5519782918953471
0 0.09022887323943662 0.22241784037558684 0.17997789222128546 0.35785069375564815
0 0.7033450704225352 0.4254694835680751 0.7549721192471732 0.5484592315237277
0 0.13380281690140844 0.4061032863849765 0.1834798403094624 0.551991723423483
0 0.8085387323943662 0.2546948356807512 0.8517568051353899 0.3525500617161498
0 0.40713028169014087 0.6396713615023474 0.449644748995735 0.7813147468535784
0 0.41329225352112675 0.25704225352112675 0.4518427410855981 0.3554829564239899
0 0.07966549295774648 0.3961267605633803 0.13288747117387423 0.5561055594128149
0 0.13468309859154928 0.5980046948356808 0.18391959370660582 0.7514096216579602
0 0.5052816901408451 0.25880281690140844 0.5517142246082126 0.355481923229518
0 0.47755281690140844 0.6860328638497653 0.5178355841474905 0.7812875393991492
0 0.5215669014084507 0.687206572769953 0.5631507187933942 0.7842211229033039
0 0.015404929577464789 0.2347417840375587 0.06557420557677048 0.3502143534131235
0 0.7627640845070423 0.25410798122065725 0.8077628679205514 0.3460950070532743
0 0.4920774647887324 0.42194835680751175 0.5336742616792303 0.5678274950957702
0 0.948943661971831 0.2529342723004695 0.999 0.3525510949106218
0 0.35827464788732394 0.26173708920187794 0.4038916044683594 0.3548933467786374
0 0.30369718309859156 0.2605633802816901 0.357700837507439 0.35372032665476427
0 0.08230633802816902 0.5974178403755869 0.13200602713995238 0.7408465857744275
0 0.21830985915492956 0.6026995305164319 0.2719109551676255 0.7619702467543917
0 0.363556338028169 0.16842723004694835 0.4126920966822059 0.25987768355044194
0 0.4586267605633803 0.25938967136150237 0.5072805339962309 0.3513735976107033
0 0.9335387323943662 0.710093896713615 0.9894658720367983 0.858151353346999
0 0.8547535211267606 0.25880281690140844 0.8957505486262647 0.35489506876942406
0 0.8956866197183099 0.25410798122065725 0.9463487294807579 0.3472687159734621
0 0.8111795774647887 0.7142018779342723 0.8693612765944257 0.8587357970199916
0 0.7425176056338029 0.7165492957746479 0.8038105116172386 0.8604949828076439
0 0.3358274647887324 0.8110328638497653 0.3928979632637373 0.9707681732019661
0 0.15933098591549297 0.8086854460093896 0.21251790009422733 0.9654878606537504
0 0.8772007042253521 0.7118544600938967 0.93095193630976 0.8622583013731843
0 0.6897007042253521 0.7142018779342723 0.7382527725773657 0.85697523363971
0 0.07042253521126761 0.806924882629108 0.11748660979964293 0.9443621332848421
0 0.2737676056338028 0.8086854460093896 0.3304252783425908 0.9649010061936565
0 0.4863556338028169 0.8697183098591549 0.5217929772738544 0.9496069728228527
0 0.23283450704225353 0.8251173708920188 0.27278484396697084 0.943177748021777
0 0.12279929577464789 0.8022300469483568 0.15751637354939496 0.9484728696907581
0 0.528169014084507 0.869131455399061 0.5613872495536599 0.9537152984416671
0 0.4084507042253521 0.846830985915493 0.4470033227534219 0.9255593714871388
0 0.15360915492957747 0.11913145539906103 0.23848872836490778 0.2158925284886156
0 0.3226232394366197 0.18720657276995306 0.3581326482220789 0.26808262525072185
0 0.2438380281690141 0.12852112676056338 0.3304384515721087 0.21588701811809827
0 0.41505281690140844 0.16490610328638497 0.45844407886580046 0.2563586231788225
0 0.0048415492957746475 0.40199530516431925 0.06381829157161277 0.5572758243514294
0 0.18705985915492956 0.409037558685446 0.2173472447803015 0.5625533817143865
0 0.21610915492957747 0.4072769953051643 0.2701513604071613 0.5701835228900791
0 0.272887323943662 0.4025821596244131 0.3062179193116445 0.5649045879344927
0 0.30941901408450706 0.40199530516431925 0.34713493881422336 0.5625575144922744
0 0.3455105633802817 0.40199530516431925 0.38233032105485026 0.5690129135533073
0 0.3855633802816901 0.40375586854460094 0.4430521287938901 0.5649038991381781
0 0.4449823943661972 0.40375586854460094 0.48968090563628247 0.5719461526593048
0 0.5378521126760564 0.41960093896713613 0.5935132693166039 0.5848476520311225
0 0.48547535211267606 0.602112676056338 0.5239940689471335 0.6809846756595913
0 0.4498239436619718 0.8497652582159625 0.48131609861634594 0.9273182128766339
0 0.866637323943662 0.10915492957746478 0.8997065856848839 0.1806871156516564
0 0.9049295774647887 0.09976525821596244 0.9384221260662566 0.17893206264189204
0 0.9432218309859155 0.09741784037558686 0.9934228777152352 0.18186771253499084
0 0.8772007042253521 0.18720657276995306 0.916427288422436 0.2563455360488439
0 0.9163732394366197 0.18309859154929578 0.9538220188206704 0.2586953646763208
0 0.9546654929577465 0.1742957746478873 0.9951784042724658 0.25224513158764794
0 0.7139084507042254 0.21713615023474178 0.7518864839565563 0.2768678778461064
0 0.6747359154929577 0.2142018779342723 0.7149318944033922 0.27334847307632965
0 0.6659330985915493 0.27699530516431925 0.7021716843756199 0.353710683506359
0 0.6848591549295775 0.6525821596244131 0.7364943401606824 0.7056029447420045
0 0.7425176056338029 0.6566901408450704 0.8007295257017457 0.7056005339549032
0 0.8050176056338029 0.6490610328638498 0.8750858197158302 0.7032575932905729
0 0.8736795774647887 0.6525821596244131 0.9349147537071018 0.7097109259626617
0 0.7984154929577465 0.602112676056338 0.8574830917724658 0.6551630794154599
0 0.7394366197183099 0.6062206572769953 0.7910477831779409 0.6510526874077013
0 0.863556338028169 0.6056338028169014 0.908510758654037 0.6340342524631356
0 0.9106514084507042 0.596830985915493 0.9727505935702242 0.6446027987171858
0 0.8723591549295775 0.9383802816901409 0.938876602484626 0.9836042369238908
0 0.8050176056338029 0.9330985915492958 0.8742055380256893 0.9900627355683397
0 0.7143485915492958 0.9254694835680751 0.8007419240354097 0.9888935038241972
