0 0.20378521126760563 0.37177230046948356 0.06602112676056338 0.11795774647887323
0 0.5873679577464789 0.4269366197183099 0.05237676056338028 0.13086854460093897
0 0.668794014084507 0.24266431924882628 0.05765845070422535 0.15199530516431925
0 0.5283890845070423 0.4175469483568075 0.05149647887323944 0.12147887323943662
0 0.28080985915492956 0.6091549295774648 0.061619718309859156 0.08098591549295775
0 0.7330545774647887 0.23444835680751175 0.055897887323943664 0.16842723004694835
0 0.6725352112676056 0.46332159624413144 0.06338028169014084 0.1437793427230047
0 0.5424735915492958 0.8174882629107981 0.05149647887323944 0.12206572769953052
0 0.09022887323943662 0.06954225352112677 0.04929577464788732 0.09448356807511737
0 0.34000880281690143 0.26789906103286387 0.05941901408450704 0.10387323943661972
0 0.3140404929577465 0.06895539906103286 0.0488556338028169 0.09800469483568075
0 0.13468309859154928 0.3703051643192488 0.05545774647887324 0.09741784037558686
0 0.7695862676056338 0.641725352112676 0.053257042253521125 0.1414319248826291
0 0.6012323943661971 0.6402582159624414 0.05545774647887324 0.13732394366197184
0 0.0721830985915493 0.3682511737089202 0.05721830985915493 0.09565727699530517
0 0.9159330985915493 0.25088028169014087 0.05457746478873239 0.16490610328638497
0 0.793794014084507 0.24178403755868544 0.05413732394366197 0.17253521126760563
0 0.2007042253521127 0.2620305164319249 0.07042253521126761 0.10856807511737089
0 0.7046654929577465 0.051643192488262914 0.058098591549295774 0.09624413145539906
0 0.35233274647887325 0.6032863849765259 0.06470070422535211 0.08568075117370892
0 0.7777288732394366 0.44630281690140844 0.04665492957746479 0.14964788732394366
0 0.21963028169014084 0.6091549295774648 0.058098591549295774 0.09507042253521127
0 0.5970510563380281 0.806924882629108 0.050616197183098594 0.1068075117370892
0 0.6580105633802817 0.6431924882629108 0.051056338028169015 0.14906103286384975
0 0.09859154929577464 0.5994718309859155 0.05545774647887324 0.09800469483568075
0 0.7654049295774648 0.054870892018779344 0.061619718309859156 0.1073943661971831
0 0.7088468309859155 0.812206572769953 0.053257042253521125 0.12910798122065728
0 0.2713468309859155 0.36971830985915494 0.06205985915492958 0.10446009389671361
0 0.7136883802816901 0.6405516431924883 0.053257042253521125 0.13908450704225353
0 0.2286531690140845 0.4964788732394366 0.05237676056338028 0.07511737089201878
0 0.15360915492957747 0.5041079812206573 0.0625 0.07863849765258216
0 0.3470510563380282 0.3755868544600939 0.07086267605633803 0.09976525821596244
0 0.3653169014084507 0.0801056338028169 0.05017605633802817 0.10974178403755869
0 0.6415052816901409 0.049002347417840375 0.06294014084507042 0.09683098591549295
0 0.22337147887323944 0.755575117370892 0.04621478873239437 0.08626760563380281
0 0.2735475352112676 0.26115023474178406 0.05765845070422535 0.11032863849765258
0 0.06712147887323944 0.7297535211267606 0.050616197183098594 0.0733568075117371
0 0.1586707746478873 0.5997652582159625 0.058538732394366196 0.10093896713615023
0 0.06976232394366197 0.2634976525821596 0.06558098591549295 0.08685446009389672
0 0.8408890845070423 0.4451291079812207 0.05765845070422535 0.15434272300469484
0 0.9137323943661971 0.460387323943662 0.0528169014084507 0.1602112676056338
0 0.8536531690140845 0.2414906103286385 0.055897887323943664 0.17077464788732394
0 0.9722711267605634 0.46068075117370894 0.051056338028169015 0.16549295774647887
0 0.96875 0.24970657276995306 0.04401408450704225 0.1613849765258216
0 0.9049295774647887 0.05868544600938967 0.06073943661971831 0.11619718309859155
0 0.7262323943661971 0.44688967136150237 0.045774647887323945 0.1449530516431925
0 0.8408890845070423 0.05897887323943662 0.06382042253521127 0.10974178403755869
0 0.40580985915492956 0.8374413145539906 0.05017605633802817 0.11267605633802817
0 0.1210387323943662 0.8424295774647887 0.05545774647887324 0.09213615023474178
0 0.17693661971830985 0.841255868544601 0.0528169014084507 0.0897887323943662
0 0.8422095070422535 0.7987089201877934 0.050616197183098594 0.08333333333333333
0 0.058098591549295774 0.8286384976525821 0.06778169014084508 0.0880281690140845
0 0.34815140845070425 0.841255868544601 0.043133802816901406 0.08626760563380281
0 0.29247359154929575 0.8559272300469484 0.061179577464788734 0.08392018779342723
0 0.23305457746478872 0.8459507042253521 0.050616197183098594 0.0897887323943662
0 0.8974471830985915 0.8007629107981221 0.05545774647887324 0.09565727699530517
0 0.4865757042253521 0.8245305164319249 0.05413732394366197 0.13145539906103287
0 0.8974471830985915 0.9750586854460094 0.05017605633802817 0.058098591549295774
0 0.6452464788732394 0.8042840375586855 0.05017605633802817 0.09917840375586855
0 0.9535651408450704 0.9744718309859155 0.053257042253521125 0.04988262910798122
0 0.8430897887323944 0.9753521126760564 0.05501760563380282 0.04812206572769953
0 0.7882922535211268 0.971830985915493 0.05721830985915493 0.056338028169014086
0 0.7827904929577465 0.7978286384976526 0.050616197183098594 0.08274647887323944
0 0.581205985915493 0.9779929577464789 0.09022887323943662 0.04284037558685446
0 0.972931338028169 0.8104460093896714 0.05413732394366197 0.12206572769953052
0 0.03873239436619718 0.07511737089201878 0.05193661971830986 0.10915492957746478
0 0.13842429577464788 0.07599765258215962 0.04005281690140845 0.11208920187793427
0 0.17715669014084506 0.07423708920187794 0.0409330985915493 0.11326291079812206
0 0.21566901408450703 0.06924882629107981 0.03433098591549296 0.1056338028169014
0 0.25616197183098594 0.07306338028169014 0.0528169014084507 0.11091549295774648
0 0.1329225352112676 0.2661384976525822 0.0625 0.09800469483568075
0 0.3457306338028169 0.5143779342723005 0.05941901408450704 0.09096244131455399
0 0.2845510563380282 0.5126173708920188 0.05677816901408451 0.08744131455399061
0 0.09044894366197183 0.5123239436619719 0.05941901408450704 0.08450704225352113
0 0.02992957746478873 0.4994131455399061 0.05017605633802817 0.07981220657276995
0 0.03367077464788732 0.5977112676056338 0.05765845070422535 0.09917840375586855
0 0.02222711267605634 0.7288732394366197 0.04005281690140845 0.06924882629107981
0 0.12544014084507044 0.7309272300469484 0.0528169014084507 0.06279342723004695
0 0.29401408450704225 0.7629107981220657 0.06514084507042253 0.0903755868544601
0 0.17517605633802816 0.7370892018779343 0.03697183098591549 0.0715962441314554
0 0.28411091549295775 0.9621478873239436 0.06734154929577464 0.07570422535211267
0 0.08296654929577464 0.9768192488262911 0.06382042253521127 0.04636150234741784
0 0.5231073943661971 0.19953051643192488 0.047975352112676055 0.13380281690140844
0 0.5746038732394366 0.20158450704225353 0.04973591549295775 0.13791079812206572
0 0.5825264084507042 0.06719483568075117 0.05765845070422535 0.052230046948356805
0 0.519806338028169 0.049002347417840375 0.05017605633802817 0.09565727699530517
0 0.9680897887323944 0.05927230046948357 0.05765845070422535 0.11267605633802817
0 0.9713908450704225 0.6332159624413145 0.0448943661971831 0.12206572769953052
