0 0.8842429577464789 0.45980046948356806 0.1602112676056338 0.2658450704225352
0 0.8657570422535211 0.15874413145539906 0.19630281690140844 0.2834507042253521
0 0.4399207746478873 0.5572183098591549 0.23107394366197184 0.2857981220657277
0 0.6817781690140845 0.4897300469483568 0.21038732394366197 0.2658450704225352
0 0.14788732394366197 0.6654929577464789 0.2720070422535211 0.19483568075117372
0 0.13358274647887325 0.4307511737089202 0.2460387323943662 0.1983568075117371
0 0.12411971830985916 0.15463615023474178 0.22359154929577466 0.22476525821596244
0 0.605193661971831 0.15874413145539906 0.20334507042253522 0.267018779342723
0 0.7922535211267606 0.846830985915493 0.20774647887323944 0.24061032863849766
0 0.37235915492957744 0.09213615023474178 0.19454225352112675 0.1619718309859155
0 0.39172535211267606 0.2802230046948357 0.2007042253521127 0.14730046948356806
