0 0.5783450704225352 0.13086854460093897 0.7752736157260465 0.5597823541404924
0 0.06382042253521127 0.1238262910798122 0.1174895156590954 0.5016878953690846
0 0.12147887323943662 0.11561032863849766 0.18700639134100377 0.514603515065353
0 0.301056338028169 0.11502347417840375 0.36254354914699466 0.5134301505433225
0 0.1954225352112676 0.12969483568075119 0.25519567670105137 0.5104872682889198
0 0.011443661971830986 0.6038732394366197 0.07834003359948423 0.9374390415261522
0 0.008802816901408451 0.13615023474178403 0.06381654805594128 0.5081360620688136
0 0.15933098591549297 0.6009389671361502 0.21912001277028367 0.9127928761929952
0 0.8199823943661971 0.0035211267605633804 0.9388996556362825 0.4947162434702109
0 0.08098591549295775 0.704225352112676 0.15797491817099782 0.9813942339482907
0 0.2596830985915493 0.9084507042253521 0.3022624634249157 0.9988800171923561
0 0.9401408450704225 0.007042253521126761 0.999 0.4841507967995768
0 0.4119718309859155 0.1613849765258216 0.5653996602856576 0.5650461355771562
0 0.2640845070422535 0.1255868544600939 0.3049013712557032 0.5192924959774295
0 0.22975352112676056 0.6073943661971831 0.30227563665443363 0.8177186652780533
0 0.22711267605633803 0.8573943661971831 0.26354440463201745 0.999
0 0.6016725352112676 0.7453051643192489 0.7541365877926006 0.999
0 0.8930457746478874 0.6772300469483568 0.9943252439372149 0.958522752319866
