0 0.4777728873239437 0.766725352112676 0.0409330985915493 0.15551643192488263
0 0.4297975352112676 0.7505868544600939 0.050616197183098594 0.18427230046948356
0 0.7090669014084507 0.07453051643192488 0.04753521126760563 0.11737089201877934
0 0.04973591549295775 0.08626760563380281 0.043133802816901406 0.13497652582159625
0 0.24955985915492956 0.5974178403755869 0.0448943661971831 0.142018779342723
0 0.336487676056338 0.664906103286385 0.10959507042253522 0.22065727699530516
0 0.20532570422535212 0.5548708920187794 0.04445422535211268 0.11678403755868545
0 0.753080985915493 0.08949530516431925 0.045774647887323945 0.11678403755868545
0 0.09110915492957747 0.08245305164319248 0.03873239436619718 0.1437793427230047
0 0.16923415492957747 0.7306338028169014 0.03477112676056338 0.11971830985915492
0 0.9350792253521126 0.11795774647887323 0.1034330985915493 0.14553990610328638
0 0.8213028169014085 0.11120892018779342 0.09154929577464789 0.13908450704225353
0 0.20444542253521128 0.7546948356807511 0.03301056338028169 0.13380281690140844
0 0.2711267605633803 0.8676643192488263 0.0994718309859155 0.20950704225352113
0 0.6549295774647887 0.07042253521126761 0.04841549295774648 0.12910798122065728
0 0.953125 0.761443661971831 0.06734154929577464 0.2177230046948357
0 0.8910651408450704 0.755575117370892 0.037411971830985914 0.14847417840375587
0 0.8316461267605634 0.6414319248826291 0.0761443661971831 0.18896713615023475
0 0.7460387323943662 0.5977112676056338 0.061619718309859156 0.159037558685446
0 0.6769366197183099 0.5498826291079812 0.05897887323943662 0.11971830985915492
0 0.6120158450704225 0.5378521126760564 0.06558098591549295 0.12265258215962441
0 0.5596390845070423 0.4812206572769953 0.0488556338028169 0.11619718309859155
0 0.47491197183098594 0.3958333333333333 0.08714788732394366 0.15434272300469484
0 0.4216549295774648 0.2699530516431925 0.04137323943661972 0.10093896713615023
0 0.37367957746478875 0.27230046948356806 0.03697183098591549 0.08215962441314555
0 0.3683978873239437 0.2007042253521127 0.03609154929577465 0.05868544600938967
0 0.3204225352112676 0.24530516431924881 0.032570422535211266 0.09507042253521127
0 0.2889524647887324 0.22036384976525822 0.030369718309859156 0.09800469483568075
0 0.2462588028169014 0.1813380281690141 0.04005281690140845 0.11384976525821597
0 0.19872359154929578 0.1851525821596244 0.02948943661971831 0.12852112676056338
0 0.4804137323943662 0.9551056338028169 0.058538732394366196 0.07805164319248827
0 0.1467869718309859 0.6690140845070423 0.03301056338028169 0.07394366197183098
0 0.10805457746478873 0.602406103286385 0.04621478873239437 0.10035211267605634
0 0.14084507042253522 0.4642018779342723 0.06073943661971831 0.11384976525821597
