0 0.6518485915492958 0.27582159624413144 0.6982166159368182 0.41943907183319007
0 0.15360915492957747 0.11384976525821597 0.2142809818860345 0.2599097125790738
0 0.3939260563380282 0.09976525821596244 0.44128788465830193 0.23409638189071835
0 0.5928697183098591 0.5346244131455399 0.6397038425535608 0.6681134833256188
0 0.21434859154929578 0.10504694835680752 0.27367326206357867 0.25463318841058874
0 0.045774647887323945 0.3884976525821596 0.0941699935528665 0.5208987689832264
0 0.045774647887323945 0.6068075117370892 0.10297281045427495 0.7161931880799665
0 0.31954225352112675 0.767018779342723 0.3634156944306685 0.8639864913266767
0 0.3670774647887324 0.767018779342723 0.4140109694257092 0.8727893082280852
0 0.4903169014084507 0.568075117370892 0.5389567267159293 0.6768966695320593
0 0.44850352112676056 0.10211267605633803 0.5015631586614759 0.22998702307743174
0 0.5602992957746479 0.7406103286384976 0.6027463471409442 0.8328987028587802
0 0.1602112676056338 0.3826291079812207 0.22088018870263837 0.5115125416032974
0 0.08934859154929578 0.11913145539906103 0.1496085613593533 0.2669488665167846
0 0.16549295774647887 0.8051643192488263 0.21515603302916086 0.9009359364323657
0 0.6826584507042254 0.5252347417840375 0.7184495341326126 0.6481659420529436
0 0.09683098591549295 0.38321596244131456 0.1553270990378893 0.5156201784257973
0 0.1681338028169014 0.5586854460093896 0.21691543406566158 0.6616439639401354
0 0.6047535211267606 0.7282863849765259 0.6471810063727436 0.8270373906191452
0 0.7904929577464789 0.08744131455399061 0.8213950295080341 0.23175619641164671
0 0.1056338028169014 0.602112676056338 0.16148519638960523 0.7062194174436289
0 0.6399647887323944 0.5334507042253521 0.6766549450753818 0.6575507918402433
0 0.2790492957746479 0.3785211267605634 0.33130323534516964 0.498604154268333
0 0.3191021126760563 0.5575117370892019 0.3673771557602658 0.6522549813749476
0 0.02464788732394366 0.11267605633802817 0.08493633455663559 0.2734080539575481
0 0.397887323943662 0.36971830985915494 0.44216642283277124 0.48393795873834555
0 0.2262323943661972 0.38028169014084506 0.27454831320670503 0.5056453745949878
0 0.8573943661971831 0.09448356807511737 0.9005909355782583 0.23116520917366482
0 0.3921654929577465 0.5504694835680751 0.4386478144837334 0.6510854052326478
0 0.4498239436619718 0.30633802816901406 0.5086048310107121 0.47223806453745953
0 0.741637323943662 0.6971830985915493 0.7804834342764332 0.79184437611585
0 0.6967429577464789 0.6936619718309859 0.733408123698175 0.7947807148052635
0 0.5048415492957746 0.08157276995305164 0.5543552634025987 0.2417361662148163
0 0.5259683098591549 0.3045774647887324 0.5789938519762944 0.46226257191033526
0 0.3389084507042254 0.3720657276995305 0.38937548043542947 0.49097883466684294
0 0.7244718309859155 0.5164319248826291 0.7615649331729816 0.6423025634243646
0 0.34991197183098594 0.10328638497652583 0.3884903556462011 0.23292060658158656
0 0.2962147887323944 0.1056338028169014 0.34934145475848044 0.24289575481055348
0 0.2662852112676056 0.5475352112676056 0.31282293784715337 0.6469791460027773
0 0.7068661971830986 0.2705399061032864 0.7483684567794089 0.42061588033679387
0 0.5422535211267606 0.5633802816901409 0.5908704870065463 0.6680966078159095
0 0.7803697183098591 0.2846244131455399 0.8407656823422932 0.442321229804492
0 0.5598591549295775 0.08039906103286384 0.5952641464987105 0.24056314609094318
0 0.721830985915493 0.08450704225352113 0.7540837011505654 0.23293162732262118
0 0.9370598591549296 0.6396713615023474 0.9678974208366395 0.7425823524873811
0 0.8763204225352113 0.6484741784037559 0.9133466899548701 0.7149950268906081
0 0.6694542253521126 0.16784037558685447 0.687645486696588 0.23757755846503117
0 0.6003521126760564 0.08039906103286384 0.6348589999504066 0.15546924937732814
0 0.7962147887323944 0.4994131455399061 0.8359171589838326 0.6176646636469837
0 0.7847711267605634 0.6883802816901409 0.8240383929899822 0.7795255984262381
0 0.7610035211267606 0.5029342723004695 0.7905981498586591 0.6223574329387908
0 0.9397007042253521 0.4765258215962441 0.9762589345491967 0.5713165928277018
0 0.2658450704225352 0.7699530516431925 0.315023835796469 0.8745481496175803
0 0.1113556338028169 0.8163145539906104 0.16148267797807975 0.9249904257312261
0 0.42077464788732394 0.7582159624413145 0.4650436731303313 0.8622310939187552
0 0.06073943661971831 0.8245305164319249 0.111328899895854 0.9273330219973991
0 0.6509683098591549 0.7253521126760564 0.6938155949340409 0.8141283144878662
0 0.4665492957746479 0.7541079812206573 0.5151995821761555 0.853430687804448
0 0.2205105633802817 0.772887323943662 0.260466324575977 0.8774806999272631
0 0.5149647887323944 0.7505868544600939 0.5591923570472128 0.8481510640525468
0 0.6087147887323944 0.16255868544600938 0.6374961642655227 0.23934122142872885
0 0.6386443661971831 0.16784037558685447 0.6630111600500892 0.23933812184531286
0 0.690580985915493 0.17253521126760563 0.7087629485097203 0.2428564934206176
0 0.7561619718309859 0.08274647887323944 0.7800369005405673 0.23938805957812603
0 0.8248239436619719 0.09448356807511737 0.8504292148135291 0.22588351903281975
0 0.9722711267605634 0.2981220657276995 0.999 0.4270550926844321
0 0.9370598591549296 0.3004694835680751 0.9727389701324142 0.43879080429368067
0 0.013644366197183098 0.061619718309859156 0.07613836075431461 0.11557416683197778
0 0.0840669014084507 0.06044600938967136 0.14873060435677446 0.11674856454848025
0 0.1505281690140845 0.062206572769953054 0.2120816337284269 0.11792124027419604
0 0.2169894366197183 0.05046948356807512 0.2749925222550089 0.10090934889461968
0 0.27508802816901406 0.058098591549295774 0.3308648380157707 0.10207858063876216
0 0.3279049295774648 0.0539906103286385 0.3805775066331085 0.09855986466530009
0 0.3807218309859155 0.04988262910798122 0.4390929921518548 0.1020834022129648
0 0.4352992957746479 0.03227699530516432 0.4967274210846062 0.0956383350966519
0 0.1487676056338028 0.014671361502347418 0.21340283115949216 0.05926369051555026
0 0.20994718309859156 0.008215962441314555 0.27147449507786153 0.05515949767462364
0 0.2711267605633803 0.008215962441314555 0.3343877082920056 0.05046466199387247
0 0.3336267605633803 0.008215962441314555 0.38541653751735766 0.05281207983424806
0 0.06866197183098592 0.013497652582159625 0.14169513117437016 0.05809067039167714
0 0.010123239436619719 0.011150234741784037 0.06865751617982543 0.0698291371861844
0 0.03433098591549296 0.29694835680751175 0.09593559375619917 0.3396144669267561
0 0.04137323943661972 0.3368544600938967 0.09681277586292403 0.3853656957393815
0 0.00044014084507042255 0.39730046948356806 0.04225332740279707 0.5302832743723688
0 0.09595070422535211 0.29284037558685444 0.14872537380975998 0.3372694598734819
0 0.09683098591549295 0.3333333333333333 0.1614890708688752 0.3800860719874804
0 0.15360915492957747 0.289906103286385 0.2160415452663162 0.3249472382022967
0 0.16461267605633803 0.33039906103286387 0.21999796977286254 0.38008779397826714
0 0.22007042253521128 0.3215962441314554 0.2767517295675461 0.374811269809782
0 0.272887323943662 0.3174882629107981 0.33438693339615155 0.36953199045603824
0 0.34419014084507044 0.3215962441314554 0.39201400081829 0.36952957966893696
0 0.3930457746478873 0.3174882629107981 0.45273193407805995 0.365424009235381
0 0.3921654929577465 0.27992957746478875 0.4470104905400714 0.32025825729022017
0 0.33274647887323944 0.2852112676056338 0.395100023556834 0.321428866626992
0 0.59375 0.2705399061032864 0.6348619058098591 0.4112262089752915
0 0.8419894366197183 0.2734741784037559 0.8781505328183892 0.43117753862769737
0 0.897887323943662 0.482981220657277 0.9327033946637573 0.5584020063259053
0 0.00044014084507042255 0.6220657276995305 0.046214595008430864 0.7508086468734158
0 0.00044014084507042255 0.8380281690140845 0.05589769359998016 0.9367147722012829
