0 0.5695422535211268 0.036384976525821594 0.6480767859799643 0.3192274736053252
0 0.8477112676056338 0.011150234741784037 0.9261233665195399 0.3215897005664661
0 0.7433978873239436 0.0029342723004694834 0.8403418143101568 0.31983395876038706
0 0.7341549295774648 0.4624413145539906 0.8174585585697283 0.8254328396041349
0 0.4027288732394366 0.4213615023474178 0.4562487989114263 0.7133677455972139
0 0.6496478873239436 0.45011737089201875 0.7237457535707201 0.7919893677400869
0 0.5757042253521126 0.44835680751173707 0.6419121020134894 0.7726242037514602
0 0.5008802816901409 0.45011737089201875 0.5706422181858758 0.7526701189137958
0 0.34375 0.41431924882629106 0.3955353213028169 0.6810948830699376
0 0.2711267605633803 0.22124413145539906 0.31282080688355485 0.33672462198858255
0 0.3727992957746479 0.04401408450704225 0.435135211577564 0.3291995222508762
0 0.4410211267605634 0.03227699530516432 0.4883622266167428 0.3098402130309242
0 0.2517605633802817 0.5211267605633803 0.3176708800337235 0.6334969913376975
0 0.49867957746478875 0.02523474178403756 0.5614002290592144 0.32510256177125346
0 0.3287852112676056 0.034624413145539906 0.3713341614387026 0.3162942344993277
0 0.20994718309859156 0.2347417840375587 0.23670336831729813 0.34199839097180895
0 0.2640845070422535 0.09272300469483569 0.3159048923824638 0.20241037382353588
0 0.22975352112676056 0.10328638497652583 0.2565009887671097 0.21824924507923912
0 0.16637323943661972 0.23943661971830985 0.18786691318686768 0.3461036170072076
0 0.23943661971830985 0.4107981220657277 0.27498264233287045 0.49975892128986754
0 0.2125880281690141 0.4096244131455399 0.2371423468185876 0.5026938823866517
0 0.022007042253521125 0.0029342723004694834 0.05368749690041658 0.10504522636602084
0 0.07394366197183098 0.0005868544600938967 0.10868224310652648 0.08685411569573938
0 0.14216549295774647 0.23884976525821597 0.1654303849062686 0.3472776703255527
0 0.04841549295774648 0.176056338028169 0.08800685937809957 0.24813611717251868
0 0.8248239436619719 0.46068075117370894 0.9265735810107121 0.8624057037845225
0 0.9388204225352113 0.4536384976525822 0.999 0.9134661745905795
0 0.49735915492957744 0.8562206572769953 0.5728444722029359 0.999
0 0.5814260563380281 0.8943661971830986 0.6546736681090062 0.999
0 0.3617957746478873 0.8133802816901409 0.4280978011555247 0.999
0 0.4317781690140845 0.8245305164319249 0.49056699904532836 0.999
0 0.6571302816901409 0.007042253521126761 0.7334255588548899 0.3280475104146003
0 0.05369718309859155 0.0035211267605633804 0.07612073187363619 0.09858948290683064
0 0.10959507042253522 0.0005868544600938967 0.14783908667675064 0.06866162743282858
0 0.0022007042253521128 0.22887323943661972 0.014963820112576869 0.33848070819281884
0 0.017605633802816902 0.22652582159624413 0.03916478625272763 0.339655794705636
0 0.04225352112676056 0.25880281690140844 0.058520134893870264 0.3449185429478278
0 0.058538732394366196 0.2511737089201878 0.08932282626215036 0.34374931120368535
0 0.09286971830985916 0.25528169014084506 0.10779363128595516 0.3449206093367718
0 0.10651408450704225 0.2494131455399061 0.12451297795576273 0.3460977622385329
0 0.12720070422535212 0.24354460093896713 0.1421095067322952 0.3490354785205757
0 0.18794014084507044 0.2353286384976526 0.21030460381124777 0.34493231887412107
0 0.2367957746478873 0.22769953051643194 0.2648605652400317 0.3437630871299786
0 0.19762323943661972 0.11913145539906103 0.22790597568686766 0.22469534539002403
0 0.17121478873239437 0.12617370892018778 0.19930844419510016 0.2329071750534506
0 0.14568661971830985 0.1273474178403756 0.17115066610047608 0.2364276130176993
0 0.12059859154929578 0.14553990610328638 0.1465138210424519 0.24698031695651215
0 0.09110915492957747 0.1572769953051643 0.12143877237899225 0.24932084683374112
0 0.19278169014084506 0.40492957746478875 0.21338345876314221 0.5073914732526615
0 0.11047535211267606 0.3961267605633803 0.1487189809189645 0.48157504298089004
0 0.08934859154929578 0.3996478873239437 0.11175644868329697 0.4892020845731667
0 0.016725352112676055 0.43720657276995306 0.041365877926006746 0.5507997614009567
0 0.0409330985915493 0.43485915492957744 0.05587987099533823 0.5625382281954638
0 0.05413732394366197 0.48063380281690143 0.07127898885389804 0.5701404731204126
0 0.06866197183098592 0.482981220657277 0.08711766638563777 0.5777682035090039
0 0.08626760563380281 0.48826291079812206 0.11571907235667526 0.583046794066433
0 0.2055457746478873 0.517018779342723 0.24242713654284861 0.6252834396834842
0 0.1857394366197183 0.5129107981220657 0.20458374144514976 0.618243596949459
0 0.16065140845070422 0.5076291079812206 0.18610886821811148 0.6094438796314664
0 0.1430457746478873 0.5011737089201878 0.1632292932329895 0.5977105788093191
0 0.12235915492957747 0.49589201877934275 0.14563276445645704 0.5900845704115144
0 0.3336267605633803 0.7975352112676056 0.36384963610890697 0.8944850145473782
0 0.2984154929577465 0.7881455399061033 0.3317348523358461 0.8845139990962992
0 0.28389084507042256 0.6825117370892019 0.3167764564942472 0.7748342067270603
0 0.2522007042253521 0.6725352112676056 0.28466012292947823 0.7672109535145143
0 0.21742957746478872 0.6672535211267606 0.2525451454324539 0.757824381736428
0 0.21830985915492956 0.778169014084507 0.26310813826621704 0.8845198538649738
0 0.2007042253521127 0.755868544600939 0.22086236609799642 0.8546033635301639
0 0.18221830985915494 0.7494131455399061 0.20238458701150566 0.8504991706892372
0 0.0977112676056338 0.7059859154929577 0.13596051440686371 0.798294609204523
0 0.06778169014084508 0.6895539906103286 0.09768143411525491 0.7812854730102051
0 0.03653169014084507 0.6426056338028169 0.06644518851666337 0.740820067116313
