0 0.27090669014084506 0.5393192488262911 0.08846830985915492 0.07746478873239436
0 0.06712147887323944 0.681924882629108 0.09639084507042253 0.08098591549295775
0 0.5206866197183099 0.25880281690140844 0.037852112676056336 0.08215962441314555
0 0.47007042253521125 0.26173708920187794 0.03345070422535211 0.07863849765258216
0 0.4258362676056338 0.25264084507042256 0.037411971830985914 0.08157276995305164
0 0.5633802816901409 0.261443661971831 0.03609154929577465 0.08274647887323944
0 0.6078345070422535 0.2634976525821596 0.037852112676056336 0.07863849765258216
0 0.17869718309859156 0.4046361502347418 0.0897887323943662 0.07453051643192488
0 0.08274647887323944 0.4099178403755869 0.09683098591549295 0.06631455399061033
0 0.17143485915492956 0.8086854460093896 0.10167253521126761 0.07394366197183098
0 0.15602992957746478 0.5419600938967136 0.10431338028169014 0.07805164319248827
0 0.6784771126760564 0.4110915492957746 0.03829225352112676 0.05927230046948357
0 0.719850352112676 0.26672535211267606 0.032130281690140844 0.0886150234741784
0 0.1619718309859155 0.67018779342723 0.08098591549295775 0.0903755868544601
0 0.2860915492957746 0.4096244131455399 0.10123239436619719 0.06924882629107981
0 0.6494278169014085 0.26789906103286387 0.037411971830985914 0.08392018779342723
0 0.3314260563380282 0.2640845070422535 0.04225352112676056 0.06690140845070422
0 0.6848591549295775 0.2690727699530516 0.029049295774647887 0.0886150234741784
0 0.590669014084507 0.6748826291079812 0.10827464788732394 0.03873239436619718
0 0.727112676056338 0.6335093896713615 0.11443661971830986 0.0357981220657277
0 0.4865757042253521 0.6684272300469484 0.09903169014084508 0.07746478873239436
0 0.5858274647887324 0.6302816901408451 0.11003521126760564 0.04107981220657277
0 0.27838908450704225 0.2664319248826291 0.05237676056338028 0.06338028169014084
0 0.7594630281690141 0.4154929577464789 0.03477112676056338 0.06455399061032864
0 0.37786091549295775 0.5393192488262911 0.09110915492957747 0.07276995305164319
0 0.5961707746478874 0.41343896713615025 0.032130281690140844 0.06044600938967136
0 0.6360035211267606 0.4140258215962441 0.03169014084507042 0.061619718309859156
0 0.3855633802816901 0.4005281690140845 0.0897887323943662 0.0710093896713615
0 0.7550616197183099 0.2746478873239437 0.03301056338028169 0.09389671361502347
0 0.5547975352112676 0.40757042253521125 0.03301056338028169 0.06044600938967136
0 0.7992957746478874 0.4137323943661972 0.032570422535211266 0.05516431924882629
0 0.8734595070422535 0.4140258215962441 0.03125 0.052230046948356805
0 0.3785211267605634 0.6751760563380281 0.0994718309859155 0.07805164319248827
0 0.8248239436619719 0.5448943661971831 0.10299295774647887 0.031103286384976527
0 0.8358274647887324 0.6575704225352113 0.07922535211267606 0.0357981220657277
0 0.7924735915492958 0.2767018779342723 0.03389084507042254 0.08392018779342723
0 0.1679137323943662 0.886150234741784 0.10431338028169014 0.07276995305164319
0 0.7022447183098591 0.9683098591549296 0.08758802816901408 0.05985915492957746
0 0.5981514084507042 0.8667840375586855 0.12235915492957747 0.04107981220657277
0 0.7205105633802817 0.8626760563380281 0.10651408450704225 0.046948356807511735
0 0.28169014084507044 0.7960680751173709 0.0994718309859155 0.06866197183098592
0 0.828125 0.9242957746478874 0.08670774647887323 0.045774647887323945
0 0.5184859154929577 0.9647887323943662 0.07130281690140845 0.0528169014084507
0 0.2748679577464789 0.8761737089201878 0.09551056338028169 0.0715962441314554
0 0.71875 0.7743544600938967 0.11443661971830986 0.051056338028169015
0 0.59375 0.7626173708920188 0.11795774647887323 0.061619718309859156
0 0.5035211267605634 0.8617957746478874 0.051056338028169015 0.07687793427230047
0 0.5915492957746479 0.8207159624413145 0.11619718309859155 0.03697183098591549
0 0.3928257042253521 0.8541666666666666 0.08494718309859155 0.061619718309859156
0 0.8254841549295775 0.9785798122065728 0.09022887323943662 0.04988262910798122
0 0.8318661971830986 0.8365610328638498 0.10299295774647887 0.03931924882629108
0 0.987455985915493 0.8488849765258216 0.03653169014084507 0.08157276995305164
0 0.037411971830985914 0.25440140845070425 0.03697183098591549 0.07453051643192488
0 0.08142605633802817 0.2649647887323944 0.043133802816901406 0.07453051643192488
0 0.07988556338028169 0.19248826291079812 0.03389084507042254 0.057511737089201875
0 0.04863556338028169 0.18309859154929578 0.030369718309859156 0.05516431924882629
0 0.1423855633802817 0.2705399061032864 0.05149647887323944 0.05985915492957746
0 0.38446302816901406 0.26672535211267606 0.04533450704225352 0.0698356807511737
0 0.8210827464788732 0.2796361502347418 0.02420774647887324 0.08626760563380281
0 0.859375 0.27523474178403756 0.02596830985915493 0.08215962441314555
0 0.891725352112676 0.2811032863849765 0.032570422535211266 0.09389671361502347
0 0.9559859154929577 0.2708333333333333 0.04401408450704225 0.09917840375586855
0 0.4837147887323944 0.40492957746478875 0.09507042253521127 0.06807511737089202
0 0.7205105633802817 0.4128521126760563 0.037852112676056336 0.06748826291079812
0 0.8369278169014085 0.4175469483568075 0.03389084507042254 0.0534037558685446
0 0.9834947183098591 0.45305164319248825 0.030369718309859156 0.04929577464788732
0 0.061619718309859156 0.5322769953051644 0.0880281690140845 0.08215962441314555
0 0.4784330985915493 0.5313967136150235 0.0994718309859155 0.0733568075117371
0 0.5699823943661971 0.5419600938967136 0.07746478873239436 0.03697183098591549
0 0.5558978873239436 0.5 0.061619718309859156 0.03169014084507042
0 0.7095070422535211 0.5117370892018779 0.12411971830985916 0.04460093896713615
0 0.7110475352112676 0.5522300469483568 0.1192781690140845 0.03169014084507042
0 0.8215228873239436 0.5041079812206573 0.09991197183098592 0.03873239436619718
0 0.971830985915493 0.585387323943662 0.030809859154929578 0.04284037558685446
0 0.980193661971831 0.6273474178403756 0.03169014084507042 0.035211267605633804
0 0.7262323943661971 0.6789906103286385 0.12059859154929578 0.036384976525821594
0 0.2634242957746479 0.6684272300469484 0.10255281690140845 0.06807511737089202
0 0.0682218309859155 0.8086854460093896 0.09683098591549295 0.0715962441314554
0 0.06756161971830986 0.8884976525821596 0.09375 0.08333333333333333
0 0.823943661971831 0.778169014084507 0.07922535211267606 0.046948356807511735
0 0.7266725352112676 0.8210093896713615 0.11707746478873239 0.03403755868544601
0 0.9474031690140845 0.8482981220657277 0.03653169014084507 0.09448356807511737
