0 0.45048415492957744 0.18603286384976525 0.05413732394366197 0.15845070422535212
0 0.3694982394366197 0.15463615023474178 0.11223591549295775 0.23415492957746478
0 0.6734154929577465 0.8424295774647887 0.04401408450704225 0.17546948356807512
0 0.26870598591549294 0.6619718309859155 0.08142605633802817 0.14553990610328638
0 0.748899647887324 0.48884976525821594 0.042693661971830985 0.176056338028169
0 0.6540492957746479 0.13380281690140844 0.04225352112676056 0.2323943661971831
0 0.6069542253521126 0.1317488262910798 0.045774647887323945 0.22241784037558684
0 0.40999119718309857 0.6232394366197183 0.06205985915492958 0.1443661971830986
0 0.09925176056338028 0.6828051643192489 0.06998239436619719 0.17312206572769953
0 0.2761883802816901 0.4867957746478873 0.06470070422535211 0.18251173708920188
0 0.1736355633802817 0.6684272300469484 0.06998239436619719 0.1431924882629108
0 0.1500880281690141 0.48914319248826293 0.05193661971830986 0.1789906103286385
0 0.47997359154929575 0.5771713615023474 0.061179577464788734 0.1402582159624413
0 0.47337147887323944 0.8086854460093896 0.050616197183098594 0.09507042253521127
0 0.19872359154929578 0.1693075117370892 0.1307218309859155 0.23415492957746478
0 0.5356514084507042 0.5619131455399061 0.05193661971830986 0.13791079812206572
0 0.34661091549295775 0.6408450704225352 0.07790492957746478 0.1572769953051643
0 0.34330985915492956 0.4709507042253521 0.0625 0.16842723004694835
0 0.3981073943661972 0.4612676056338028 0.05677816901408451 0.15023474178403756
0 0.07482394366197183 0.15023474178403756 0.10123239436619719 0.2852112676056338
0 0.628080985915493 0.5657276995305164 0.045774647887323945 0.15258215962441316
0 0.4793133802816901 0.4193075117370892 0.04929577464788732 0.13086854460093897
0 0.09991197183098592 0.4894366197183099 0.04137323943661972 0.1772300469483568
0 0.7759683098591549 0.1528755868544601 0.02464788732394366 0.17781690140845072
0 0.6993838028169014 0.15757042253521128 0.04137323943661972 0.1766431924882629
0 0.8877640845070423 0.1481807511737089 0.03169014084507042 0.1637323943661972
0 0.816681338028169 0.4721244131455399 0.026848591549295774 0.1789906103286385
0 0.8435299295774648 0.4618544600938967 0.032130281690140844 0.17018779342723006
0 0.8758802816901409 0.4583333333333333 0.03609154929577465 0.16901408450704225
0 0.788512323943662 0.48327464788732394 0.02948943661971831 0.1742957746478873
0 0.621919014084507 0.863849765258216 0.04929577464788732 0.17018779342723006
0 0.7136883802816901 0.8359741784037559 0.047975352112676055 0.15434272300469484
0 0.272887323943662 0.9175469483568075 0.06426056338028169 0.13556338028169015
0 0.5400528169014085 0.9072769953051644 0.043133802816901406 0.11150234741784038
0 0.3455105633802817 0.9008215962441315 0.06866197183098592 0.14788732394366197
0 0.4920774647887324 0.9254694835680751 0.051056338028169015 0.12441314553990611
0 0.5088028169014085 0.1813380281690141 0.0625 0.1572769953051643
0 0.5629401408450704 0.18309859154929578 0.04401408450704225 0.15610328638497653
0 0.7429577464788732 0.1522887323943662 0.037852112676056336 0.1813380281690141
0 0.8025968309859155 0.15199530516431925 0.028609154929577465 0.18544600938967137
0 0.8457306338028169 0.14847417840375587 0.05149647887323944 0.1784037558685446
0 0.6965228873239436 0.5334507042253521 0.02772887323943662 0.13145539906103287
0 0.6685739436619719 0.5525234741784038 0.02640845070422535 0.13556338028169015
0 0.029049295774647887 0.7121478873239436 0.05369718309859155 0.1789906103286385
0 0.4128521126760563 0.8934859154929577 0.05721830985915493 0.12147887323943662
0 0.5255281690140845 0.789612676056338 0.043133802816901406 0.08392018779342723
0 0.8294454225352113 0.7473591549295775 0.03917253521126761 0.15786384976525822
0 0.8622359154929577 0.7362089201877934 0.02992957746478873 0.159037558685446
