0 0.7537411971830986 0.46742957746478875 0.07702464788732394 0.29284037558685444
0 0.4639084507042254 0.4724178403755869 0.06514084507042253 0.30633802816901406
0 0.629181338028169 0.46830985915492956 0.055897887323943664 0.29577464788732394
0 0.6824383802816901 0.4753521126760563 0.05237676056338028 0.2863849765258216
0 0.11795774647887323 0.7972417840375586 0.05545774647887324 0.2306338028169014
0 0.570862676056338 0.46742957746478875 0.05721830985915493 0.22007042253521128
0 0.0664612676056338 0.7863849765258216 0.04225352112676056 0.24178403755868544
0 0.3928257042253521 0.4694835680751174 0.06558098591549295 0.31690140845070425
0 0.29401408450704225 0.4782863849765258 0.06514084507042253 0.3075117370892019
0 0.3904049295774648 0.09507042253521127 0.051056338028169015 0.176056338028169
0 0.23767605633802816 0.10328638497652583 0.0528169014084507 0.20539906103286384
0 0.18772007042253522 0.1255868544600939 0.04709507042253521 0.2347417840375587
0 0.08692781690140845 0.1358568075117371 0.05677816901408451 0.24119718309859156
0 0.1190580985915493 0.4812206572769953 0.055897887323943664 0.25234741784037557
0 0.18199823943661972 0.4680164319248826 0.05237676056338028 0.272887323943662
0 0.13908450704225353 0.15316901408450703 0.03873239436619718 0.18779342723004694
0 0.6529489436619719 0.06073943661971831 0.08318661971830986 0.12030516431924883
0 0.7319542253521126 0.20539906103286384 0.09419014084507042 0.05868544600938967
0 0.7444982394366197 0.8973004694835681 0.09551056338028169 0.20539906103286384
0 0.4399207746478873 0.08421361502347417 0.035651408450704226 0.15669014084507044
0 0.23767605633802816 0.4688967136150235 0.04929577464788732 0.27582159624413144
0 0.03191021126760563 0.16167840375586853 0.04973591549295775 0.23415492957746478
0 0.49537852112676056 0.09066901408450705 0.07262323943661972 0.17781690140845072
0 0.7268926056338029 0.054284037558685445 0.06294014084507042 0.1073943661971831
0 0.33120598591549294 0.0994718309859155 0.05941901408450704 0.1977699530516432
0 0.9764524647887324 0.2934272300469484 0.030369718309859156 0.07629107981220658
0 0.28125 0.12705399061032863 0.03697183098591549 0.13086854460093897
0 0.3404489436619718 0.4762323943661972 0.035651408450704226 0.29518779342723006
0 0.464568661971831 0.8776408450704225 0.08494718309859155 0.24471830985915494
0 0.6410651408450704 0.9019953051643192 0.08494718309859155 0.22535211267605634
0 0.5563380281690141 0.8796948356807511 0.07306338028169014 0.2136150234741784
0 0.38028169014084506 0.8609154929577465 0.06954225352112677 0.27816901408450706
0 0.20532570422535212 0.8394953051643192 0.04973591549295775 0.25528169014084506
0 0.3149207746478873 0.8620892018779343 0.050616197183098594 0.2746478873239437
0 0.261443661971831 0.8568075117370892 0.06426056338028169 0.27816901408450706
0 0.8263644366197183 0.9052230046948356 0.07878521126760564 0.18955399061032863
0 0.5746038732394366 0.0710093896713615 0.07966549295774648 0.14084507042253522
