0 0.8794014084507042 0.7453051643192489 0.9485566014927594 0.9966283420397187
0 0.00044014084507042255 0.3767605633802817 0.1346829048675858 0.7304126991998943
0 0.26188380281690143 0.13556338028169015 0.3863283962135489 0.7023852327580506
0 0.3961267605633803 0.12030516431924883 0.5086284653342591 0.7006336237298596
0 0.13776408450704225 0.1426056338028169 0.25434077285012896 0.7188130248627919
0 0.5057218309859155 0.11737089201877934 0.6208161435603055 0.6812691485375477
0 0.625 0.11384976525821597 0.7263974471830986 0.6759895247856466
0 0.7284330985915493 0.11561032863849766 0.8526723445868876 0.6630776934691088
0 0.8595950704225352 0.09976525821596244 0.9512061641415394 0.6595658654587935
0 0.40757042253521125 0.801056338028169 0.4742924425957152 0.9942482063743966
0 0.6426056338028169 0.7793427230046949 0.7065833601963897 0.9966083669465935
0 0.7191901408450704 0.7775821596244131 0.7738912015225153 0.9801774752584363
0 0.5272887323943662 0.8157276995305164 0.581193975029756 0.9836762161387732
0 0.3257042253521127 0.823943661971831 0.3880608696191232 0.9836713945645705
0 0.4766725352112676 0.8016431924882629 0.5226775208911922 0.9801633549339858
0 0.7742077464788732 0.795774647887324 0.8310852958862329 0.9913170336573431
0 0.8177816901408451 0.7476525821596244 0.8790414693265225 0.95906827900108
