0 0.15669014084507044 0.10093896713615023 0.2688570906070224 0.34325062267186845
0 0.27420774647887325 0.08744131455399061 0.4070095916608808 0.30452614946328993
0 0.5897887323943662 0.2546948356807512 0.7272932267903194 0.48400546077718265
0 0.8499119718309859 0.5269953051643192 0.893551975364511 0.7168268806894575
0 0.26936619718309857 0.7059859154929577 0.34539200431462014 0.9291631538054619
0 0.1505281690140845 0.3544600938967136 0.3141943097847649 0.6183365844519385
0 0.19674295774647887 0.7382629107981221 0.2710401659516961 0.9590737893715974
0 0.37367957746478875 0.6813380281690141 0.4461383452563975 0.9062902945844079
0 0.667693661971831 0.5874413145539906 0.710533585536104 0.7719557269280786
0 0.03169014084507042 0.09330985915492958 0.15183464342392383 0.3720109683925147
0 0.5638204225352113 0.6038732394366197 0.6084666283351517 0.7543404499768565
0 0.616637323943662 0.6009389671361502 0.65861943779756 0.7613844254887698
0 0.3380281690140845 0.318075117370892 0.49412938901011705 0.550869674226895
0 0.4194542253521127 0.06514084507042253 0.5605548176825035 0.2822387671097005
0 0.5096830985915493 0.6396713615023474 0.5591946817347748 0.8429344651634375
0 0.44630281690140844 0.6631455399061033 0.4949620146052371 0.8875216282042805
0 0.9106514084507042 0.5246478873239436 0.9547048189223369 0.6910066620379555
0 0.917693661971831 0.20774647887323944 0.9569024235642729 0.3995259703762481
0 0.4907570422535211 0.29460093896713613 0.5706466738370363 0.4904374407635169
0 0.71875 0.24413145539906103 0.7897364656690141 0.4188708148735921
0 0.8789612676056338 0.051056338028169015 0.9124652459209482 0.14727050684388018
0 0.7649647887323944 0.5434272300469484 0.8214062654979171 0.7479205239260288
0 0.8573943661971831 0.21185446009389672 0.9159958651557231 0.3877864703872688
0 0.9190140845070423 0.03169014084507042 0.9569018423923824 0.1384790550816637
0 0.9608274647887324 0.1936619718309859 0.999 0.3954262547113668
0 0.7037852112676056 0.5580985915492958 0.7422078410161674 0.7573015853335979
0 0.061179577464788734 0.7775821596244131 0.13773715687611585 0.999
0 0.8133802816901409 0.8603286384976526 0.8614377727633407 0.989518586479755
0 0.7152288732394366 0.9008215962441315 0.7659704098269192 0.9883211140867112
0 0.14172535211267606 0.7599765258215962 0.19359959271473912 0.9713849903017479
0 0.9044894366197183 0.8004694835680751 0.9573483761282483 0.9666663911481408
0 0.761443661971831 0.880868544600939 0.807763449092442 0.99126709592453
0 0.613556338028169 0.08157276995305164 0.7079165685131917 0.24467043851528578
0 0.9586267605633803 0.011150234741784037 0.999 0.1373174000969825
0 0.0022007042253521128 0.40082159624413144 0.14568565109849235 0.6394361375608896
