0 0.30215669014084506 0.8424295774647887 0.1192781690140845 0.17546948356807512
0 0.18243838028169015 0.6100352112676056 0.061179577464788734 0.13438967136150234
0 0.4007482394366197 0.3060446009389671 0.06998239436619719 0.125
0 0.23767605633802816 0.04606807511737089 0.06602112676056338 0.09096244131455399
0 0.594850352112676 0.30721830985915494 0.05149647887323944 0.09917840375586855
0 0.7207306338028169 0.3045774647887324 0.05501760563380282 0.09741784037558686
0 0.24295774647887325 0.471537558685446 0.04753521126760563 0.0897887323943662
0 0.20818661971830985 0.3095657276995305 0.05897887323943662 0.12852112676056338
0 0.36047535211267606 0.5692488262910798 0.04841549295774648 0.09976525821596244
0 0.14348591549295775 0.31103286384976525 0.06514084507042253 0.1255868544600939
0 0.2975352112676056 0.4680164319248826 0.056338028169014086 0.09096244131455399
0 0.13204225352112675 0.488556338028169 0.0528169014084507 0.10387323943661972
0 0.19080105633802816 0.4809272300469484 0.053257042253521125 0.09800469483568075
0 0.10035211267605634 0.6129694835680751 0.06602112676056338 0.12617370892018778
0 0.6034330985915493 0.6123826291079812 0.05897887323943662 0.11208920187793427
0 0.07702464788732394 0.3136737089201878 0.05985915492957746 0.13321596244131456
0 0.6089348591549296 0.8177816901408451 0.05413732394366197 0.17312206572769953
0 0.6683538732394366 0.14172535211267606 0.05677816901408451 0.056924882629107984
0 0.5184859154929577 0.30428403755868544 0.0625 0.12265258215962441
0 0.549955985915493 0.5123239436619719 0.0488556338028169 0.09741784037558686
0 0.6566901408450704 0.3060446009389671 0.05457746478873239 0.09917840375586855
0 0.6078345070422535 0.1352699530516432 0.04841549295774648 0.06748826291079812
0 0.9203345070422535 0.6757629107981221 0.05369718309859155 0.1238262910798122
0 0.7715669014084507 0.30252347417840375 0.04137323943661972 0.09213615023474178
0 0.6007922535211268 0.4765258215962441 0.03873239436619718 0.09154929577464789
0 0.10827464788732394 0.13556338028169015 0.05369718309859155 0.08215962441314555
0 0.5424735915492958 0.6235328638497653 0.05149647887323944 0.10504694835680752
0 0.4196742957746479 0.5595657276995305 0.042693661971830985 0.08392018779342723
0 0.33692781690140844 0.3104460093896714 0.07174295774647887 0.12323943661971831
0 0.2506602112676056 0.1329225352112676 0.05501760563380282 0.0698356807511737
0 0.46830985915492956 0.06396713615023474 0.03961267605633803 0.06690140845070422
0 0.4086707746478873 0.12940140845070422 0.055897887323943664 0.07570422535211267
0 0.9850352112676056 0.3846830985915493 0.035211267605633804 0.12852112676056338
0 0.03411091549295775 0.4175469483568075 0.06734154929577464 0.18838028169014084
0 0.7328345070422535 0.14583333333333334 0.0448943661971831 0.056924882629107984
0 0.45840669014084506 0.30839201877934275 0.04181338028169014 0.11443661971830986
0 0.9401408450704225 0.380575117370892 0.0448943661971831 0.11795774647887323
0 0.780149647887324 0.14730046948356806 0.053257042253521125 0.06103286384976526
0 0.9751320422535211 0.5507629107981221 0.04445422535211268 0.09683098591549295
0 0.14920774647887325 0.8550469483568075 0.11091549295774648 0.1807511737089202
0 0.6974031690140845 0.8151408450704225 0.10519366197183098 0.176056338028169
0 0.9544454225352113 0.9140258215962441 0.06734154929577464 0.12852112676056338
0 0.8565140845070423 0.9222417840375586 0.07130281690140845 0.09213615023474178
0 0.04379401408450704 0.12998826291079812 0.06382042253521127 0.08626760563380281
0 0.10167253521126761 0.051643192488262914 0.051056338028169015 0.0892018779342723
0 0.1643926056338028 0.05017605633802817 0.0664612676056338 0.0886150234741784
0 0.16307218309859156 0.1311619718309859 0.06382042253521127 0.0733568075117371
0 0.2110475352112676 0.1311619718309859 0.030369718309859156 0.07570422535211267
0 0.30391725352112675 0.13233568075117372 0.04005281690140845 0.08392018779342723
0 0.3514524647887324 0.1329225352112676 0.05677816901408451 0.08509389671361503
0 0.3144806338028169 0.04958920187793427 0.05149647887323944 0.08157276995305164
0 0.36883802816901406 0.05076291079812206 0.0528169014084507 0.07453051643192488
0 0.4220950704225352 0.05134976525821596 0.05369718309859155 0.06514084507042253
0 0.4630281690140845 0.13673708920187794 0.03609154929577465 0.06924882629107981
0 0.5052816901408451 0.13615023474178403 0.04753521126760563 0.07276995305164319
0 0.53125 0.0698356807511737 0.0528169014084507 0.062206572769953054
0 0.5569982394366197 0.13761737089201878 0.04621478873239437 0.08039906103286384
0 0.6071742957746479 0.13380281690140844 0.055897887323943664 0.07863849765258216
0 0.6373239436619719 0.07071596244131455 0.04841549295774648 0.06396713615023474
0 0.707306338028169 0.079518779342723 0.06073943661971831 0.0721830985915493
0 0.7816901408450704 0.0698356807511737 0.0528169014084507 0.07042253521126761
0 0.9297975352112676 0.5548708920187794 0.047975352112676055 0.09917840375586855
0 0.9685299295774648 0.1728286384976526 0.05501760563380282 0.125
0 0.2722271126760563 0.3078051643192488 0.05677816901408451 0.11326291079812206
0 0.35079225352112675 0.4562793427230047 0.04225352112676056 0.07922535211267606
0 0.45202464788732394 0.46156103286384975 0.043133802816901406 0.09565727699530517
0 0.5039612676056338 0.4935446009389671 0.027288732394366196 0.11502347417840375
0 0.6824383802816901 0.5718896713615024 0.06558098591549295 0.06044600938967136
0 0.6769366197183099 0.6373239436619719 0.0528169014084507 0.05985915492957746
0 0.75 0.5757042253521126 0.05193661971830986 0.05985915492957746
0 0.7409771126760564 0.6428990610328639 0.06205985915492958 0.051056338028169015
0 0.4722711267605634 0.5660211267605634 0.04401408450704225 0.09800469483568075
0 0.3069982394366197 0.5824530516431925 0.05677816901408451 0.11443661971830986
0 0.2475792253521127 0.6123826291079812 0.05501760563380282 0.12030516431924883
0 0.040492957746478875 0.744424882629108 0.06954225352112677 0.18368544600938966
0 0.4425616197183099 0.8732394366197183 0.10079225352112677 0.13028169014084506
0 0.9788732394366197 0.687793427230047 0.04225352112676056 0.13849765258215962
