0 0.9322183098591549 0.6889671361502347 0.9978291292650268 0.8299947375961559
0 0.6606514084507042 0.693075117370892 0.724181051316703 0.822363218827834
0 0.7482394366197183 0.4982394366197183 0.8152516551775442 0.6170784979832044
0 0.6685739436619719 0.4994131455399061 0.7439839023135291 0.6229463537878287
0 0.727112676056338 0.6907276995305164 0.7840109539277921 0.8211908875002756
0 0.5669014084507042 0.06866197183098592 0.6502786525490973 0.19655594954704755
0 0.445862676056338 0.49589201877934275 0.5138882646672287 0.6112113309748948
0 0.2007042253521127 0.6619718309859155 0.27984123933743305 0.819447199629703
0 0.5132042253521126 0.48884976525821594 0.5966051037740527 0.6159102994335339
0 0.49559859154929575 0.09507042253521127 0.5684438386480858 0.19947472393043708
0 0.6588908450704225 0.29694835680751175 0.7329846431139655 0.42529521810046506
0 0.4982394366197183 0.2764084507042254 0.5710835213747272 0.4223729997355022
0 0.3657570422535211 0.49178403755868544 0.4479023956680222 0.611213741761996
0 0.5730633802816901 0.29284037558685444 0.6502759404136085 0.42060279320681526
0 0.13028169014084506 0.6549295774647887 0.19844617883356477 0.8212118957878728
0 0.8794014084507042 0.29694835680751175 0.9366727986758581 0.42529521810046506
0 0.889524647887324 0.5076291079812206 0.9485521458415989 0.6082701707112785
0 0.2051056338028169 0.4970657276995305 0.2930435274499107 0.6024078252771716
0 0.42297535211267606 0.10387323943661972 0.49717298620065464 0.2006432668782649
0 0.42297535211267606 0.29577464788732394 0.4976131270457251 0.429403888117437
0 0.06866197183098592 0.6543427230046949 0.12805076497718706 0.8135831322048095
0 0.3512323943661972 0.10622065727699531 0.42370104207994447 0.19653390806497828
0 0.5154049295774648 0.6742957746478874 0.5833999098021226 0.8223742395688687
0 0.8191021126760564 0.505868544600939 0.8878437050560405 0.6112054762062201
0 0.7904929577464789 0.6977699530516432 0.8658492548601469 0.8311632805439838
0 0.8089788732394366 0.29401408450704225 0.8781650621156516 0.42060210441050055
0 0.7381161971830986 0.29225352112676056 0.8099744206878596 0.42647168220591153
0 0.8710387323943662 0.6954225352112676 0.9309546484452489 0.8282303858361436
0 0.21919014084507044 0.8884976525821596 0.2864352156070224 0.999
0 0.6514084507042254 0.8914319248826291 0.7184632885340211 0.9947820235182613
0 0.577024647887324 0.8855633802816901 0.6559960278838524 0.9983065942603981
0 0.5858274647887324 0.6672535211267606 0.6480696181933148 0.8241389357270383
0 0.44058098591549294 0.8744131455399061 0.5064081949885936 0.999
0 0.7139084507042254 0.8937793427230047 0.7787350755058521 0.9936069370054442
0 0.36047535211267606 0.903755868544601 0.43822162176403495 0.9982959179175208
0 0.5096830985915493 0.8902582159624414 0.5754798930023804 0.999
0 0.289612676056338 0.897887323943662 0.357707036674271 0.9971256529789063
0 0.1500880281690141 0.8890845070422535 0.21472267252281294 0.9941965466507968
0 0.8578345070422535 0.8855633802816901 0.9296400376289427 0.9983065942603981
0 0.929137323943662 0.8873239436619719 0.9978304853327714 0.9977187066058322
0 0.7777288732394366 0.8814553990610329 0.8539710700381868 0.9983090050474994
0 0.08494718309859155 0.8802816901408451 0.14784993521870662 0.9971359849236262
0 0.07174295774647887 0.3051643192488263 0.14125363426155524 0.422356124225793
0 0.14348591549295775 0.30633802816901406 0.21252487415691332 0.4252897077299478
0 0.21610915492957747 0.3034037558685446 0.2776337547733585 0.4235308663404527
0 0.28080985915492956 0.2992957746478873 0.3511087984774846 0.42235956820736625
0 0.35475352112676056 0.2934272300469484 0.4281009007389407 0.42529728448940907
0 0.9467429577464789 0.505868544600939 0.999 0.6100317672860324
