0 0.14788732394366197 0.4694835680751174 0.225727162269391 0.6335272983755428
0 0.22799295774647887 0.47124413145539906 0.2978750030995834 0.6212023215190989
0 0.3058978873239437 0.47124413145539906 0.3709040942397342 0.6153337769181599
0 0.37455985915492956 0.4753521126760563 0.44789852118875223 0.6229604741122793
0 0.460387323943662 0.3374413145539906 0.5358889140299544 0.48454375509709274
0 0.45026408450704225 0.4847417840375587 0.5345729471459035 0.6346920529436398
0 0.5369718309859155 0.3403755868544601 0.6045171778912913 0.48865001432696337
0 0.5360915492957746 0.4935446009389671 0.6036372836490775 0.640555431572219
0 0.6126760563380281 0.3474178403755869 0.6520190686371752 0.4857116092486059
0 0.6659330985915493 0.36561032863849763 0.7276998533897044 0.4886352052061981
0 0.608274647887324 0.49061032863849763 0.6462991748908946 0.6200172474597192
0 0.6602112676056338 0.4982394366197183 0.7228608225054552 0.6317498594855517
0 0.7345950704225352 0.36561032863849763 0.7897294916063281 0.49333004088694926
0 0.7244718309859155 0.4994131455399061 0.7558431021870661 0.6241200627080166
0 0.7605633802816901 0.4953051643192488 0.8244891886530451 0.6317515814763385
0 0.7944542253521126 0.3732394366197183 0.8548439902177147 0.49802039939165504
0 0.8622359154929577 0.375 0.9239162694033922 0.5027142018779343
0 0.8499119718309859 0.505868544600939 0.919520285223666 0.6376139269104455
0 0.9251760563380281 0.37910798122065725 0.9687829330737949 0.4991906643302696
0 0.9242957746478874 0.5029342723004695 0.9621812078456655 0.6317471043002931
0 0.9669894366197183 0.5070422535211268 0.999 0.6335052568934735
0 0.00044014084507042255 0.49119718309859156 0.1346829048675858 0.7162610345169609
0 0.0008802816901408451 0.857981220657277 0.06293975339714342 0.9824777105512575
0 0.0664612676056338 0.8609154929577465 0.13421370542799047 0.9789548617999074
0 0.14788732394366197 0.732981220657277 0.20988209184685577 0.8904149171240275
0 0.21434859154929578 0.7376760563380281 0.2763141071340012 0.8933464342392383
0 0.27860915492957744 0.7406103286384976 0.34186680935082325 0.8992132568493906
0 0.3485915492957746 0.710093896713615 0.40169516217020435 0.8739964237695342
0 0.40625 0.704225352112676 0.4615289392605634 0.8751735766712954
0 0.46610915492957744 0.7071596244131455 0.5143194942099781 0.8816272537415416
0 0.516725352112676 0.7194835680751174 0.5706352441231899 0.8992256551830545
0 0.5779049295774648 0.7030516431924883 0.6339885981824043 0.8857376457493001
0 0.6659330985915493 0.6983568075117371 0.7228583040939298 0.8875009643148405
0 0.7288732394366197 0.7012910798122066 0.7769679255108114 0.8828044066433027
0 0.7808098591549296 0.7012910798122066 0.8235999956605832 0.8710673174414248
0 0.829225352112676 0.6995305164319249 0.8865188268696688 0.8722420595560846
0 0.8882042253521126 0.6954225352112676 0.9217041354641936 0.8575731088408385
0 0.9264964788732394 0.6936619718309859 0.962180239225848 0.854639869734841
0 0.9669894366197183 0.6936619718309859 0.999 0.8798746115188785
0 0.02464788732394366 0.22007042253521128 0.18616872892283276 0.3942370478740991
0 0.40625 0.009389671361502348 0.6397859815140845 0.09506491216469395
0 0.690580985915493 0.004694835680751174 0.8460868921716922 0.14905827767859112
0 0.971830985915493 0.3855633802816901 0.999 0.4962526036500694
0 0.8609154929577465 0.943075117370892 0.9983006533921841 0.9941648620203223
