0 0.4960387323943662 0.01643192488262911 0.5750457576001786 0.24588237563093743
0 0.42649647887323944 0.3333333333333333 0.5293017180990874 0.5778560250391236
0 0.6205985915492958 0.3386150234741784 0.721557835126959 0.5766792165355199
0 0.7227112676056338 0.3568075117370892 0.8196642996181313 0.5825370847935816
0 0.3023767605633803 0.6678403755868545 0.3924725454398929 0.909232488042496
0 0.5356514084507042 0.34800469483568075 0.6208029703307875 0.5731525794044391
0 0.10299295774647887 0.3515258215962441 0.19669762633902002 0.5778453486962463
0 0.2592429577464789 0.3315727699530516 0.3511182909516961 0.5778570582335957
0 0.022007042253521125 0.34330985915492956 0.09990228563281095 0.5743290435098856
0 0.3538732394366197 0.3392018779342723 0.4245801614263043 0.5755051632171747
0 0.3983274647887324 0.07570422535211267 0.47253594741866695 0.2587583895391126
0 0.8213028169014085 0.3397887323943662 0.9208532998165045 0.5678757108377968
0 0.1949823943661972 0.340962441314554 0.26399868732642334 0.5819595290837356
0 0.6390845070422535 0.08450704225352113 0.7021835015373934 0.24290815314421743
0 0.3085387323943662 0.07805164319248827 0.3805860304875025 0.24936734058498092
0 0.24163732394366197 0.08157276995305164 0.3005098427271375 0.25347325541669424
0 0.1694542253521127 0.0892018779342723 0.23364020500644717 0.24701337917961605
0 0.7007042253521126 0.0897887323943662 0.741328915393771 0.2470130347814587
0 0.04753521126760563 0.04107981220657277 0.1038523172485618 0.23295711278626374
0 0.8252640845070423 0.09330985915492958 0.8829994436247768 0.2493583862328903
0 0.8939260563380281 0.08039906103286384 0.9727579550808372 0.24467112731160046
0 0.7627640845070423 0.0886150234741784 0.8192065298923824 0.24584001465758556
0 0.9242957746478874 0.33039906103286387 0.993871348690736 0.5719892024289713
0 0.7724471830985915 0.653169014084507 0.8297656482468756 0.7813068256959598
0 0.39436619718309857 0.6860328638497653 0.4985060007934934 0.9731889478498534
0 0.5105633802816901 0.7259389671361502 0.6221344351319184 0.971991819854967
0 0.16857394366197184 0.6936619718309859 0.2864574938628248 0.9767055974343715
0 0.06073943661971831 0.7024647887323944 0.16546622383951598 0.9502919807577861
0 0.621919014084507 0.7359154929577465 0.7382826060677444 0.9872441810487338
0 0.002640845070422535 0.7552816901408451 0.05897771089565562 0.9485004215433446
0 0.8802816901408451 0.7723004694835681 0.990809735171593 0.9631617954991294
0 0.0013204225352112676 0.04342723004694836 0.04313322164501091 0.22591348167250763
