0 0.5217869718309859 0.8110328638497653 0.04357394366197183 0.05046948356807512
0 0.7920334507042254 0.8327464788732394 0.05149647887323944 0.06455399061032864
0 0.8873239436619719 0.8359741784037559 0.04665492957746479 0.07687793427230047
0 0.2482394366197183 0.7937206572769953 0.05369718309859155 0.08274647887323944
0 0.5308098591549296 0.6141431924882629 0.05369718309859155 0.07687793427230047
0 0.5807658450704225 0.20657276995305165 0.04973591549295775 0.08568075117370892
0 0.5867077464788732 0.6238262910798122 0.05457746478873239 0.08098591549295775
0 0.7808098591549296 0.5988849765258216 0.04929577464788732 0.09448356807511737
0 0.8499119718309859 0.22799295774647887 0.051056338028169015 0.08039906103286384
0 0.47403169014084506 0.5856807511737089 0.04929577464788732 0.09272300469483569
0 0.6439260563380281 0.6226525821596244 0.0528169014084507 0.09154929577464789
0 0.3107394366197183 0.5648474178403756 0.05193661971830986 0.09213615023474178
0 0.2519806338028169 0.5686619718309859 0.04973591549295775 0.08685446009389672
0 0.08362676056338028 0.38967136150234744 0.05897887323943662 0.08685446009389672
0 0.20906690140845072 0.29577464788732394 0.051056338028169015 0.06807511737089202
0 0.695862676056338 0.636443661971831 0.04665492957746479 0.061619718309859156
0 0.909330985915493 0.23210093896713616 0.04753521126760563 0.08157276995305164
0 0.9471830985915493 0.6340962441314554 0.04225352112676056 0.08392018779342723
0 0.6879401408450704 0.1977699530516432 0.045774647887323945 0.08450704225352113
0 0.8901848591549296 0.6273474178403756 0.04445422535211268 0.0892018779342723
0 0.7130281690140845 0.7552816901408451 0.03873239436619718 0.06572769953051644
0 0.7940140845070423 0.2221244131455399 0.045774647887323945 0.08392018779342723
0 0.8345070422535211 0.630868544600939 0.04225352112676056 0.09154929577464789
0 0.6351232394366197 0.19512910798122066 0.03873239436619718 0.08039906103286384
0 0.32724471830985913 0.306924882629108 0.05149647887323944 0.07276995305164319
0 0.2640845070422535 0.29870892018779344 0.05897887323943662 0.06924882629107981
0 0.9749119718309859 0.42811032863849763 0.05017605633802817 0.07570422535211267
0 0.5338908450704225 0.19102112676056338 0.04401408450704225 0.08274647887323944
0 0.08912852112676056 0.7769953051643192 0.05149647887323944 0.07863849765258216
0 0.24669894366197184 0.10152582159624413 0.05237676056338028 0.07981220657276995
0 0.3160211267605634 0.40316901408450706 0.05457746478873239 0.07981220657276995
0 0.35893485915492956 0.18456572769953053 0.04709507042253521 0.04870892018779343
0 0.4198943661971831 0.6029929577464789 0.0448943661971831 0.07570422535211267
0 0.14326584507042253 0.3788145539906103 0.04445422535211268 0.07453051643192488
0 0.956205985915493 0.23796948356807512 0.04445422535211268 0.08392018779342723
0 0.5825264084507042 0.7658450704225352 0.03653169014084507 0.07629107981220658
0 0.6252200704225352 0.10269953051643192 0.03829225352112676 0.05868544600938967
0 0.2462588028169014 0.18163145539906103 0.04973591549295775 0.06748826291079812
0 0.20026408450704225 0.16607981220657278 0.03961267605633803 0.06572769953051644
0 0.6903609154929577 0.352112676056338 0.04533450704225352 0.06338028169014084
0 0.7370158450704225 0.20187793427230047 0.03829225352112676 0.08215962441314555
0 0.15404929577464788 0.0880281690140845 0.05369718309859155 0.06807511737089202
0 0.5849471830985915 0.33949530516431925 0.04753521126760563 0.0721830985915493
0 0.19102112676056338 0.39730046948356806 0.05457746478873239 0.09859154929577464
0 0.30061619718309857 0.18251173708920188 0.0448943661971831 0.046948356807511735
0 0.7592429577464789 0.7567488262910798 0.037852112676056336 0.061619718309859156
0 0.414612676056338 0.1766431924882629 0.04401408450704225 0.045774647887323945
0 0.3043573943661972 0.09242957746478873 0.05413732394366197 0.05457746478873239
0 0.47579225352112675 0.09330985915492958 0.04401408450704225 0.06572769953051644
0 0.1969630281690141 0.5560446009389671 0.053257042253521125 0.08039906103286384
0 0.09595070422535211 0.08626760563380281 0.05457746478873239 0.06807511737089202
0 0.3670774647887324 0.5460680751173709 0.043133802816901406 0.07570422535211267
0 0.36069542253521125 0.09477699530516431 0.0488556338028169 0.05457746478873239
0 0.851012323943662 0.45305164319248825 0.04533450704225352 0.09272300469483569
0 0.7975352112676056 0.43896713615023475 0.04137323943661972 0.09624413145539906
0 0.3069982394366197 0.7928403755868545 0.04973591549295775 0.07511737089201878
0 0.19784330985915494 0.09272300469483569 0.03917253521126761 0.06924882629107981
0 0.4273767605633803 0.09272300469483569 0.0448943661971831 0.06103286384976526
0 0.08076584507042253 0.1789906103286385 0.04973591549295775 0.07042253521126761
0 0.03477112676056338 0.15639671361502347 0.03609154929577465 0.06866197183098592
0 0.04841549295774648 0.08480046948356808 0.03609154929577465 0.08274647887323944
0 0.15030809859154928 0.16901408450704225 0.04621478873239437 0.07276995305164319
0 0.4632482394366197 0.18280516431924881 0.05765845070422535 0.051056338028169015
0 0.5765845070422535 0.10035211267605634 0.03433098591549296 0.056338028169014086
0 0.5371919014084507 0.10387323943661972 0.03301056338028169 0.06807511737089202
0 0.6762764084507042 0.10827464788732394 0.04005281690140845 0.058098591549295774
0 0.9238556338028169 0.4234154929577465 0.040492957746478875 0.0886150234741784
0 0.7449383802816901 0.3626760563380282 0.047975352112676055 0.04812206572769953
0 0.6302816901408451 0.3345070422535211 0.04401408450704225 0.0528169014084507
0 0.586487676056338 0.4269366197183099 0.047975352112676055 0.04988262910798122
0 0.6366637323943662 0.4336854460093897 0.04709507042253521 0.051643192488262914
0 0.6881602112676056 0.43309859154929575 0.04621478873239437 0.045774647887323945
0 0.7387764084507042 0.4395539906103286 0.0488556338028169 0.045774647887323945
0 0.7022447183098591 0.5583920187793427 0.04621478873239437 0.08626760563380281
0 0.07306338028169014 0.301056338028169 0.05985915492957746 0.09272300469483569
0 0.02596830985915493 0.3937793427230047 0.04753521126760563 0.0903755868544601
0 0.15316901408450703 0.29518779342723006 0.04841549295774648 0.06924882629107981
0 0.25110035211267606 0.4078638497652582 0.04621478873239437 0.09389671361502347
0 0.1287411971830986 0.596537558685446 0.055897887323943664 0.08626760563380281
0 0.045994718309859156 0.5774647887323944 0.058538732394366196 0.09507042253521127
0 0.9060299295774648 0.7511737089201878 0.03917253521126761 0.06455399061032864
0 0.8565140845070423 0.744131455399061 0.05017605633802817 0.05985915492957746
0 0.8408890845070423 0.8098591549295775 0.03829225352112676 0.07746478873239436
0 0.8061179577464789 0.7564553990610329 0.0409330985915493 0.06338028169014084
0 0.7453785211267606 0.8189553990610329 0.037411971830985914 0.058098591549295774
0 0.704225352112676 0.8125 0.03345070422535211 0.051056338028169015
0 0.6597711267605634 0.7473591549295775 0.04401408450704225 0.07687793427230047
0 0.6652728873239436 0.8224765258215962 0.0409330985915493 0.06279342723004695
0 0.6161971830985915 0.8215962441314554 0.043133802816901406 0.05868544600938967
0 0.6197183098591549 0.7541079812206573 0.032570422535211266 0.07042253521126761
0 0.5732834507042254 0.8301056338028169 0.035651408450704226 0.056924882629107984
0 0.5231073943661971 0.7379694835680751 0.047975352112676055 0.061619718309859156
0 0.4185739436619718 0.721244131455399 0.043133802816901406 0.06338028169014084
0 0.29995598591549294 0.7180164319248826 0.047975352112676055 0.07570422535211267
0 0.24845950704225353 0.7074530516431925 0.0488556338028169 0.06748826291079812
0 0.18816021126760563 0.721830985915493 0.047975352112676055 0.08333333333333333
0 0.19806338028169015 0.7937206572769953 0.05193661971830986 0.06748826291079812
0 0.14326584507042253 0.789906103286385 0.04973591549295775 0.09389671361502347
0 0.02948943661971831 0.7133215962441315 0.058098591549295774 0.08509389671361503
0 0.040272887323943664 0.7863849765258216 0.0488556338028169 0.06924882629107981
0 0.492737676056338 0.37529342723004694 0.058538732394366196 0.08274647887323944
0 0.7376760563380281 0.6126760563380281 0.03609154929577465 0.07511737089201878
