0 0.2790492957746479 0.7693661971830986 0.3524299959085499 0.8739616395556438
0 0.7627640845070423 0.585093896713615 0.8077628679205514 0.6686707195441821
0 0.8816021126760564 0.596830985915493 0.92566830892928 0.6733586672617867
0 0.14040492957746478 0.48884976525821594 0.1830367936049395 0.5531168722034869
0 0.08054577464788733 0.4841549295774648 0.13288708372594724 0.5542933363089334
0 0.27684859154929575 0.3174882629107981 0.3194204011480857 0.39711415008045137
0 0.644806338028169 0.306924882629108 0.6810542225624876 0.36895133516277634
0 0.6980633802816901 0.31396713615023475 0.736048387596707 0.3800974371266724
0 0.6109154929577465 0.004107981220657277 0.6691853364907756 0.09800228404857941
0 0.3248239436619718 0.32335680751173707 0.3730964683346558 0.36835483755427717
0 0.6179577464788732 0.5686619718309859 0.6511364622594723 0.6545958556503338
0 0.38952464788732394 0.3626760563380282 0.4355679909120214 0.43112519010778283
0 0.684419014084507 0.00528169014084507 0.7386952381099979 0.09506732295179529
0 0.3340669014084507 0.5117370892018779 0.3871769071736758 0.5607325486565716
0 0.5647007042253521 0.7247652582159625 0.6106669451125769 0.788893917101986
0 0.1368838028169014 0.5674882629107981 0.18303834339664748 0.6276012392823294
0 0.6632922535211268 0.5733568075117371 0.7083348185503868 0.644616574643479
0 0.3336267605633803 0.579225352112676 0.3766137206159492 0.6281812057792766
0 0.22799295774647887 0.5733568075117371 0.2714665523953581 0.6528325370847935
0 0.4432218309859155 0.375 0.4866006946166435 0.4369865023474178
0 0.08538732394366197 0.40023474178403756 0.12936382600178536 0.43579798430646477
0 0.37588028169014087 0.017605633802816902 0.41488737663658004 0.09212581829002182
0 0.11487676056338028 0.01643192488262911 0.1606008464962309 0.08508425356520972
0 0.9427816901408451 0.6120892018779343 0.977137860171593 0.6768708396702594
0 0.3886443661971831 0.5821596244131455 0.43116696990924425 0.6299400471687716
0 0.02112676056338028 0.39906103286384975 0.0638111237849633 0.43345125526240386
0 0.14172535211267606 0.3550469483568075 0.17907494482741518 0.40413436211950887
0 0.5070422535211268 0.5803990610328639 0.5486324637968657 0.6469598597059666
0 0.2522007042253521 0.15610328638497653 0.28289955954919654 0.19533092530141727
0 0.5387323943661971 0.3673708920187793 0.5860304875024797 0.44990177764552886
0 0.45598591549295775 0.5046948356807511 0.4971584569033922 0.5648446626551169
0 0.07878521126760564 0.176056338028169 0.1240850417203928 0.2270093566091384
0 0.7231514084507042 0.15492957746478872 0.7681676270209283 0.20941612113998545
0 0.8921654929577465 0.03697183098591549 0.934026335610494 0.11441492263439794
0 0.8274647887323944 0.5980046948356808 0.876396362328903 0.6686631427847208
0 0.8257042253521126 0.02699530516431925 0.8750767146895457 0.11852875862372986
0 0.7433978873239436 0.3174882629107981 0.7826833636059314 0.3795085162776345
0 0.9533450704225352 0.16314553990610328 0.9929782812190042 0.22290895214794243
0 0.9159330985915493 0.767018779342723 0.9586637618404086 0.8587048011858317
0 0.7838908450704225 0.8057511737089202 0.8324014564942472 0.9026961554144901
0 0.2975352112676056 0.9219483568075117 0.3396577749950407 0.999
0 0.3538732394366197 0.9272300469483568 0.3955308656516564 0.9941741607705702
0 0.0488556338028169 0.7734741784037559 0.10869328537244595 0.8545930315854438
0 0.18045774647887325 0.9219483568075117 0.22879381261158502 0.999
0 0.17473591549295775 0.7752347417840375 0.22879633102311048 0.8721976321937887
0 0.9586267605633803 0.7816901408450704 0.999 0.8522407921708656
0 0.22535211267605634 0.9242957746478874 0.2763092640349137 0.999
0 0.125 0.7464788732394366 0.16675836267605634 0.8463929114593665
0 0.05941901408450704 0.004694835680751174 0.11485060782830789 0.08567799598845027
0 0.17253521126760563 0.0029342723004694834 0.2151529334457449 0.08450532026273445
0 0.21654929577464788 0.007629107981220657 0.24990468780995836 0.08274200169719412
0 0.2605633802816901 0.004694835680751174 0.3110648928783971 0.08743855936873196
0 0.31690140845070425 0.0005868544600938967 0.36649784268994245 0.09624378705724172
0 0.41725352112676056 0.005868544600938967 0.4632846595417576 0.0874378705724173
0 0.4735915492957746 0.0017605633802816902 0.5310415530152747 0.09330882596045757
0 0.5391725352112676 0.007629107981220657 0.595273251524995 0.09917392657982323
0 0.7411971830985915 0.02112676056338028 0.7778427829299742 0.1126636580043642
0 0.7838908450704225 0.02112676056338028 0.8218380762125571 0.10972938570389472
0 0.9361795774647887 0.03169014084507042 0.9890245688479469 0.1202865668187529
0 0.0030809859154929575 0.14730046948356806 0.04269230590408649 0.1882938377526505
0 0.006602112676056338 0.19248826291079812 0.04269075611237849 0.23345511252176598
0 0.10695422535211267 0.15492957746478872 0.1451994039501091 0.19122363287707467
0 0.19718309859154928 0.1596244131455399 0.24463152152350726 0.191220877691816
0 0.19278169014084506 0.19248826291079812 0.243313036227931 0.23169454914148427
0 0.14524647887323944 0.14906103286384975 0.19359804292303115 0.19240078577883576
0 0.136443661971831 0.198943661971831 0.1698343117684983 0.2299301973814719
0 0.31117957746478875 0.19718309859154928 0.3651799385662567 0.23756033855716457
0 0.24691901408450703 0.1954225352112676 0.2837821659268994 0.2316928271506976
0 0.28653169014084506 0.1596244131455399 0.3370217730237056 0.19532885891247329
0 0.3380281690140845 0.15669014084507044 0.3730906566157508 0.20002541658401113
0 0.28741197183098594 0.20011737089201878 0.31677490670253916 0.22992950858515726
0 0.3789612676056338 0.14906103286384975 0.43293179521672287 0.19533505807930523
0 0.4339788732394366 0.15199530516431925 0.4914463121156516 0.1953333360885186
0 0.491637323943662 0.15669014084507044 0.5424772723046023 0.19885170766382332
0 0.545774647887324 0.1613849765258216 0.6045133034120214 0.20295693369922194
0 0.37455985915492956 0.20305164319248825 0.4338140141464987 0.23638318565540345
0 0.4339788732394366 0.20187793427230047 0.4870449036649474 0.23344960215124863
0 0.491637323943662 0.20481220657276994 0.5433575539947431 0.24987980504309107
0 0.545774647887324 0.21244131455399062 0.5996717541162467 0.2469410555665763
0 0.6113556338028169 0.21244131455399062 0.6617027484006149 0.2469410555665763
0 0.6668133802816901 0.2136150234741784 0.7158156631248761 0.24987463907073112
0 0.7240316901408451 0.21830985915492956 0.7712482254884944 0.25397986510612974
0 0.6113556338028169 0.16842723004694835 0.658621762485122 0.20471336430161563
0 0.6610915492957746 0.1613849765258216 0.7149378998462607 0.2076517693799731
0 0.7759683098591549 0.17488262910798122 0.8231619857791114 0.21057812052282396
0 0.7759683098591549 0.2153755868544601 0.8310845209903789 0.26161069507813706
0 0.8450704225352113 0.17488262910798122 0.907638613370363 0.2199677918843263
0 0.8472711267605634 0.22124413145539906 0.8931129968632217 0.26160725109656374
0 0.9014084507042254 0.18192488262910797 0.9494271969847252 0.22994018492803456
0 0.9014084507042254 0.21830985915492956 0.9485469152945843 0.26160897308735037
0 0.032570422535211266 0.2963615023474178 0.07877087569430669 0.3384411024047257
0 0.014524647887323943 0.34917840375586856 0.06733515640497917 0.3912270079790165
0 0.0044014084507042256 0.301056338028169 0.024645950084308667 0.3355040749189976
0 0.08318661971830986 0.3057511737089202 0.13728732983287045 0.3507595356961802
0 0.19278169014084506 0.30985915492957744 0.24991514890398733 0.3507571249090789
0 0.08450704225352113 0.352112676056338 0.13068463598492364 0.3970938305891688
0 0.1430457746478873 0.3057511737089202 0.17775394112031342 0.34430413663514736
0 0.13732394366197184 0.39906103286384975 0.1790768820670502 0.4346249641825916
0 0.1813380281690141 0.39436619718309857 0.21382863643126362 0.43638828274813196
0 0.22315140845070422 0.39906103286384975 0.26134544392233683 0.44812261676475124
0 0.261443661971831 0.4078638497652582 0.3145856321910335 0.4481174507923913
0 0.3248239436619718 0.4078638497652582 0.3744168908698671 0.449878014172673
0 0.1914612676056338 0.3538732394366197 0.23671150472376512 0.38652941711300665
0 0.23987676056338028 0.352112676056338 0.27278174438355485 0.38066190570653974
0 0.2671654929577465 0.2711267605633803 0.3189845222302123 0.31439487866164123
0 0.3257042253521127 0.3732394366197183 0.375296785112081 0.4105790848376645
0 0.3956866197183099 0.3086854460093897 0.4386462646920254 0.36132119398708373
0 0.4432218309859155 0.2992957746478873 0.4905619622222773 0.32670229121206107
0 0.48723591549295775 0.3703051643192488 0.541158787009026 0.4440315110538033
0 0.4432218309859155 0.32981220657276994 0.4430267509546717 0.3296186548083493
0 0.44454225352112675 0.32981220657276994 0.48704025428982345 0.36717734025435866
0 0.5356514084507042 0.301056338028169 0.583831139344872 0.37012848806453746
0 0.5919894366197183 0.3057511737089202 0.6370633849310653 0.37599427748021774
0 0.596830985915493 0.38967136150234744 0.6436633666435232 0.4363910379333906
0 0.6509683098591549 0.3855633802816901 0.7056993977509423 0.4299380496594591
0 0.7117077464788732 0.38673708920187794 0.7576092835622893 0.43756646884436506
0 0.7649647887323944 0.38967136150234744 0.8143640119767903 0.4363910379333906
0 0.9498239436619719 0.4213615023474178 0.9969410986163459 0.4739311258789041
0 0.7196302816901409 0.5598591549295775 0.753204388080242 0.6375822422799708
0 0.397887323943662 0.4935446009389671 0.44964881719896843 0.55487468039851
0 0.2772887323943662 0.4964788732394366 0.33042372855088276 0.5507649771870661
0 0.4410211267605634 0.596244131455399 0.49056293084209485 0.6334529083735589
0 0.27596830985915494 0.5886150234741784 0.3335052956382662 0.6228940052679142
0 0.22095070422535212 0.4964788732394366 0.27367035620412616 0.5748260100509158
0 0.1857394366197183 0.4859154929577465 0.22527036116345964 0.5595739932553065
0 0.18265845070422534 0.5580985915492958 0.22659213976641537 0.6422781111551942
0 0.05941901408450704 0.5674882629107981 0.11264990360295576 0.6405120374043951
0 0.0044014084507042256 0.4753521126760563 0.03476918952092839 0.5490168121404483
0 0.03125 0.5539906103286385 0.06292638644366197 0.6258485970596663
0 0.22975352112676056 0.7963615023474179 0.2705854958093632 0.8692509615596552
0 0.0528169014084507 0.6830985915492958 0.11573379537790121 0.7701390266481519
0 0.00044014084507042255 0.7617370892018779 0.04357374993800833 0.8528393561683087
0 0.1307218309859155 0.6848591549295775 0.17467837947579845 0.7402084159888911
0 0.1813380281690141 0.6860328638497653 0.24243779136084112 0.7537053797747361
0 0.24119718309859156 0.6907276995305164 0.2987494730708193 0.7654397137913553
0 0.2953345070422535 0.6936619718309859 0.35286296896697084 0.7654379918005686
0 0.5660211267605634 0.8233568075117371 0.6177086174618132 0.8709956826246996
0 0.6179577464788732 0.8262910798122066 0.6687420960622893 0.8709939606339131
0 0.6712147887323944 0.8274647887323944 0.7193348526458044 0.8768618164385373
0 0.7253521126760564 0.8321596244131455 0.7747687710771672 0.8721642255725275
0 0.7275528169014085 0.7523474178403756 0.7778487883728427 0.8047228008111266
0 0.6698943661971831 0.7482394366197183 0.7193354338176948 0.7959223946968194
0 0.6113556338028169 0.7282863849765259 0.6573013399499108 0.7865444328726663
0 0.46258802816901406 0.7494131455399061 0.5152013256918271 0.8123536307831339
0 0.8393485915492958 0.8233568075117371 0.885193948683297 0.8991646967092067
0 0.6870598591549296 0.9330985915492958 0.7452961884422733 0.999
0 0.8855633802816901 0.38967136150234744 0.9393109316107915 0.4451938548347991
0 0.4027288732394366 0.7975352112676056 0.5323931651086093 0.8903770333267209
