0 0.41901408450704225 0.5293427230046949 0.49673458887125566 0.723867756617955
0 0.3983274647887324 0.01995305164319249 0.5161098910806388 0.20303993365513898
0 0.5272887323943662 0.028755868544600938 0.6366517215086293 0.21066387566399966
0 0.3415492957746479 0.5322769953051644 0.41358206457052177 0.7320819970684829
0 0.6351232394366197 0.5522300469483568 0.70746693519391 0.7596524471555467
0 0.5470950704225352 0.5363849765258216 0.6238789194232295 0.7473378022438228
0 0.2068661971830986 0.5387323943661971 0.2741166962160286 0.7338387720690339
0 0.21522887323943662 0.06924882629107981 0.2824756915170601 0.20653213097048645
0 0.41813380281690143 0.27230046948356806 0.48969272279805587 0.4898636734334017
0 0.2367957746478873 0.27230046948356806 0.3159169032682007 0.48282141991227495
0 0.7240316901408451 0.5563380281690141 0.7879735776011704 0.7420444025656285
0 0.34242957746478875 0.2676056338028169 0.414902099657806 0.4845847384778152
0 0.15184859154929578 0.06748826291079812 0.21428175678188852 0.20829372754524014
0 0.10783450704225352 0.54518779342723 0.1839314108683793 0.747332636271463
0 0.15933098591549297 0.2793427230046948 0.2336446606576076 0.4845778505146686
0 0.4903169014084507 0.27875586854460094 0.5534813746032533 0.49455472073442214
0 0.2948943661971831 0.06631455399061033 0.3599054162120611 0.20418643512089754
0 0.9313380281690141 0.5463615023474179 0.9740619110791509 0.6170502573343031
0 0.6932218309859155 0.09096244131455399 0.7628991101096012 0.20769309715885295
0 0.025088028169014086 0.2764084507042254 0.07921430984675659 0.48164530020498575
0 0.0048415492957746475 0.5422535211267606 0.052374629599781786 0.7332498512199961
0 0.08230633802816902 0.2705399061032864 0.1592947595343186 0.4804750352663713
0 0.7433978873239436 0.2699530516431925 0.7879650537467765 0.4881044876457493
0 0.7671654929577465 0.09976525821596244 0.8310883954696489 0.20768793118649298
0 0.5572183098591549 0.27582159624413144 0.6278357313777029 0.49573015164539663
0 0.804137323943662 0.6467136150234741 0.8689242353327713 0.7531415999911835
0 0.6927816901408451 0.272887323943662 0.7400119798899027 0.4963187280962772
0 0.6399647887323944 0.26936619718309857 0.6854577619767903 0.48693112312371883
0 0.7935739436619719 0.26936619718309857 0.8733302931585994 0.49866821232559677
0 0.90625 0.6543427230046949 0.9595483054577465 0.7566582495757015
0 0.9242957746478874 0.2828638497652582 0.9894699402400318 0.49572601886750867
0 0.8433098591549296 0.09154929577464789 0.8935548812239635 0.22119040534285525
0 0.9049295774647887 0.09741784037558686 0.9626298725451299 0.2047550364786528
0 0.8842429577464789 0.539906103286385 0.9256671465854989 0.6129460644933766
0 0.2227112676056338 0.8116197183098591 0.29127521511108906 0.999
0 0.4766725352112676 0.8092723004694836 0.5446845631447134 0.999
0 0.144806338028169 0.8110328638497653 0.20944330706952985 0.9895475159249708
0 0.7997359154929577 0.82981220657277 0.8500001162343781 0.9243956501135137
0 0.7178697183098591 0.8133802816901409 0.7892967122718707 0.999
0 0.34066901408450706 0.8163145539906104 0.4038993534268994 0.9848495806608036
0 0.032570422535211266 0.7975352112676056 0.08449270668022218 0.9531704605567678
0 0.9247359154929577 0.8656103286384976 0.9635014366569133 0.9601727638916441
0 0.5572183098591549 0.8251173708920188 0.6199131961664353 0.9555016916837488
0 0.8697183098591549 0.8679577464788732 0.9177510042650268 0.9572371139985453
0 0.6272007042253521 0.8157276995305164 0.6960267602534219 0.999
0 0.4137323943661972 0.8110328638497653 0.47032846285459234 0.9872000980845952
0 0.08538732394366197 0.8034037558685446 0.1381666429031938 0.9936599743216733
0 0.9661091549295775 0.8726525821596244 0.999 0.9595817766536622
0 0.965669014084507 0.09741784037558686 0.999 0.21825268906081244
0 0.8384683098591549 0.0035211267605633804 0.8948774347227733 0.08509183032467102
0 0.7715669014084507 0.008802816901408451 0.8381287117511407 0.08802300304172453
0 0.6808978873239436 0.004694835680751174 0.747059463958044 0.08802541382882585
0 0.00044014084507042255 0.01995305164319249 0.06382022881124777 0.22005871299786198
0 0.8763204225352113 0.272887323943662 0.9199488026309264 0.49573187363618326
0 0.9652288732394366 0.6514084507042254 0.999 0.7590073894068637
0 0.0664612676056338 0.5393192488262911 0.10252356458292006 0.7420543901121911
