0 0.5869278169014085 0.4225352112676056 0.09375 0.40492957746478875
0 0.3600352112676056 0.42634976525821594 0.05721830985915493 0.3386150234741784
0 0.42495598591549294 0.4272300469483568 0.07262323943661972 0.34507042253521125
0 0.7046654929577465 0.42077464788732394 0.061619718309859156 0.3568075117370892
0 0.13160211267605634 0.15492957746478872 0.028169014084507043 0.1795774647887324
0 0.30369718309859156 0.42488262910798125 0.05369718309859155 0.3075117370892019
0 0.1056338028169014 0.1710680751173709 0.01936619718309859 0.17312206572769953
0 0.49867957746478875 0.4193075117370892 0.058098591549295774 0.38086854460093894
0 0.1641725352112676 0.13879107981220656 0.029049295774647887 0.17546948356807512
0 0.050616197183098594 0.6578638497652582 0.03873239436619718 0.1443661971830986
0 0.20290492957746478 0.0892018779342723 0.03961267605633803 0.14084507042253522
0 0.047975352112676055 0.19718309859154928 0.01584507042253521 0.13028169014084506
0 0.3241637323943662 0.1056338028169014 0.03917253521126761 0.0892018779342723
0 0.08472711267605634 0.43779342723004694 0.035651408450704226 0.18779342723004694
0 0.7992957746478874 0.3908450704225352 0.136443661971831 0.5129107981220657
0 0.9623679577464789 0.38791079812206575 0.07262323943661972 0.5269953051643192
0 0.8967869718309859 0.40316901408450706 0.061179577464788734 0.5258215962441315
0 0.1542693661971831 0.9069835680751174 0.04533450704225352 0.18603286384976525
0 0.10695422535211267 0.8518192488262911 0.04753521126760563 0.17077464788732394
0 0.06404049295774648 0.198943661971831 0.012764084507042254 0.13849765258215962
0 0.07724471830985916 0.18456572769953053 0.015404929577464789 0.1437793427230047
0 0.09088908450704225 0.1851525821596244 0.013644366197183098 0.13908450704225353
0 0.02068661971830986 0.2282863849765258 0.023767605633802816 0.10328638497652583
0 0.12477992957746478 0.4363262910798122 0.03829225352112676 0.18485915492957747
0 0.16065140845070422 0.44014084507042256 0.03345070422535211 0.19014084507042253
0 0.040713028169014086 0.448943661971831 0.04621478873239437 0.19953051643192488
0 0.016065140845070422 0.6784037558685446 0.030369718309859156 0.18661971830985916
0 0.3956866197183099 0.07130281690140845 0.061619718309859156 0.125
0 0.2832306338028169 0.10856807511737089 0.03829225352112676 0.15258215962441316
0 0.45224471830985913 0.7769953051643192 0.047975352112676055 0.176056338028169
0 0.40757042253521125 0.7855046948356808 0.04225352112676056 0.18251173708920188
0 0.3611355633802817 0.7649647887323944 0.0409330985915493 0.17781690140845072
0 0.5407130281690141 0.7825704225352113 0.09286971830985916 0.11913145539906103
0 0.1287411971830986 0.7021713615023474 0.04005281690140845 0.08392018779342723
0 0.09375 0.7001173708920188 0.035211267605633804 0.09272300469483569
