0 0.6544894366197183 0.4988262910798122 0.7545534817620512 0.957453740439507
0 0.5492957746478874 0.5205399061032864 0.6494061198174965 0.979741467191254
0 0.7768485915492958 0.4794600938967136 0.8786193448100575 0.9709627581608588
0 0.4705105633802817 0.5311032863849765 0.5534900921816108 0.9392423102779431
0 0.3182218309859155 0.539906103286385 0.4069902192645309 0.9603639048689635
0 0.40580985915492956 0.5293427230046949 0.4742932174915691 0.928679963190725
0 0.3886443661971831 0.09859154929577464 0.4500930262472724 0.34207829134431
0 0.5726232394366197 0.008802816901408451 0.672283176391093 0.289900937314025
0 0.2869718309859155 0.12089201877934272 0.35110608634199564 0.3514548755758337
0 0.2548415492957746 0.5575117370892019 0.3238314957969649 0.9562455917035861
0 0.6808978873239436 0.0005868544600938967 0.7629045343805793 0.27523439738588024
0 0.8851232394366197 0.5023474178403756 0.9555963366023605 0.9234141153651172
0 0.05237676056338028 0.573943661971831 0.12673751022862526 0.9175035541889838
0 0.1914612676056338 0.5674882629107981 0.2591586878223567 0.9486106289536909
0 0.09242957746478873 0.056924882629107984 0.16941354331977784 0.3960933539421191
0 0.1329225352112676 0.5674882629107981 0.18392036860245983 0.9004885632259914
0 0.04621478873239437 0.07511737089201878 0.09505008151904384 0.4078197668011197
0 0.17297535211267606 0.0710093896713615 0.2402407678907955 0.3902165437854041
0 0.5088028169014085 0.0005868544600938967 0.5719591536897441 0.3174879185126408
0 0.7627640845070423 0.0005868544600938967 0.861460051019143 0.24471796546099758
0 0.4590669014084507 0.09389671361502347 0.5068401994271969 0.3385599197690053
0 0.0030809859154929575 0.0886150234741784 0.04225216505901607 0.42424377052613016
0 0.3529929577464789 0.10856807511737089 0.38628829535310455 0.34383299995591704
0 0.8697183098591549 0.002347417840375587 0.9608848070819281 0.24706435010690117
0 0.0048415492957746475 0.5757042253521126 0.051934488754711364 0.9263053378959201
