0 0.3890845070422535 0.6602112676056338 0.6353921282979568 0.7202698290683065
0 0.3807218309859155 0.5692488262910798 0.6067866541236857 0.6182105347263549
0 0.3890845070422535 0.7517605633802817 0.6463956494247173 0.7976808916881571
0 0.12632042253521128 0.6719483568075117 0.2926380631943067 0.7390422838281646
0 0.08098591549295775 0.8392018779342723 0.3569185801428288 0.9067845059401793
0 0.08230633802816902 0.7505868544600939 0.3287489848864313 0.8111792330666313
0 0.4005281690140845 0.8028169014084507 0.679401175981948 0.8586837928982345
0 0.40360915492957744 0.8679577464788732 0.6921639044212458 0.9079413393506579
0 0.8701584507042254 0.585093896713615 0.999 0.8711355082765765
0 0.8371478873239436 0.5721830985915493 0.8684695651904384 0.8635139770548172
0 0.8147007042253521 0.5674882629107981 0.8367893042675065 0.851192788578104
0 0.7878521126760564 0.5721830985915493 0.8134736566405475 0.8335843995900285
0 0.772887323943662 0.5686619718309859 0.7875119333961516 0.8153939777160616
0 0.7539612676056338 0.5616197183098591 0.7716751931040468 0.8153981104939496
0 0.7345950704225352 0.5551643192488263 0.7487963930147788 0.8077727908924596
0 0.5180457746478874 0.18838028169014084 0.6903529728104543 0.49049977682999407
0 0.6919014084507042 0.19248826291079812 0.849607437760365 0.5010607463245829
0 0.8631161971830986 0.2106807511737089 0.9969792622371554 0.49928950660142385
0 0.00044014084507042255 0.5839201877934272 0.057658256980261856 0.769610375476647
0 0.008802816901408451 0.12030516431924883 0.12059471707002578 0.4682392575326765
0 0.1329225352112676 0.1643192488262911 0.3238851573348542 0.47995051687275453
0 0.33274647887323944 0.18955399061032863 0.5020542489089466 0.4816962711322709
0 0.14084507042253522 0.0005868544600938967 0.32696265621900417 0.14436585278494127
0 0.33274647887323944 0.04225352112676056 0.46244157285260856 0.10091417046882233
0 0.34066901408450706 0.10387323943661972 0.45803667737056136 0.15662918237122264
0 0.5404929577464789 0.06338028169014084 0.6643747830291609 0.12672336837928982
0 0.5360915492957746 0.13262910798122066 0.6678978470293592 0.1865418843263021
0 0.0035211267605633804 0.005868544600938967 0.13204070372941876 0.10563035883532809
0 0.7007042253521126 0.5645539906103286 0.7342866618726442 0.786640519958562
