0 0.5600792253521126 0.8562206572769953 0.04357394366197183 0.04812206572769953
0 0.5644806338028169 0.38438967136150237 0.05677816901408451 0.10915492957746478
0 0.32548415492957744 0.3767605633802817 0.05765845070422535 0.15258215962441316
0 0.38534330985915494 0.36971830985915494 0.05941901408450704 0.1467136150234742
0 0.6709947183098591 0.3870305164319249 0.0488556338028169 0.11091549295774648
0 0.7178697183098591 0.27992957746478875 0.043133802816901406 0.107981220657277
0 0.08538732394366197 0.40375586854460094 0.040492957746478875 0.10211267605633803
0 0.8945862676056338 0.27142018779342725 0.055897887323943664 0.10504694835680752
0 0.8710387323943662 0.7420774647887324 0.10915492957746478 0.07687793427230047
0 0.13512323943661972 0.397593896713615 0.04929577464788732 0.10269953051643192
0 0.6670334507042254 0.2869718309859155 0.0488556338028169 0.09741784037558686
0 0.09617077464788733 0.5713028169014085 0.04005281690140845 0.0721830985915493
0 0.14414612676056338 0.5757042253521126 0.037411971830985914 0.07042253521126761
0 0.4566461267605634 0.2819835680751174 0.05941901408450704 0.10035211267605634
0 0.40713028169014087 0.5214201877934272 0.03961267605633803 0.04870892018779343
0 0.17077464788732394 0.733274647887324 0.0818661971830986 0.04401408450704225
0 0.7665052816901409 0.5636737089201878 0.04181338028169014 0.03931924882629108
0 0.7158890845070423 0.5595657276995305 0.04357394366197183 0.040492957746478875
0 0.17033450704225353 0.6781103286384976 0.08362676056338028 0.04518779342723005
0 0.037852112676056336 0.4028755868544601 0.04401408450704225 0.10856807511737089
0 0.4564260563380282 0.8054577464788732 0.045774647887323945 0.041666666666666664
0 0.4529049295774648 0.3902582159624413 0.0528169014084507 0.107981220657277
0 0.7632042253521126 0.2852112676056338 0.03345070422535211 0.08098591549295775
0 0.5116637323943662 0.3893779342723005 0.053257042253521125 0.1073943661971831
0 0.1795774647887324 0.3967136150234742 0.03609154929577465 0.10211267605633803
0 0.765625 0.6161971830985915 0.04445422535211268 0.05046948356807512
0 0.512544014084507 0.2772887323943662 0.053257042253521125 0.09917840375586855
0 0.6685739436619719 0.7464788732394366 0.04401408450704225 0.04460093896713615
0 0.6610915492957746 0.6156103286384976 0.03873239436619718 0.051643192488262914
0 0.7180897887323944 0.6117957746478874 0.0409330985915493 0.051056338028169015
0 0.6133362676056338 0.6173708920187794 0.04181338028169014 0.05046948356807512
0 0.8785211267605634 0.607981220657277 0.05017605633802817 0.04812206572769953
0 0.6186179577464789 0.3908450704225352 0.04621478873239437 0.10093896713615023
0 0.9513644366197183 0.3744131455399061 0.05149647887323944 0.09976525821596244
0 0.952024647887324 0.26115023474178406 0.04929577464788732 0.07746478873239436
0 0.9669894366197183 0.7429577464788732 0.05985915492957746 0.08215962441314555
0 0.8204225352112676 0.5572183098591549 0.04225352112676056 0.05457746478873239
0 0.8884242957746479 0.3761737089201878 0.06205985915492958 0.1068075117370892
0 0.835387323943662 0.27230046948356806 0.051056338028169015 0.07863849765258216
0 0.7788292253521126 0.3814553990610329 0.04621478873239437 0.09976525821596244
0 0.8692781690140845 0.8309859154929577 0.10387323943661972 0.07746478873239436
0 0.17055457746478872 0.8814553990610329 0.08054577464788733 0.051643192488262914
0 0.05765845070422535 0.8389084507042254 0.0977112676056338 0.05575117370892019
0 0.0565580985915493 0.9040492957746479 0.09551056338028169 0.04753521126760563
0 0.5200264084507042 0.9627347417840375 0.042693661971830985 0.0698356807511737
0 0.44872359154929575 0.9565727699530516 0.04709507042253521 0.06572769953051644
0 0.4566461267605634 0.858274647887324 0.04357394366197183 0.04518779342723005
0 0.3851232394366197 0.9592136150234741 0.04841549295774648 0.061619718309859156
0 0.5123239436619719 0.8092723004694836 0.04401408450704225 0.04460093896713615
0 0.21919014084507044 0.3940727699530516 0.03873239436619718 0.11326291079812206
0 0.2852112676056338 0.3911384976525822 0.028169014084507043 0.11561032863849766
0 0.5677816901408451 0.28080985915492956 0.05193661971830986 0.10152582159624413
0 0.6076144366197183 0.18661971830985916 0.050616197183098594 0.09507042253521127
0 0.6170774647887324 0.284037558685446 0.0448943661971831 0.1056338028169014
0 0.663512323943662 0.18045774647887325 0.05765845070422535 0.09917840375586855
0 0.7141285211267606 0.17781690140845072 0.047975352112676055 0.1056338028169014
0 0.7213908450704225 0.38673708920187794 0.05545774647887324 0.1068075117370892
0 0.8298855633802817 0.38497652582159625 0.055897887323943664 0.1056338028169014
0 0.7601232394366197 0.20129107981220656 0.043133802816901406 0.08333333333333333
0 0.878080985915493 0.5052816901408451 0.04225352112676056 0.04460093896713615
0 0.8334066901408451 0.5096830985915493 0.037411971830985914 0.040492957746478875
0 0.748899647887324 0.5152582159624414 0.03829225352112676 0.03873239436619718
0 0.7092869718309859 0.5181924882629108 0.03301056338028169 0.04460093896713615
0 0.876100352112676 0.5580985915492958 0.047975352112676055 0.05046948356807512
0 0.8290052816901409 0.6097417840375586 0.04181338028169014 0.04460093896713615
0 0.6117957746478874 0.5613262910798122 0.037852112676056336 0.04988262910798122
0 0.6641725352112676 0.5633802816901409 0.04665492957746479 0.0539906103286385
0 0.9537852112676056 0.556924882629108 0.03873239436619718 0.05046948356807512
0 0.9491637323943662 0.6150234741784038 0.03917253521126761 0.045774647887323945
0 0.5591989436619719 0.562793427230047 0.03829225352112676 0.04460093896713615
0 0.5180457746478874 0.5686619718309859 0.045774647887323945 0.05046948356807512
0 0.5176056338028169 0.6100352112676056 0.04401408450704225 0.041666666666666664
0 0.45202464788732394 0.5269953051643192 0.0448943661971831 0.04812206572769953
0 0.4069102112676056 0.5745305164319249 0.042693661971830985 0.04460093896713615
0 0.45224471830985913 0.5660211267605634 0.04005281690140845 0.04518779342723005
0 0.4476232394366197 0.6208920187793427 0.04401408450704225 0.045774647887323945
0 0.40008802816901406 0.6214788732394366 0.04137323943661972 0.04460093896713615
0 0.352112676056338 0.6156103286384976 0.03697183098591549 0.04342723004694836
0 0.352112676056338 0.5334507042253521 0.03697183098591549 0.04812206572769953
0 0.18772007042253522 0.5751173708920188 0.03125 0.06338028169014084
0 0.037852112676056336 0.5751173708920188 0.05193661971830986 0.06690140845070422
0 0.05743838028169014 0.6889671361502347 0.09110915492957747 0.046948356807511735
0 0.0605193661971831 0.7426643192488263 0.10959507042253522 0.04753521126760563
0 0.30633802816901406 0.7564553990610329 0.03697183098591549 0.04812206572769953
0 0.35409330985915494 0.7505868544600939 0.042693661971830985 0.046948356807511735
0 0.3125 0.8034037558685446 0.037852112676056336 0.04342723004694836
0 0.3560739436619718 0.8039906103286385 0.043133802816901406 0.04929577464788732
0 0.3543133802816901 0.8471244131455399 0.043133802816901406 0.041666666666666664
0 0.40757042253521125 0.7992957746478874 0.04225352112676056 0.04812206572769953
0 0.410431338028169 0.85768779342723 0.04973591549295775 0.052230046948356805
0 0.5140845070422535 0.8603286384976526 0.045774647887323945 0.046948356807511735
0 0.5085827464788732 0.7602699530516432 0.0409330985915493 0.04518779342723005
0 0.5591989436619719 0.8078051643192489 0.04621478873239437 0.04401408450704225
0 0.5589788732394366 0.7602699530516432 0.04225352112676056 0.04870892018779343
0 0.5587588028169014 0.704225352112676 0.0409330985915493 0.05046948356807512
0 0.5121038732394366 0.704225352112676 0.04005281690140845 0.03990610328638498
0 0.6043133802816901 0.7015845070422535 0.035211267605633804 0.04870892018779343
0 0.6476672535211268 0.7021713615023474 0.03917253521126761 0.041666666666666664
0 0.6214788732394366 0.7470657276995305 0.045774647887323945 0.045774647887323945
0 0.714568661971831 0.7458920187793427 0.04005281690140845 0.04812206572769953
0 0.7658450704225352 0.7473591549295775 0.04665492957746479 0.04870892018779343
0 0.6245598591549296 0.8034037558685446 0.04225352112676056 0.05046948356807512
0 0.6672535211267606 0.801349765258216 0.04665492957746479 0.056924882629107984
0 0.7231514084507042 0.7987089201877934 0.04401408450704225 0.04929577464788732
0 0.7750880281690141 0.7975352112676056 0.045774647887323945 0.04225352112676056
0 0.7722271126760564 0.8444835680751174 0.05149647887323944 0.04460093896713615
0 0.731294014084507 0.8535798122065728 0.0488556338028169 0.04284037558685446
0 0.6720950704225352 0.8550469483568075 0.04137323943661972 0.04460093896713615
0 0.6232394366197183 0.8518192488262911 0.043133802816901406 0.04284037558685446
0 0.9665492957746479 0.82981220657277 0.0625 0.08333333333333333
0 0.6430457746478874 0.9495305164319249 0.045774647887323945 0.05868544600938967
0 0.32900528169014087 0.9703638497652582 0.04005281690140845 0.0534037558685446
