0 0.8598151408450704 0.4727112676056338 0.06294014084507042 0.38086854460093894
0 0.30303697183098594 0.5023474178403756 0.053257042253521125 0.289906103286385
0 0.24713908450704225 0.5020539906103286 0.05149647887323944 0.2904929577464789
0 0.42451584507042256 0.49559859154929575 0.053257042253521125 0.3245305164319249
0 0.7277728873239436 0.48034037558685444 0.05501760563380282 0.3703051643192488
0 0.16857394366197184 0.5217136150234741 0.03345070422535211 0.2676056338028169
0 0.10145246478873239 0.5208333333333334 0.03653169014084507 0.23767605633802816
0 0.4841549295774648 0.4841549295774648 0.05897887323943662 0.3392018779342723
0 0.18243838028169015 0.20862676056338028 0.05149647887323944 0.20481220657276994
0 0.5501760563380281 0.494424882629108 0.05369718309859155 0.2857981220657277
0 0.3534330985915493 0.15375586854460094 0.05193661971830986 0.23826291079812206
0 0.26694542253521125 0.1942488262910798 0.04533450704225352 0.1807511737089202
0 0.1269806338028169 0.23327464788732394 0.04533450704225352 0.1766431924882629
0 0.4647887323943662 0.12705399061032863 0.051056338028169015 0.2529342723004695
0 0.0332306338028169 0.25704225352112675 0.04709507042253521 0.17253521126760563
0 0.20400528169014084 0.5038145539906104 0.030369718309859156 0.2975352112676056
0 0.30985915492957744 0.17869718309859156 0.03961267605633803 0.18955399061032863
0 0.22777288732394366 0.19336854460093897 0.03477112676056338 0.2153755868544601
0 0.5204665492957746 0.1238262910798122 0.05501760563380282 0.24647887323943662
0 0.5867077464788732 0.11942488262910798 0.05721830985915493 0.21889671361502347
0 0.40625 0.14407276995305165 0.04401408450704225 0.22946009389671362
0 0.3734595070422535 0.5052816901408451 0.04621478873239437 0.27699530516431925
0 0.6538292253521126 0.1141431924882629 0.05149647887323944 0.22124413145539906
0 0.7326144366197183 0.10328638497652583 0.05413732394366197 0.1960093896713615
0 0.3912852112676056 0.8001760563380281 0.04401408450704225 0.09330985915492958
0 0.06932218309859155 0.5352112676056338 0.02420774647887324 0.2112676056338028
0 0.07878521126760564 0.261443661971831 0.037852112676056336 0.13791079812206572
0 0.43309859154929575 0.7813967136150235 0.037852112676056336 0.09096244131455399
0 0.34749119718309857 0.8166079812206573 0.03653169014084507 0.11091549295774648
0 0.7909330985915493 0.4735915492957746 0.061619718309859156 0.3685446009389671
0 0.9348591549295775 0.471537558685446 0.06602112676056338 0.3914319248826291
0 0.9313380281690141 0.0801056338028169 0.06954225352112677 0.15786384976525822
0 0.8430897887323944 0.08949530516431925 0.05677816901408451 0.17194835680751175
0 0.782350352112676 0.09125586854460094 0.04973591549295775 0.1813380281690141
0 0.8769806338028169 0.9002347417840375 0.06558098591549295 0.21244131455399062
0 0.8012764084507042 0.8884976525821596 0.06205985915492958 0.22183098591549297
0 0.7407570422535211 0.9014084507042254 0.05369718309859155 0.1960093896713615
0 0.4449823943661972 0.9151995305164319 0.043133802816901406 0.1238262910798122
0 0.29159330985915494 0.8221830985915493 0.0761443661971831 0.09976525821596244
0 0.2984154929577465 0.9401408450704225 0.06426056338028169 0.10328638497652583
0 0.39524647887323944 0.9184272300469484 0.043133802816901406 0.107981220657277
0 0.05897887323943662 0.8717723004694836 0.045774647887323945 0.12265258215962441
0 0.22205105633802816 0.8195422535211268 0.0664612676056338 0.12265258215962441
0 0.12213908450704225 0.8729460093896714 0.0664612676056338 0.16607981220657278
0 0.22227112676056338 0.9369131455399061 0.05897887323943662 0.09330985915492958
0 0.948943661971831 0.909330985915493 0.05721830985915493 0.1613849765258216
0 0.1386443661971831 0.5278755868544601 0.028169014084507043 0.24002347417840375
0 0.02464788732394366 0.591255868544601 0.03697183098591549 0.09917840375586855
0 0.056338028169014086 0.48914319248826293 0.022887323943661973 0.09213615023474178
0 0.02948943661971831 0.4865023474178404 0.03345070422535211 0.11032863849765258
0 0.1701144366197183 0.8679577464788732 0.04709507042253521 0.2007042253521127
0 0.46566901408450706 0.7590962441314554 0.027288732394366196 0.08744131455399061
0 0.3536531690140845 0.931924882629108 0.04445422535211268 0.10446009389671361
0 0.4777728873239437 0.9084507042253521 0.032130281690140844 0.1255868544600939
0 0.5409330985915493 0.8908450704225352 0.06866197183098592 0.20187793427230047
0 0.6397447183098591 0.9040492957746479 0.1289612676056338 0.19190140845070422
