0 0.026848591549295774 0.23415492957746478 0.05193661971830986 0.1643192488262911
0 0.36883802816901406 0.14172535211267606 0.10827464788732394 0.12030516431924883
0 0.09815140845070422 0.22593896713615025 0.08362676056338028 0.1807511737089202
0 0.24537852112676056 0.278462441314554 0.19058098591549297 0.09917840375586855
0 0.39590669014084506 0.26936619718309857 0.08582746478873239 0.11150234741784038
0 0.5992517605633803 0.20305164319248825 0.27684859154929575 0.2335680751173709
0 0.058318661971830985 0.5818661971830986 0.11575704225352113 0.27523474178403756
0 0.19850352112676056 0.6161971830985915 0.15580985915492956 0.2147887323943662
0 0.3609154929577465 0.5915492957746479 0.15580985915492956 0.2828638497652582
0 0.5184859154929577 0.5959507042253521 0.1522887323943662 0.27406103286384975
0 0.6720950704225352 0.6144366197183099 0.13380281690140844 0.2312206572769953
0 0.8118397887323944 0.5839201877934272 0.10695422535211267 0.24413145539906103
0 0.9463028169014085 0.5199530516431925 0.08450704225352113 0.17018779342723006
0 0.8334066901408451 0.2737676056338028 0.10959507042253522 0.14730046948356806
0 0.02640845070422535 0.8931924882629108 0.051056338028169015 0.1643192488262911
0 0.0897887323943662 0.8902582159624414 0.06426056338028169 0.15492957746478872
0 0.16637323943661972 0.9066901408450704 0.07746478873239436 0.13732394366197184
0 0.24691901408450703 0.9140258215962441 0.0721830985915493 0.14612676056338028
0 0.3199823943661972 0.9134389671361502 0.06866197183098592 0.17194835680751175
0 0.3970070422535211 0.914906103286385 0.0721830985915493 0.1596244131455399
0 0.4705105633802817 0.8999413145539906 0.06338028169014084 0.159037558685446
0 0.5387323943661971 0.8908450704225352 0.07130281690140845 0.16549295774647887
0 0.6054137323943662 0.8826291079812206 0.050616197183098594 0.15492957746478872
0 0.6679137323943662 0.9175469483568075 0.06734154929577464 0.16490610328638497
0 0.7526408450704225 0.903755868544601 0.06514084507042253 0.13732394366197184
0 0.8254841549295775 0.9017018779342723 0.07086267605633803 0.1414319248826291
0 0.9702904929577465 0.7992957746478874 0.05413732394366197 0.1807511737089202
0 0.9102112676056338 0.7998826291079812 0.0528169014084507 0.18192488262910797
