0 0.17627640845070422 0.840669014084507 0.06205985915492958 0.06748826291079812
0 0.7524207746478874 0.6411384976525821 0.058538732394366196 0.08157276995305164
0 0.2480193661971831 0.38879107981220656 0.06294014084507042 0.14612676056338028
0 0.6927816901408451 0.6446596244131455 0.051056338028169015 0.08039906103286384
0 0.3413292253521127 0.3914319248826291 0.05941901408450704 0.1572769953051643
0 0.1857394366197183 0.40199530516431925 0.06338028169014084 0.13028169014084506
0 0.5779049295774648 0.1795774647887324 0.06514084507042253 0.10915492957746478
0 0.3831426056338028 0.18016431924882628 0.06382042253521127 0.09976525821596244
0 0.2953345070422535 0.6572769953051644 0.058098591549295774 0.09272300469483569
0 0.24955985915492956 0.18603286384976525 0.06073943661971831 0.09624413145539906
0 0.7048855633802817 0.17517605633802816 0.06382042253521127 0.10152582159624413
0 0.40757042253521125 0.6514084507042254 0.05545774647887324 0.09389671361502347
0 0.2779489436619718 0.4055164319248826 0.04533450704225352 0.11267605633802817
0 0.3926056338028169 0.4005281690140845 0.05193661971830986 0.10269953051643192
0 0.5066021126760564 0.7984154929577465 0.04929577464788732 0.052230046948356805
0 0.8219630281690141 0.4046361502347418 0.0488556338028169 0.08039906103286384
0 0.4570862676056338 0.4005281690140845 0.04621478873239437 0.0886150234741784
0 0.7059859154929577 0.4040492957746479 0.05017605633802817 0.0897887323943662
0 0.448943661971831 0.06895539906103286 0.06514084507042253 0.11326291079812206
0 0.3516725352112676 0.6455399061032864 0.058098591549295774 0.09272300469483569
0 0.2112676056338028 0.42018779342723006 0.04929577464788732 0.08098591549295775
0 0.46919014084507044 0.6464201877934272 0.061619718309859156 0.08509389671361503
0 0.09815140845070422 0.4254694835680751 0.05985915492957746 0.07276995305164319
0 0.8263644366197183 0.31660798122065725 0.053257042253521125 0.07687793427230047
0 0.12059859154929578 0.562206572769953 0.0528169014084507 0.07511737089201878
0 0.11839788732394366 0.8453638497652582 0.056338028169014086 0.05457746478873239
0 0.7720070422535211 0.06690140845070422 0.05985915492957746 0.11502347417840375
0 0.5255281690140845 0.6408450704225352 0.05193661971830986 0.09154929577464789
0 0.22469190140845072 0.3145539906103286 0.03917253521126761 0.08333333333333333
0 0.183318661971831 0.6514084507042254 0.055897887323943664 0.0892018779342723
0 0.5825264084507042 0.6405516431924883 0.050616197183098594 0.08157276995305164
0 0.5092429577464789 0.306924882629108 0.04841549295774648 0.07629107981220658
0 0.6382042253521126 0.6390845070422535 0.051056338028169015 0.07981220657276995
0 0.5169454225352113 0.41226525821596244 0.058538732394366196 0.07570422535211267
0 0.9029489436619719 0.17136150234741784 0.058538732394366196 0.1068075117370892
0 0.38028169014084506 0.0721830985915493 0.06866197183098592 0.10446009389671361
0 0.6910211267605634 0.5557511737089202 0.04929577464788732 0.07746478873239436
0 0.5118838028169014 0.17869718309859156 0.0625 0.10504694835680752
0 0.19102112676056338 0.17136150234741784 0.051056338028169015 0.09507042253521127
0 0.5836267605633803 0.4110915492957746 0.045774647887323945 0.08039906103286384
0 0.8584947183098591 0.6323356807511737 0.04445422535211268 0.07453051643192488
0 0.5184859154929577 0.5372652582159625 0.0448943661971831 0.06748826291079812
0 0.8334066901408451 0.17312206572769953 0.06294014084507042 0.1056338028169014
0 0.4434419014084507 0.3048708920187793 0.0488556338028169 0.0733568075117371
0 0.3188820422535211 0.18221830985915494 0.06294014084507042 0.09917840375586855
0 0.5682218309859155 0.5322769953051644 0.04225352112676056 0.062206572769953054
0 0.6362235915492958 0.3086854460093897 0.04709507042253521 0.06807511737089202
0 0.23943661971830985 0.6470070422535211 0.05721830985915493 0.09683098591549295
0 0.7689260563380281 0.17546948356807512 0.0625 0.11267605633802817
0 0.8025968309859155 0.6379107981220657 0.047975352112676055 0.07981220657276995
0 0.7959947183098591 0.806631455399061 0.04621478873239437 0.08039906103286384
0 0.889524647887324 0.318075117370892 0.040492957746478875 0.0880281690140845
0 0.7643045774647887 0.4052230046948357 0.05237676056338028 0.10035211267605634
0 0.8884242957746479 0.4096244131455399 0.04709507042253521 0.06807511737089202
0 0.7255721830985915 0.829518779342723 0.050616197183098594 0.0698356807511737
0 0.6183978873239436 0.8257042253521126 0.05457746478873239 0.07981220657276995
0 0.2761883802816901 0.8424295774647887 0.05149647887323944 0.0710093896713615
0 0.0605193661971831 0.8547535211267606 0.0488556338028169 0.056924882629107984
0 0.9694102112676056 0.7819835680751174 0.061179577464788734 0.1273474178403756
0 0.042693661971830985 0.1813380281690141 0.05985915492957746 0.09741784037558686
0 0.10519366197183098 0.15492957746478872 0.05545774647887324 0.09272300469483569
0 0.053257042253521125 0.054870892018779344 0.04401408450704225 0.07922535211267606
0 0.18529929577464788 0.0715962441314554 0.05369718309859155 0.0903755868544601
0 0.2462588028169014 0.07775821596244131 0.06558098591549295 0.11561032863849766
0 0.3140404929577465 0.07365023474178403 0.06470070422535211 0.1073943661971831
0 0.4471830985915493 0.18104460093896713 0.0625 0.11091549295774648
0 0.5096830985915493 0.06748826291079812 0.05457746478873239 0.1056338028169014
0 0.5763644366197183 0.07188967136150234 0.0664612676056338 0.11091549295774648
0 0.6401848591549296 0.07306338028169014 0.05941901408450704 0.11326291079812206
0 0.6412852112676056 0.17987089201877934 0.058098591549295774 0.09800469483568075
0 0.7029049295774648 0.06954225352112677 0.06778169014084508 0.10152582159624413
0 0.8441901408450704 0.06455399061032864 0.0625 0.10915492957746478
0 0.907350352112676 0.06719483568075117 0.05941901408450704 0.10974178403755869
0 0.761443661971831 0.3104460093896714 0.05545774647887324 0.08215962441314555
0 0.061619718309859156 0.573650234741784 0.05897887323943662 0.07687793427230047
0 0.07504401408450705 0.659037558685446 0.06382042253521127 0.09389671361502347
0 0.023107394366197184 0.664906103286385 0.04181338028169014 0.07981220657276995
0 0.12962147887323944 0.6552230046948356 0.05413732394366197 0.09683098591549295
0 0.1817781690140845 0.5495892018779343 0.0528169014084507 0.07805164319248827
0 0.23723591549295775 0.5601525821596244 0.05017605633802817 0.0698356807511737
0 0.7517605633802817 0.5516431924882629 0.05721830985915493 0.09976525821596244
0 0.8648767605633803 0.5446009389671361 0.06073943661971831 0.08333333333333333
0 0.9720510563380281 0.5921361502347418 0.047975352112676055 0.1607981220657277
0 0.6756161971830986 0.8318661971830986 0.045774647887323945 0.08509389671361503
0 0.7290933098591549 0.7564553990610329 0.04973591549295775 0.0715962441314554
0 0.555237676056338 0.8315727699530516 0.05149647887323944 0.08333333333333333
0 0.6109154929577465 0.7420774647887324 0.05721830985915493 0.0357981220657277
0 0.5088028169014085 0.7491197183098591 0.051056338028169015 0.03697183098591549
0 0.45026408450704225 0.7796361502347418 0.04401408450704225 0.07453051643192488
0 0.3611355633802817 0.744131455399061 0.03301056338028169 0.036384976525821594
0 0.26606514084507044 0.7708333333333334 0.05501760563380282 0.06396713615023474
0 0.1698943661971831 0.767018779342723 0.05545774647887324 0.05868544600938967
0 0.11399647887323944 0.7705399061032864 0.06073943661971831 0.0715962441314554
0 0.016725352112676055 0.852112676056338 0.030809859154929578 0.08333333333333333
0 0.6230193661971831 0.5334507042253521 0.050616197183098594 0.06924882629107981
0 0.4581866197183099 0.5413732394366197 0.04401408450704225 0.07453051643192488
