0 0.2007042253521127 0.38380281690140844 0.5483271548303907 0.6629203035112081
0 0.5616197183098591 0.40316901408450706 0.8069711180817298 0.6623220839119222
0 0.20774647887323944 0.19718309859154928 0.5012289848244396 0.37781855451960594
0 0.514524647887324 0.2605633802816901 0.7264460718979369 0.3672179792369239
0 0.8080985915492958 0.45481220657276994 0.9507886890001983 0.5777847346205559
0 0.14084507042253522 0.9072769953051644 0.2160471632612577 0.999
0 0.21875 0.9102112676056338 0.2943579445422535 0.999
0 0.2988556338028169 0.8380281690140845 0.380150151569629 0.992465945910203
0 0.38600352112676056 0.8397887323943662 0.4659392590135886 0.9912912037955433
0 0.8904049295774648 0.004694835680751174 0.999 0.17722729176309815
0 0.4669894366197183 0.778169014084507 0.5222416419733188 0.9085808867288236
0 0.5462147887323944 0.7629107981220657 0.6067138139134101 0.9038950054001631
0 0.621919014084507 0.7629107981220657 0.6779833102930966 0.8921579161982852
0 0.5246478873239436 0.920774647887324 0.5921986585002976 0.9912436768498314
0 0.636443661971831 0.9137323943661971 0.7035050864163856 0.999
0 0.6949823943661971 0.7658450704225352 0.7545356591574093 0.8980247388084375
0 0.7592429577464789 0.8022300469483568 0.8236094881347947 0.9443648884701007
0 0.8371478873239436 0.806924882629108 0.8675892835002976 0.9191273915008045
0 0.8926056338028169 0.778169014084507 0.9296247334358263 0.8921489618461945
0 0.9141725352112676 0.8996478873239436 0.9740694663137274 0.999
0 0.05193661971830986 0.914906103286385 0.13422009831878595 0.9959419565121559
0 0.8710387323943662 0.9014084507042254 0.8900215498536997 0.9941893142894929
0 0.9533450704225352 0.7406103286384976 0.9982599713598492 0.8663494070841323
0 0.0022007042253521128 0.8791079812206573 0.04621382011257687 0.9443197723114902
