0 0.21170774647887325 0.11384976525821597 0.2749948469425709 0.2781022008419846
0 0.2830105633802817 0.10211267605633803 0.3502275481675263 0.2728273986642862
0 0.5752640845070423 0.7365023474178404 0.6335496196811148 0.8610701277303886
0 0.5497359154929577 0.11326291079812206 0.6102333908822655 0.29160019782230157
0 0.25528169014084506 0.5134976525821596 0.3053453865800437 0.6246986516123344
0 0.6377640845070423 0.11854460093896714 0.6876594348219599 0.2786863001168199
0 0.8930457746478874 0.5440140845070423 0.9542724270358064 0.670455390795477
0 0.355193661971831 0.3274647887323944 0.40961479152201946 0.4792679197249223
0 0.860475352112676 0.13732394366197184 0.9208360583837533 0.29393349533822655
0 0.19850352112676056 0.5193661971830986 0.2534337572530252 0.6241083531706673
0 0.6087147887323944 0.534037558685446 0.6621440515894663 0.662832137582931
0 0.4744718309859155 0.5252347417840375 0.5231186303560801 0.6076729843064648
0 0.417693661971831 0.09624413145539906 0.47648869116990683 0.2886759130683947
0 0.11179577464788733 0.09976525821596244 0.1623627659442571 0.23116210959024885
0 0.7918133802816901 0.3591549295774648 0.8456021948150169 0.4933338292666799
0 0.4084507042253521 0.7411971830985915 0.46196811148581635 0.849330283343252
0 0.41505281690140844 0.5234741784037559 0.469447599992561 0.6076740175009367
0 0.06073943661971831 0.5205399061032864 0.1232127027127554 0.649929260618484
0 0.4850352112676056 0.10974178403755869 0.5486421499950407 0.2898417008309639
0 0.7495598591549296 0.11971830985915492 0.8095292430197382 0.2939438272829465
0 0.8305457746478874 0.5387323943661971 0.8962013442893275 0.65343971103617
0 0.5360915492957746 0.5305164319248826 0.5877922132265423 0.6270360819061473
0 0.6769366197183099 0.340962441314554 0.7351774046568141 0.4909970877691816
0 0.7838908450704225 0.704225352112676 0.8262394846632612 0.7853848442769292
0 0.36795774647887325 0.5240610328638498 0.41004931437214837 0.6317347059666293
0 0.13776408450704225 0.5264084507042254 0.18831964608956556 0.6352544551345632
0 0.23767605633802816 0.3274647887323944 0.2767439806090061 0.47633364742445283
0 0.6109154929577465 0.3609154929577465 0.6687451956457052 0.4763140167294849
0 0.6963028169014085 0.12147887323943662 0.7470526836193215 0.2833794138067844
0 0.28829225352112675 0.33039906103286387 0.34626395587433045 0.4739845075932906
0 0.16637323943661972 0.323943661971831 0.23012043431362822 0.47046716921245785
0 0.6641725352112676 0.5322769953051644 0.7149365437785161 0.6657674430778725
0 0.01584507042253521 0.107981220657277 0.07525711044435628 0.27575822698318236
0 0.7029049295774648 0.005868544600938967 0.761574425647193 0.066311110009037
0 0.9110915492957746 0.3568075117370892 0.9775919491420354 0.5009643148405298
0 0.9388204225352113 0.142018779342723 0.996505800870363 0.304494120434658
0 0.7363556338028169 0.7071596244131455 0.7844470265696291 0.7906648124269876
0 0.8494718309859155 0.36678403755868544 0.9063162535955168 0.5009584600718553
0 0.8309859154929577 0.7036384976525821 0.874194108311843 0.7748218083933964
0 0.8147007042253521 0.12910798122065728 0.8565956422956755 0.27985380987017566
0 0.7442781690140845 0.3380281690140845 0.7756407226368777 0.4868908285393109
0 0.5118838028169014 0.7435446009389671 0.5666761074811545 0.8651739761731578
0 0.4630281690140845 0.7429577464788732 0.5107997235171593 0.8499161046088739
0 0.1624119718309859 0.7130281690140845 0.262692600364511 0.8305674717317992
0 0.3609154929577465 0.09741784037558686 0.4144538224062686 0.2757644261500143
0 0.1641725352112676 0.10269953051643192 0.2094347832151359 0.2458317491018096
0 0.820862676056338 0.0029342723004694834 0.8790401132587781 0.08039733904207719
0 0.9027288732394366 0.0029342723004694834 0.9727540806015671 0.09213442824395512
0 0.6408450704225352 0.0035211267605633804 0.6982214590359056 0.061617651920915166
0 0.46346830985915494 0.0029342723004694834 0.5248840368354494 0.06748654092001147
0 0.5418133802816901 0.0017605633802816902 0.6031946243924817 0.06748722971632612
0 0.40580985915492956 0.0029342723004694834 0.46064885129438604 0.06337855969935419
0 0.3402288732394366 0.0017605633802816902 0.4038995471508629 0.05927126727501157
0 0.27684859154929575 0.0005868544600938967 0.33438518988048005 0.05692453823095065
0 0.20642605633802816 0.004694835680751174 0.268835199799147 0.04987987392272256
0 0.23459507042253522 0.3568075117370892 0.28862913949365204 0.47514271859639845
0 0.9577464788732394 0.545774647887324 0.999 0.6692806486808173
0 0.7257922535211268 0.5404929577464789 0.7756488590433446 0.6704574571844211
0 0.30721830985915494 0.5299295774647887 0.36650210461713945 0.6563791493089995
0 0.8785211267605634 0.7036384976525821 0.9199478340111089 0.7736480994732087
0 0.9546654929577465 0.7376760563380281 0.9956185451175362 0.8516797675725717
