0 0.5497359154929577 0.3312793427230047 0.08538732394366197 0.09565727699530517
0 0.6087147887323944 0.8051643192488263 0.04401408450704225 0.08685446009389672
0 0.4960387323943662 0.6461267605633803 0.04841549295774648 0.0892018779342723
0 0.43485915492957744 0.25616197183098594 0.09066901408450705 0.0721830985915493
0 0.5484154929577465 0.25880281690140844 0.09507042253521127 0.06924882629107981
0 0.5453345070422535 0.8019366197183099 0.05897887323943662 0.08274647887323944
0 0.19432218309859156 0.34419014084507044 0.10871478873239436 0.06514084507042253
0 0.1892605633802817 0.25586854460093894 0.0977112676056338 0.07511737089201878
0 0.30941901408450706 0.26467136150234744 0.1056338028169014 0.07042253521126761
0 0.13512323943661972 0.624706572769953 0.04929577464788732 0.09448356807511737
0 0.3184419014084507 0.3488849765258216 0.10079225352112677 0.06044600938967136
0 0.5431338028169014 0.4841549295774648 0.045774647887323945 0.07746478873239436
0 0.3034771126760563 0.6332159624413145 0.05237676056338028 0.07863849765258216
0 0.6659330985915493 0.255575117370892 0.0801056338028169 0.058098591549295774
0 0.6018926056338029 0.4818075117370892 0.04357394366197183 0.07981220657276995
0 0.5622799295774648 0.6446596244131455 0.04181338028169014 0.09213615023474178
0 0.43067781690140844 0.6428990610328639 0.04621478873239437 0.08509389671361503
0 0.2381161971830986 0.6132629107981221 0.0528169014084507 0.0880281690140845
0 0.43067781690140844 0.34419014084507044 0.1034330985915493 0.0698356807511737
0 0.7874119718309859 0.806631455399061 0.03961267605633803 0.08509389671361503
0 0.7273327464788732 0.4812206572769953 0.050616197183098594 0.08450704225352113
0 0.7266725352112676 0.7972417840375586 0.05193661971830986 0.07922535211267606
0 0.4515845070422535 0.477112676056338 0.05017605633802817 0.07863849765258216
0 0.245818661971831 0.7758215962441315 0.04445422535211268 0.06690140845070422
0 0.1793573943661972 0.789906103286385 0.0488556338028169 0.07276995305164319
0 0.6210387323943662 0.6352699530516432 0.0448943661971831 0.0886150234741784
0 0.3716989436619718 0.7772887323943662 0.04181338028169014 0.06044600938967136
0 0.8069982394366197 0.35475352112676056 0.08582746478873239 0.08744131455399061
0 0.671875 0.34125586854460094 0.07966549295774648 0.06279342723004695
0 0.37764084507042256 0.6332159624413145 0.0448943661971831 0.08685446009389672
0 0.8127200704225352 0.09242957746478873 0.13336267605633803 0.04401408450704225
0 0.18617957746478872 0.6150234741784038 0.03961267605633803 0.07746478873239436
0 0.4242957746478873 0.7808098591549296 0.03609154929577465 0.058098591549295774
0 0.6144366197183099 0.07717136150234742 0.043133802816901406 0.058098591549295774
0 0.49955985915492956 0.47593896713615025 0.03697183098591549 0.0715962441314554
0 0.7356954225352113 0.6399647887323944 0.047975352112676055 0.0733568075117371
0 0.9027288732394366 0.6728286384976526 0.05017605633802817 0.09213615023474178
0 0.38930457746478875 0.4756455399061033 0.04181338028169014 0.07453051643192488
0 0.047975352112676055 0.613556338028169 0.03873239436619718 0.09448356807511737
0 0.670774647887324 0.47857981220657275 0.03609154929577465 0.08392018779342723
0 0.258362676056338 0.12206572769953052 0.04401408450704225 0.04812206572769953
0 0.6670334507042254 0.6279342723004695 0.03917253521126761 0.07981220657276995
0 0.5110035211267606 0.07541079812206573 0.04137323943661972 0.058098591549295774
0 0.31338028169014087 0.7802230046948356 0.0448943661971831 0.06044600938967136
0 0.20444542253521128 0.12852112676056338 0.05237676056338028 0.04812206572769953
0 0.5118838028169014 0.12294600938967136 0.04225352112676056 0.04518779342723005
0 0.7097271126760564 0.0892018779342723 0.04621478873239437 0.04929577464788732
0 0.10189260563380281 0.2511737089201878 0.03917253521126761 0.04929577464788732
0 0.9654489436619719 0.875 0.04709507042253521 0.10093896713615023
0 0.796875 0.642018779342723 0.04357394366197183 0.07746478873239436
0 0.8001760563380281 0.4800469483568075 0.043133802816901406 0.07863849765258216
0 0.809419014084507 0.14906103286384975 0.1073943661971831 0.04342723004694836
0 0.9617077464788732 0.20041079812206572 0.04753521126760563 0.08392018779342723
0 0.9427816901408451 0.482981220657277 0.04137323943661972 0.08568075117370892
0 0.11553697183098592 0.7992957746478874 0.04445422535211268 0.07746478873239436
0 0.7832306338028169 0.9551056338028169 0.0488556338028169 0.08157276995305164
0 0.6100352112676056 0.948943661971831 0.05017605633802817 0.0880281690140845
0 0.10519366197183098 0.9521713615023474 0.05457746478873239 0.07570422535211267
0 0.4702904929577465 0.7940140845070423 0.04533450704225352 0.06924882629107981
0 0.2363556338028169 0.9498239436619719 0.05017605633802817 0.0733568075117371
0 0.7216109154929577 0.9474765258215962 0.05501760563380282 0.09213615023474178
0 0.4368397887323944 0.9501173708920188 0.047975352112676055 0.08098591549295775
0 0.06095950704225352 0.7972417840375586 0.047975352112676055 0.08392018779342723
0 0.4918573943661972 0.9492370892018779 0.04005281690140845 0.09096244131455399
0 0.5536971830985915 0.9553990610328639 0.0448943661971831 0.08685446009389672
0 0.3672975352112676 0.9395539906103286 0.04445422535211268 0.07981220657276995
0 0.18199823943661972 0.9509976525821596 0.04445422535211268 0.07687793427230047
0 0.03851232394366197 0.07042253521126761 0.047975352112676055 0.045774647887323945
0 0.08736795774647887 0.0715962441314554 0.0488556338028169 0.04812206572769953
0 0.15470950704225353 0.06543427230046948 0.0488556338028169 0.04284037558685446
0 0.20224471830985916 0.0715962441314554 0.03829225352112676 0.04812206572769953
0 0.152068661971831 0.12177230046948356 0.04621478873239437 0.04401408450704225
0 0.09066901408450705 0.12177230046948356 0.04753521126760563 0.04284037558685446
0 0.040492957746478875 0.12059859154929578 0.05193661971830986 0.04753521126760563
0 0.0644806338028169 0.023767605633802816 0.02948943661971831 0.04401408450704225
0 0.10871478873239436 0.02464788732394366 0.03697183098591549 0.045774647887323945
0 0.16505281690140844 0.01936619718309859 0.037852112676056336 0.03755868544600939
0 0.2092869718309859 0.01936619718309859 0.03917253521126761 0.03286384976525822
0 0.2832306338028169 0.0698356807511737 0.04445422535211268 0.04929577464788732
0 0.32944542253521125 0.07247652582159625 0.04005281690140845 0.041666666666666664
0 0.3732394366197183 0.0710093896713615 0.037852112676056336 0.04460093896713615
0 0.3912852112676056 0.033157276995305164 0.03345070422535211 0.04401408450704225
0 0.413512323943662 0.07746478873239436 0.03829225352112676 0.046948356807511735
0 0.41923415492957744 0.12441314553990611 0.04621478873239437 0.04929577464788732
0 0.3642165492957746 0.12353286384976526 0.047975352112676055 0.052230046948356805
0 0.30875880281690143 0.12588028169014084 0.04621478873239437 0.04988262910798122
0 0.4632482394366197 0.07834507042253522 0.04181338028169014 0.05575117370892019
0 0.4672095070422535 0.12852112676056338 0.04181338028169014 0.051643192488262914
0 0.5649207746478874 0.0698356807511737 0.047975352112676055 0.057511737089201875
0 0.5664612676056338 0.12793427230046947 0.051056338028169015 0.05046948356807512
0 0.6155369718309859 0.12910798122065728 0.0488556338028169 0.0528169014084507
0 0.6685739436619719 0.13380281690140844 0.040492957746478875 0.057511737089201875
0 0.7117077464788732 0.14231220657276994 0.040492957746478875 0.051056338028169015
0 0.6648327464788732 0.02464788732394366 0.04181338028169014 0.03755868544600939
0 0.6626320422535211 0.07423708920187794 0.04005281690140845 0.0534037558685446
0 0.7150088028169014 0.029342723004694836 0.037411971830985914 0.05516431924882629
0 0.05677816901408451 0.25234741784037557 0.043133802816901406 0.04460093896713615
0 0.015404929577464789 0.2567488262910798 0.02992957746478873 0.051056338028169015
0 0.10761443661971831 0.29870892018779344 0.037411971830985914 0.04342723004694836
0 0.061179577464788734 0.3004694835680751 0.045774647887323945 0.04460093896713615
0 0.020246478873239437 0.3104460093896714 0.03609154929577465 0.04812206572769953
0 0.019586267605633804 0.3559272300469484 0.02948943661971831 0.040492957746478875
0 0.06734154929577464 0.3615023474178404 0.0528169014084507 0.04812206572769953
0 0.11443661971830986 0.3585680751173709 0.04665492957746479 0.05046948356807512
0 0.9689700704225352 0.09507042253521127 0.04181338028169014 0.107981220657277
0 0.9410211267605634 0.3744131455399061 0.035211267605633804 0.09272300469483569
0 0.988556338028169 0.4800469483568075 0.022887323943661973 0.09741784037558686
0 0.9788732394366197 0.6766431924882629 0.04225352112676056 0.09272300469483569
0 0.32284330985915494 0.47593896713615025 0.05677816901408451 0.0903755868544601
0 0.09352992957746478 0.619424882629108 0.04005281690140845 0.09565727699530517
0 0.6668133802816901 0.7960680751173709 0.061619718309859156 0.09683098591549295
0 0.6617517605633803 0.9360328638497653 0.04357394366197183 0.07042253521126761
0 0.301056338028169 0.9448356807511737 0.05721830985915493 0.09976525821596244
