0 0.8219630281690141 0.892018779342723 0.10255281690140845 0.215962441314554
0 0.7865316901408451 0.4069835680751174 0.12147887323943662 0.5651408450704225
0 0.6038732394366197 0.3949530516431925 0.12235915492957747 0.4225352112676056
0 0.5006602112676056 0.4507042253521127 0.06382042253521127 0.3028169014084507
0 0.4194542253521127 0.44923708920187794 0.0897887323943662 0.27523474178403756
0 0.6954225352112676 0.4096244131455399 0.07130281690140845 0.44014084507042256
0 0.9240757042253521 0.38967136150234744 0.15184859154929578 0.6889671361502347
0 0.44784330985915494 0.8606220657276995 0.08142605633802817 0.2822769953051643
0 0.6289612676056338 0.8714788732394366 0.11443661971830986 0.25704225352112675
0 0.5398327464788732 0.8591549295774648 0.07086267605633803 0.28169014084507044
0 0.9460827464788732 0.9107981220657277 0.09815140845070422 0.1784037558685446
0 0.2550616197183099 0.08450704225352113 0.06998239436619719 0.16549295774647887
0 0.1956426056338028 0.1340962441314554 0.04181338028169014 0.1414319248826291
0 0.07944542253521127 0.5469483568075117 0.01716549295774648 0.1431924882629108
0 0.10431338028169014 0.5531103286384976 0.023767605633802816 0.16960093896713616
0 0.1349031690140845 0.5598591549295775 0.030369718309859156 0.17488262910798122
0 0.16527288732394366 0.5839201877934272 0.023327464788732395 0.20422535211267606
0 0.15294894366197184 0.7576291079812206 0.04181338028169014 0.1396713615023474
0 0.09815140845070422 0.7177230046948356 0.029049295774647887 0.15375586854460094
0 0.19234154929577466 0.5959507042253521 0.032570422535211266 0.17194835680751175
0 0.183318661971831 0.3664906103286385 0.04621478873239437 0.15786384976525822
0 0.13204225352112675 0.3606220657276995 0.027288732394366196 0.15199530516431925
