0 0.14568661971830985 0.022887323943661973 0.26402038441033526 0.42956403326059645
0 0.5022007042253521 0.5991784037558685 0.5847261440562389 0.9773478999977959
0 0.40713028169014087 0.5897887323943662 0.5077433405450308 0.999
0 0.477112676056338 0.07981220657276995 0.546885073646102 0.43715973462055585
0 0.7768485915492958 0.24178403755868544 0.8420876546692125 0.449975478851198
0 0.5444542253521126 0.15258215962441316 0.6119962789501091 0.42948792126782603
0 0.2680457746478873 0.020539906103286387 0.39908976858510214 0.44658419019594875
0 0.7451584507042254 0.6073943661971831 0.7901649830762746 0.9057468342921378
0 0.7904929577464789 0.6120892018779343 0.8407612266911327 0.8846173185434988
0 0.02640845070422535 0.013497652582159625 0.1417137286748661 0.4231141445700809
0 0.003961267605633803 0.6314553990610329 0.08846656634348343 0.9984557186625229
0 0.6936619718309859 0.1766431924882629 0.7369306065264828 0.44121089014525333
0 0.8943661971830986 0.2306338028169014 0.9498704374132118 0.46641394729881636
0 0.38776408450704225 0.03990610328638498 0.48134341369519934 0.4442254072163812
0 0.6183978873239436 0.20422535211267606 0.6863475361411426 0.457039773854394
0 0.8340669014084507 0.6003521126760564 0.8799145832300138 0.8822767886662699
0 0.9674295774647887 0.5721830985915493 0.999 0.8517768878529393
0 0.8851232394366197 0.5528169014084507 0.9309484492784169 0.852961961912319
0 0.9273767605633803 0.5669014084507042 0.9639404151582028 0.852953696356543
0 0.7394366197183099 0.18309859154929578 0.7725618676849831 0.4423808106857105
0 0.9524647887323944 0.22476525821596244 0.9973800771176354 0.43707466827569486
0 0.8463908450704225 0.24530516431924881 0.8900323983956556 0.4570156659833807
0 0.2169894366197183 0.6044600938967136 0.3049220997197976 0.9949504342171968
0 0.304137323943662 0.5897887323943662 0.40171472829051774 0.999
0 0.08626760563380281 0.5721830985915493 0.2099092132017457 0.999
0 0.6474471830985915 0.6015258215962441 0.701299539091946 0.9315718745178426
0 0.6971830985915493 0.619131455399061 0.7479325778615354 0.9221718712116203
0 0.590669014084507 0.6085680751173709 0.6493879097649276 0.9667790093455885
