0 0.6927816901408451 0.7083333333333334 0.7743429658053957 0.8675420579029735
0 0.4476232394366197 0.45539906103286387 0.4896797432925015 0.5343571601754502
0 0.5475352112676056 0.6203051643192489 0.5921885848541956 0.7208801026030991
0 0.7838908450704225 0.7294600938967136 0.839443710015374 0.8863090022923141
0 0.6351232394366197 0.2300469483568075 0.6863401746305297 0.3355457470960347
0 0.3529929577464789 0.3732394366197183 0.40609463338127355 0.42818471864048135
0 0.5008802816901409 0.4647887323943662 0.5613992604393969 0.5372859221054024
0 0.7011443661971831 0.22946009389671362 0.7554132287120611 0.313245622010624
0 0.3970070422535211 0.4642018779342723 0.4430470919708391 0.5220280505411183
0 0.4163732394366197 0.6343896713615024 0.463725187834755 0.6962239497233794
0 0.4220950704225352 0.5669014084507042 0.47208534547956754 0.6229067479997354
0 0.5514964788732394 0.2347417840375587 0.6256375455638762 0.34023782759152726
0 0.7491197183098591 0.5528169014084507 0.8429801409690537 0.6123516332738212
0 0.8142605633802817 0.13204225352112675 0.8887261177097798 0.21823236956952985
0 0.9119718309859155 0.49589201877934275 0.9771514208490379 0.5513521760453173
0 0.5985915492957746 0.8879107981220657 0.6524654086490775 0.9877418363860786
0 0.5400528169014085 0.8380281690140845 0.5794277936545329 0.9378884811214706
0 0.4735915492957746 0.8004694835680751 0.5134359192124578 0.8933095836364037
0 0.7966549295774648 0.22417840375586853 0.8953359793443761 0.31735670281469724
0 0.9137323943661971 0.1414319248826291 0.9925555755306488 0.32327380755582
0 0.9058098591549296 0.5522300469483568 0.9665907527028368 0.6229153579536688
0 0.9735915492957746 0.562793427230047 0.999 0.6534255907117195
0 0.6588908450704225 0.47124413145539906 0.7149388684660782 0.5613431665895215
0 0.5686619718309859 0.45598591549295775 0.6190278776532434 0.5548967218805793
0 0.3380281690140845 0.44835680751173707 0.3867350228129339 0.5191030769908969
0 0.426056338028169 0.3761737089201878 0.4958512075976988 0.4469623393726994
0 0.503080985915493 0.27523474178403756 0.5468736439322556 0.34314833641914083
0 0.41065140845070425 0.29518779342723006 0.4698896780772664 0.3490051714827305
0 0.3147007042253521 0.08157276995305164 0.3911466986337036 0.13375494555753928
0 0.32350352112676056 0.1431924882629108 0.39114282415443363 0.19533850206087858
0 0.4837147887323944 0.08157276995305164 0.5129913227162269 0.15664226950120128
0 0.5220070422535211 0.09800469483568075 0.561389961689149 0.14020070147016686
0 0.5651408450704225 0.051056338028169015 0.6291526668815711 0.12966487304106328
0 0.6857394366197183 0.0017605633802816902 0.7545397273606427 0.09330882596045757
0 0.488556338028169 0.6396713615023474 0.5389575016117834 0.7232161553042826
0 0.49955985915492956 0.5821596244131455 0.5433540669634002 0.6317006105490532
0 0.3653169014084507 0.6062206572769953 0.41577230770184487 0.6815691193325839
0 0.3855633802816901 0.5580985915492958 0.4258866358361436 0.6017851534087153
0 0.5977112676056338 0.6203051643192489 0.6326594580688355 0.7173589758425356
0 0.639524647887324 0.6320422535211268 0.6652114768275144 0.7355445761422998
0 0.840669014084507 0.7224178403755869 0.8763905506099979 0.9191769848354604
0 0.8846830985915493 0.7629107981220657 0.9947690655375917 0.9684489960104918
0 0.5580985915492958 0.7341549295774648 0.6718494284368182 0.8164705663558818
0 0.4137323943661972 0.7752347417840375 0.47693057553064866 0.8557657073111596
0 0.2887323943661972 0.710093896713615 0.31677432553064866 0.7883156725958252
0 0.26276408450704225 0.6995305164319249 0.286416036934636 0.7625002755185258
0 0.2852112676056338 0.8955399061032864 0.3132547485617933 0.9853899413696577
0 0.2535211267605634 0.8697183098591549 0.27585672485617935 0.9308276300998479
0 0.21390845070422534 0.835093896713615 0.2375819064917675 0.9038526444268112
0 0.15977112676056338 0.6426056338028169 0.18919024158153144 0.6979796915294585
0 0.2051056338028169 0.6514084507042254 0.21733930209779806 0.7097116147589765
0 0.22535211267605634 0.6754694835680751 0.23977757389406862 0.747843034340629
0 0.24471830985915494 0.681924882629108 0.25913524722277326 0.7578157717824946
0 0.13952464788732394 0.32981220657276994 0.1495864768275144 0.35778766889285635
0 0.1544894366197183 0.3204225352112676 0.168946087395854 0.3654222872445943
0 0.1544894366197183 0.3714788732394366 0.17466791838176948 0.41820922601335714
0 0.14392605633802816 0.37910798122065725 0.15662679310900615 0.41996531221759353
0 0.1835387323943662 0.3568075117370892 0.2050248509100377 0.41645727258700876
0 0.2051056338028169 0.352112676056338 0.22526183730906565 0.4229154268333003
0 0.21963028169014084 0.3474178403755869 0.2388998106154533 0.42291818201855896
0 0.23899647887323944 0.3386150234741784 0.25473635718359455 0.4199890756904494
0 0.2579225352112676 0.3386150234741784 0.27365408339119224 0.42996560151204566
0 0.19586267605633803 0.2875586854460094 0.22746660973765126 0.3490096486587758
0 0.2108274647887324 0.198943661971831 0.24990720622148382 0.2575123570058851
0 0.1487676056338028 0.2300469483568075 0.17246973256794287 0.27509973770636337
0 0.14172535211267606 0.20481220657276994 0.17115240961614758 0.23755586138111925
0 0.21522887323943662 0.5099765258215962 0.2512256915170601 0.5789260701139545
0 0.1936619718309859 0.4953051643192488 0.21514363469549694 0.5701318631664793
0 0.17781690140845072 0.5088028169014085 0.19710483411029558 0.5654291063281095
0 0.21875 0.4424882629107981 0.24682273327464788 0.4991534693292777
0 0.15757042253521128 0.5099765258215962 0.17774754822951794 0.5548650372501047
0 0.18485915492957747 0.7992957746478874 0.21162638241420353 0.8710098029491503
0 0.9397007042253521 0.36561032863849763 0.999 0.42290750567568164
0 0.9375 0.4336854460093897 0.9978268045774648 0.4827267104190086
