0 0.5682218309859155 0.6032863849765259 0.6449963812363618 0.7643173201966099
0 0.1698943661971831 0.26173708920187794 0.2591681802965682 0.4399872434922524
0 0.04137323943661972 0.2846244131455399 0.16195362093334656 0.4828141875509709
0 0.48063380281690143 0.4096244131455399 0.5662497210374925 0.5707689997575437
0 0.2108274647887324 0.5892018779342723 0.29172058650317395 0.753175351010602
0 0.40008802816901406 0.18016431924882628 0.47693658097351715 0.3508332369018493
0 0.6509683098591549 0.5534037558685446 0.7241853132439 0.6997926034296545
0 0.36619718309859156 0.465962441314554 0.4619867089863122 0.5766044821353787
0 0.47579225352112675 0.1643192488262911 0.5336814294658798 0.323847230487778
0 0.09286971830985916 0.6373239436619719 0.202423912976096 0.7971611948687429
0 0.4727112676056338 0.6696009389671361 0.557450391167427 0.8212032858339395
0 0.5717429577464789 0.3703051643192488 0.6313504652474707 0.5173883185655404
0 0.5369718309859155 0.15786384976525822 0.5899925300039675 0.2909871691022504
0 0.3331866197183099 0.31161971830985913 0.3858568720863916 0.39007534054089793
0 0.7684859154929577 0.2353286384976526 0.8086406311991668 0.31911072262998963
0 0.4339788732394366 0.008215962441314555 0.4874850445100178 0.08919705636006965
0 0.8701584507042254 0.528169014084507 0.8909022189917676 0.6287980228790583
0 0.5013204225352113 0.002347417840375587 0.549515263898532 0.07922397452004673
0 0.8318661971830986 0.5669014084507042 0.8636303405822258 0.6557705977649937
0 0.33494718309859156 0.840962441314554 0.4589194774722277 0.9596003741541581
0 0.18794014084507044 0.8996478873239436 0.32562150521969846 0.9971246197844343
0 0.6175176056338029 0.92018779342723 0.6938303179552668 0.9912440212479887
0 0.5686619718309859 0.8550469483568075 0.6247497086391589 0.943160183715753
0 0.34375 0.01232394366197183 0.4171022227112676 0.10680027937578522
0 0.2649647887323944 0.007629107981220657 0.3563974626810157 0.11619270592254624
0 0.19278169014084506 0.013497652582159625 0.2794045855237056 0.138489731424541
0 0.09683098591549295 0.01643192488262911 0.19493977509422733 0.15491993431638343
0 0.0044014084507042256 0.01643192488262911 0.07306144304205514 0.1807415305605149
0 0.6069542253521126 0.35093896713615025 0.6854722912740527 0.4874701062399436
0 0.8133802816901409 0.8204225352112676 0.8715610121999603 0.9085560900614957
0 0.8358274647887324 0.7752347417840375 0.9045616956581036 0.842268054729
0 0.871919014084507 0.7376760563380281 0.9406373595888712 0.7941680304833698
0 0.920774647887324 0.8309859154929577 0.9956334618627256 0.999
0 0.8877640845070423 0.5176056338028169 0.9256655967937909 0.5988746445811016
0 0.9295774647887324 0.43485915492957744 0.9753831085102164 0.5132424535475766
0 0.9467429577464789 0.3550469483568075 0.9969424546840904 0.43171652174392205
0 0.801056338028169 0.38086854460093894 0.8477988308371355 0.4710206170512905
0 0.7706866197183099 0.4336854460093897 0.8231643104666733 0.5173511235645485
0 0.883362676056338 0.09330985915492958 0.95075556220244 0.17893585102162268
0 0.8956866197183099 0.22124413145539906 0.9450283069455466 0.33085607738764355
0 0.013204225352112676 0.6725352112676056 0.06381461081630628 0.865215648350195
