0 0.4163732394366197 0.8990610328638498 0.10123239436619719 0.1643192488262911
0 0.10695422535211267 0.14759389671361503 0.09066901408450705 0.27992957746478875
0 0.21170774647887325 0.1511150234741784 0.09859154929577464 0.2634976525821596
0 0.3840228873239437 0.17811032863849766 0.07262323943661972 0.21889671361502347
0 0.5429137323943662 0.516725352112676 0.07262323943661972 0.1942488262910798
0 0.6263204225352113 0.19688967136150234 0.08098591549295775 0.22007042253521128
0 0.5444542253521126 0.19043427230046947 0.08450704225352113 0.20950704225352113
0 0.46919014084507044 0.5070422535211268 0.06954225352112677 0.1772300469483568
0 0.3028169014084507 0.15815727699530516 0.07746478873239436 0.2529342723004695
0 0.2592429577464789 0.47769953051643194 0.07482394366197183 0.13615023474178403
0 0.6258802816901409 0.5023474178403756 0.0801056338028169 0.13732394366197184
0 0.7026848591549296 0.5011737089201878 0.07174295774647887 0.13849765258215962
0 0.7086267605633803 0.18280516431924881 0.0721830985915493 0.1789906103286385
0 0.45928697183098594 0.18779342723004694 0.07878521126760564 0.20892018779342722
0 0.1800176056338028 0.48210093896713613 0.07570422535211267 0.17077464788732394
0 0.9080105633802817 0.21830985915492956 0.045774647887323945 0.20305164319248825
0 0.8525528169014085 0.5035211267605634 0.07306338028169014 0.13380281690140844
0 0.037852112676056336 0.48063380281690143 0.07394366197183098 0.16901408450704225
0 0.9564260563380281 0.5152582159624414 0.07306338028169014 0.16784037558685447
0 0.7753080985915493 0.5035211267605634 0.07702464788732394 0.1431924882629108
0 0.9795334507042254 0.23327464788732394 0.05413732394366197 0.18368544600938966
0 0.856294014084507 0.21273474178403756 0.061179577464788734 0.1977699530516432
0 0.7871919014084507 0.18339201877934272 0.07526408450704225 0.15786384976525822
0 0.24977992957746478 0.8553403755868545 0.07790492957746478 0.16725352112676056
0 0.0880281690140845 0.8779342723004695 0.07658450704225352 0.1607981220657277
0 0.1641725352112676 0.8711854460093896 0.07306338028169014 0.1742957746478873
0 0.7057658450704225 0.8456572769953051 0.06205985915492958 0.1807511737089202
0 0.883362676056338 0.8682511737089202 0.05457746478873239 0.12969483568075119
0 0.5897887323943662 0.8629694835680751 0.061619718309859156 0.2153755868544601
0 0.33186619718309857 0.8342136150234741 0.06866197183098592 0.18838028169014084
0 0.647887323943662 0.8597417840375586 0.04753521126760563 0.19131455399061034
0 0.5052816901408451 0.8879107981220657 0.07482394366197183 0.13497652582159625
0 0.8285651408450704 0.8623826291079812 0.058538732394366196 0.1414319248826291
0 0.7673855633802817 0.8541666666666666 0.05677816901408451 0.15199530516431925
0 0.9504841549295775 0.8791079812206573 0.05941901408450704 0.09624413145539906
0 0.030589788732394367 0.14906103286384975 0.06029929577464789 0.26173708920187794
0 0.023327464788732395 0.8720657276995305 0.045774647887323945 0.1643192488262911
