0 0.5983714788732394 0.29460093896713613 0.05765845070422535 0.1396713615023474
0 0.9084507042253521 0.5443075117370892 0.13908450704225353 0.1273474178403756
0 0.7293133802816901 0.5378521126760564 0.13204225352112675 0.11326291079812206
0 0.6243397887323944 0.5387323943661971 0.05941901408450704 0.1267605633802817
0 0.730193661971831 0.06338028169014084 0.10475352112676056 0.1056338028169014
0 0.8840228873239436 0.05575117370892019 0.05413732394366197 0.09154929577464789
0 0.6175176056338029 0.08421361502347417 0.06690140845070422 0.1414319248826291
0 0.8219630281690141 0.2852112676056338 0.09375 0.1396713615023474
0 0.06183978873239437 0.13849765258215962 0.08142605633802817 0.1443661971830986
0 0.735475352112676 0.2875586854460094 0.04929577464788732 0.14788732394366197
0 0.9751320422535211 0.054284037558685445 0.07086267605633803 0.09330985915492958
0 0.8202024647887324 0.07012910798122066 0.042693661971830985 0.10387323943661972
0 0.8525528169014085 0.8160211267605634 0.1954225352112676 0.2834507042253521
0 0.6538292253521126 0.7819835680751174 0.16593309859154928 0.2634976525821596
0 0.9352992957746479 0.278462441314554 0.12852112676056338 0.16607981220657278
0 0.03697183098591549 0.4762323943661972 0.05897887323943662 0.2153755868544601
