0 0.7051056338028169 0.30134976525821594 0.09595070422535211 0.22007042253521128
0 0.22139084507042253 0.32130281690140844 0.12323943661971831 0.2177230046948357
0 0.8314260563380281 0.30134976525821594 0.0994718309859155 0.20950704225352113
0 0.5143045774647887 0.30721830985915494 0.13512323943661972 0.21654929577464788
0 0.3516725352112676 0.3274647887323944 0.0994718309859155 0.21244131455399062
0 0.5695422535211268 0.5707159624413145 0.19102112676056338 0.06514084507042253
0 0.597931338028169 0.6610915492957746 0.18705985915492956 0.07453051643192488
0 0.07944542253521127 0.7080399061032864 0.1430457746478873 0.12147887323943662
0 0.33846830985915494 0.7121478873239436 0.238556338028169 0.0534037558685446
0 0.8003961267605634 0.6919014084507042 0.1131161971830986 0.05985915492957746
0 0.7973151408450704 0.6379107981220657 0.11047535211267606 0.06690140845070422
0 0.08868838028169014 0.7984154929577465 0.13600352112676056 0.06748826291079812
0 0.06183978873239437 0.32188967136150237 0.12191901408450705 0.2318075117370892
0 0.6236795774647887 0.7309272300469484 0.21919014084507044 0.06279342723004695
0 0.632262323943662 0.9744718309859155 0.23107394366197184 0.05927230046948357
0 0.3485915492957746 0.9304577464788732 0.16637323943661972 0.05575117370892019
0 0.6216989436619719 0.9128521126760564 0.2205105633802817 0.056924882629107984
0 0.3404489436619718 0.7637910798122066 0.22579225352112675 0.0534037558685446
0 0.15074823943661972 0.9630281690140845 0.14392605633802816 0.06103286384976526
0 0.8611355633802817 0.9680164319248826 0.12544014084507044 0.052230046948356805
0 0.5662411971830986 0.1505281690140845 0.13336267605633803 0.06279342723004695
0 0.8714788732394366 0.6314553990610329 0.035211267605633804 0.13380281690140844
0 0.8998679577464789 0.6296948356807511 0.030369718309859156 0.1396713615023474
0 0.922975352112676 0.6200117370892019 0.03609154929577465 0.15669014084507044
0 0.9498239436619719 0.6232394366197183 0.040492957746478875 0.13849765258215962
0 0.9815140845070423 0.6176643192488263 0.03609154929577465 0.1402582159624413
0 0.7783890845070423 0.8779342723004695 0.09286971830985916 0.04342723004694836
