0 0.8452904929577465 0.2690727699530516 0.04005281690140845 0.13086854460093897
0 0.9143926056338029 0.2068661971830986 0.05765845070422535 0.10974178403755869
0 0.891725352112676 0.8450704225352113 0.0528169014084507 0.11619718309859155
0 0.9493838028169014 0.7887323943661971 0.0528169014084507 0.10211267605633803
0 0.05963908450704225 0.9366197183098591 0.018045774647887324 0.05868544600938967
0 0.08450704225352113 0.9586267605633803 0.01584507042253521 0.06044600938967136
0 0.8298855633802817 0.8896713615023474 0.021566901408450703 0.04812206572769953
0 0.8523327464788732 0.8802816901408451 0.023327464788732395 0.06338028169014084
0 0.7772887323943662 0.8990610328638498 0.043133802816901406 0.08568075117370892
0 0.7383362676056338 0.8993544600938967 0.037411971830985914 0.08274647887323944
0 0.6619718309859155 0.9307511737089202 0.020246478873239437 0.06455399061032864
0 0.21985035211267606 0.9730046948356808 0.03829225352112676 0.046948356807511735
