0 0.21588908450704225 0.09741784037558686 0.10959507042253522 0.06338028169014084
0 0.6952024647887324 0.24354460093896713 0.1430457746478873 0.06103286384976526
0 0.5015404929577465 0.6167840375586855 0.16857394366197184 0.0539906103286385
0 0.6808978873239436 0.5889084507042254 0.06954225352112677 0.10269953051643192
0 0.690580985915493 0.29782863849765256 0.15845070422535212 0.051056338028169015
0 0.5325704225352113 0.5419600938967136 0.14964788732394366 0.0534037558685446
0 0.1952024647887324 0.5654342723004695 0.11839788732394366 0.04401408450704225
0 0.5387323943661971 0.4953051643192488 0.14524647887323944 0.04107981220657277
0 0.2011443661971831 0.5011737089201878 0.09683098591549295 0.03990610328638498
0 0.538512323943662 0.7397300469483568 0.14744718309859156 0.04518779342723005
0 0.2913732394366197 0.8433098591549296 0.11179577464788733 0.07746478873239436
0 0.0957306338028169 0.13057511737089203 0.0761443661971831 0.058098591549295774
0 0.7585827464788732 0.5997652582159625 0.08230633802816902 0.08685446009389672
0 0.31954225352112675 0.5727699530516432 0.07306338028169014 0.07863849765258216
0 0.5061619718309859 0.2432511737089202 0.16461267605633803 0.06748826291079812
0 0.2150088028169014 0.03169014084507042 0.09727112676056338 0.062206572769953054
0 0.31294014084507044 0.0539906103286385 0.05721830985915493 0.10211267605633803
0 0.28433098591549294 0.3142605633802817 0.12323943661971831 0.041666666666666664
0 0.48305457746478875 0.3163145539906103 0.1914612676056338 0.04812206572769953
0 0.8435299295774648 0.2661384976525822 0.06998239436619719 0.08744131455399061
0 0.9304577464788732 0.25821596244131456 0.08098591549295775 0.09154929577464789
0 0.8952464788732394 0.6003521126760564 0.12940140845070422 0.10211267605633803
0 0.4966989436619718 0.8163145539906104 0.20026408450704225 0.06338028169014084
0 0.4821742957746479 0.8823356807511737 0.2266725352112676 0.0733568075117371
0 0.8901848591549296 0.8791079812206573 0.09639084507042253 0.19483568075117372
0 0.7711267605633803 0.8744131455399061 0.08274647887323944 0.17136150234741784
0 0.308318661971831 0.7772887323943662 0.12455985915492958 0.04636150234741784
0 0.1758362676056338 0.823943661971831 0.08670774647887323 0.05516431924882629
0 0.6824383802816901 0.8562206572769953 0.09286971830985916 0.1772300469483568
0 0.1837588028169014 0.7678990610328639 0.07702464788732394 0.05927230046948357
0 0.09837147887323944 0.07394366197183098 0.08494718309859155 0.04225352112676056
0 0.11377640845070422 0.034624413145539906 0.08582746478873239 0.03286384976525822
0 0.3981073943661972 0.0443075117370892 0.06558098591549295 0.08274647887323944
0 0.2909330985915493 0.24970657276995306 0.1329225352112676 0.03931924882629108
0 0.383362676056338 0.5818661971830986 0.056338028169014086 0.09800469483568075
