0 0.8613556338028169 0.727112676056338 0.967490600513291 0.9133056850492627
0 0.1382042253521127 0.6607981220657277 0.20152367771771473 0.7625230057969098
0 0.7913732394366197 0.21830985915492956 0.8926974589615156 0.39482493552866493
0 0.22887323943661972 0.45598591549295775 0.30007531987700853 0.5754366279838656
0 0.6698943661971831 0.22241784037558684 0.7747931802965681 0.3959962336617514
0 0.3028169014084507 0.29401408450704225 0.36914488692719694 0.3836302734245851
0 0.5647007042253521 0.4876760563380282 0.6322338465210277 0.6094555891688158
0 0.2720070422535211 0.01936619718309859 0.3506725321116842 0.16196046584672352
0 0.644806338028169 0.4800469483568075 0.7488359127033326 0.6188497377063633
0 0.38204225352112675 0.3075117370892019 0.46197973492362626 0.391838314708281
0 0.7737676056338029 0.4724178403755869 0.8944657713003372 0.6258964684035355
0 0.7130281690140845 0.005868544600938967 0.8073446178833565 0.12969139169917787
0 0.22535211267605634 0.3045774647887324 0.28467194009125174 0.38538463763803477
0 0.40713028169014087 0.7359154929577465 0.4734123546295378 0.8088404251801892
0 0.5611795774647887 0.2505868544600939 0.6520417343409045 0.39187172132954223
0 0.363556338028169 0.013497652582159625 0.4518646318934735 0.1537479473869823
0 0.3829225352112676 0.4665492957746479 0.4883877981799246 0.5918623536996628
0 0.13028169014084506 0.45715962441314556 0.20812927742511406 0.5619382866053914
0 0.5827464788732394 0.09917840375586855 0.6810815376413409 0.14372113943441556
0 0.061619718309859156 0.08157276995305164 0.12057147019440587 0.1895061192664595
0 0.2557218309859155 0.6666666666666666 0.34055646046171395 0.7895148669796557
0 0.14656690140845072 0.31103286384976525 0.20372070118776037 0.39242310277943093
0 0.0022007042253521128 0.6866197183098591 0.03609058067595715 0.7842214673014614
0 0.5919894366197183 0.03051643192488263 0.6916408497197977 0.0921182415305605
0 0.016725352112676055 0.26467136150234744 0.06293277933445746 0.330830591924001
0 0.491637323943662 0.5481220657276995 0.5393962863891093 0.6076595527783288
0 0.3265845070422535 0.5005868544600939 0.3810182286500694 0.5848001250854108
0 0.9348591549295775 0.5217136150234741 0.9894652908649078 0.6417126093808548
0 0.84375 0.0005868544600938967 0.9283258142605634 0.12323909222156097
0 0.9150528169014085 0.22359154929577466 0.999 0.39716925378562457
0 0.24559859154929578 0.9196009389671361 0.35684612738048005 0.9894838022658644
0 0.6998239436619719 0.9477699530516432 0.7875440915740924 0.9953358157552514
0 0.38116197183098594 0.8656103286384976 0.4597794181462011 0.9977314493376535
0 0.5470950704225352 0.687793427230047 0.621238074352807 0.8470142057351937
0 0.15184859154929578 0.8251173708920188 0.23936978495090258 0.8698209405100399
0 0.14524647887323944 0.9154929577464789 0.22660860630331284 0.9624909078886464
0 0.6434859154929577 0.7318075117370892 0.7008611417625471 0.8411198312724547
0 0.7117077464788732 0.687793427230047 0.8333135089144019 0.8769437831999825
0 0.4608274647887324 0.909037558685446 0.5090401287566951 0.985968874672133
0 0.0409330985915493 0.7089201877934272 0.09109113860097202 0.7912506336926095
0 0.14964788732394366 0.8667840375586855 0.23100807751438207 0.9132237182878177
0 0.09463028169014084 0.6924882629107981 0.13508158878446738 0.795955112521766
0 0.20378521126760563 0.664906103286385 0.26267439031194206 0.7836473555731888
0 0.3459507042253521 0.6713615023474179 0.40125618366891486 0.8288313606206881
0 0.06514084507042253 0.5234741784037559 0.12937273730410634 0.6199979611629085
0 0.19718309859154928 0.09213615023474178 0.2591561694108312 0.18656564779915802
0 0.00528169014084507 0.12793427230046947 0.05501528094624082 0.20943196345522272
0 0.07174295774647887 0.25 0.13157053567000596 0.3279049295774648
0 0.9441021126760564 0.0029342723004694834 0.9956231944926602 0.1126743343472415
0 0.2649647887323944 0.857981220657277 0.3709221105683396 0.9267265368423373
