0 0.7539612676056338 0.5290492957746479 0.07746478873239436 0.17546948356807512
0 0.2810299295774648 0.4865023474178404 0.06470070422535211 0.17018779342723006
0 0.8529929577464789 0.18163145539906103 0.11267605633802817 0.20363849765258216
0 0.4456426056338028 0.4800469483568075 0.07702464788732394 0.1607981220657277
0 0.6639524647887324 0.19865023474178403 0.06910211267605634 0.15434272300469484
0 0.4707306338028169 0.7588028169014085 0.06382042253521127 0.12910798122065728
0 0.6263204225352113 0.5011737089201878 0.035211267605633804 0.18309859154929578
0 0.9610475352112676 0.17928403755868544 0.08758802816901408 0.1954225352112676
0 0.3536531690140845 0.4894366197183099 0.0488556338028169 0.15258215962441316
0 0.5680017605633803 0.778462441314554 0.07790492957746478 0.1637323943661972
0 0.40713028169014087 0.7356220657276995 0.0448943661971831 0.11795774647887323
0 0.2616637323943662 0.2112676056338028 0.04445422535211268 0.1068075117370892
0 0.7431778169014085 0.22652582159624413 0.053257042253521125 0.11971830985915492
0 0.4238556338028169 0.25088028169014087 0.058098591549295774 0.13086854460093897
0 0.674955985915493 0.5355046948356808 0.04621478873239437 0.1414319248826291
0 0.316681338028169 0.7300469483568075 0.061179577464788734 0.142018779342723
0 0.5371919014084507 0.4979460093896714 0.058538732394366196 0.18016431924882628
0 0.20268485915492956 0.20980046948356806 0.0488556338028169 0.09448356807511737
0 0.10453345070422536 0.6851525821596244 0.04621478873239437 0.10269953051643192
0 0.1969630281690141 0.5428403755868545 0.05237676056338028 0.07981220657276995
0 0.14084507042253522 0.21185446009389672 0.043133802816901406 0.12441314553990611
0 0.051056338028169015 0.6728286384976526 0.040492957746478875 0.09917840375586855
0 0.9557658450704225 0.5249413145539906 0.07174295774647887 0.18251173708920188
0 0.7200704225352113 0.8025234741784038 0.07570422535211267 0.15316901408450703
0 0.31866197183098594 0.9357394366197183 0.07394366197183098 0.1073943661971831
0 0.457306338028169 0.9465962441314554 0.09066901408450705 0.0880281690140845
0 0.08648767605633803 0.92018779342723 0.06205985915492958 0.14788732394366197
0 0.16703345070422534 0.9439553990610329 0.06910211267605634 0.0886150234741784
0 0.2400968309859155 0.7306338028169014 0.07878521126760564 0.1396713615023474
0 0.9575264084507042 0.8368544600938967 0.07174295774647887 0.1607981220657277
0 0.13798415492957747 0.4536384976525822 0.03477112676056338 0.11267605633802817
0 0.07306338028169014 0.4762323943661972 0.0721830985915493 0.10387323943661972
0 0.17297535211267606 0.7027582159624414 0.03697183098591549 0.13204225352112675
0 0.6474471830985915 0.7901995305164319 0.040492957746478875 0.15082159624413147
0 0.8195422535211268 0.7690727699530516 0.09154929577464789 0.1238262910798122
