0 0.19718309859154928 0.3362676056338028 0.26927940884745094 0.46987308239105996
0 0.8340669014084507 0.30164319248826293 0.8746328930891688 0.3677807258260045
0 0.3908450704225352 0.32511737089201875 0.44437022664153936 0.4340815038903216
0 0.23459507042253522 0.6860328638497653 0.29038970287393373 0.8346912952676938
0 0.565580985915493 0.32629107981220656 0.6084658534392978 0.40649865546959374
0 0.7918133802816901 0.2975352112676056 0.8271162793220591 0.37189111783376316
0 0.9071302816901409 0.07687793427230047 0.9472239743478477 0.15957929698692938
0 0.7557218309859155 0.2975352112676056 0.7901603337011506 0.3801070802750777
0 0.11619718309859155 0.340962441314554 0.18128688504265028 0.471630890586083
0 0.41505281690140844 0.01936619718309859 0.4597645014010117 0.10092760199695827
0 0.34815140845070425 0.01232394366197183 0.4016953558941678 0.09447633571381339
0 0.03873239436619718 0.34976525821596244 0.09329281144614164 0.483362813815601
0 0.746919014084507 0.052230046948356805 0.78972406733535 0.1302510387048425
0 0.797975352112676 0.058098591549295774 0.8359163840879786 0.13963726608477156
0 0.7055457746478874 0.31572769953051644 0.7430873478104543 0.38831236637351496
0 0.5783450704225352 0.03169014084507042 0.6260658692471732 0.119699712358659
0 0.8851232394366197 0.3004694835680751 0.9344695760389803 0.36015230664109854
0 0.7130281690140845 0.45011737089201875 0.7470453221087087 0.5120597902752981
0 0.6936619718309859 0.5534037558685446 0.7373707473715533 0.6293700682183869
0 0.5620598591549296 0.590962441314554 0.6106681074563579 0.6751226746236417
0 0.34903169014084506 0.33274647887323944 0.38805060224905774 0.43935871685512135
0 0.4828345070422535 0.6150234741784038 0.5253156538261258 0.7003432960832287
0 0.7874119718309859 0.4336854460093897 0.8205161038856378 0.4844872737992903
0 0.002640845070422535 0.7429577464788732 0.04137207709283872 0.9050804238577002
0 0.01232394366197183 0.5915492957746479 0.05897344896845864 0.716788996892151
0 0.7552816901408451 0.5416666666666666 0.7941217950307479 0.610010758998435
0 0.7522007042253521 0.44014084507042256 0.7848801933520135 0.4973942835416253
0 0.4119718309859155 0.6390845070422535 0.4703292377504463 0.7243902086226277
0 0.6668133802816901 0.460093896713615 0.7008508743924817 0.5290727148493465
0 0.5215669014084507 0.3257042253521127 0.5622704371032533 0.4094332721682206
0 0.4014084507042254 0.534037558685446 0.4329219152945844 0.6199917619960766
0 0.04445422535211268 0.7417840375586855 0.08228677190785558 0.8516773567854702
0 0.9357394366197183 0.4865023474178404 0.9696585653888117 0.54314172397452
0 0.8776408450704225 0.22300469483568075 0.9230292073745289 0.28684095968612927
0 0.952024647887324 0.22183098591549297 0.9951795666162467 0.2803862494214111
0 0.8411091549295775 0.7347417840375586 0.8777107794212458 0.8035594238356587
0 0.8732394366197183 0.5123239436619719 0.9120276234874033 0.5812721103617007
0 0.8512323943661971 0.07042253521126761 0.876385901234874 0.1519539773854394
0 0.9555457746478874 0.09917840375586855 0.9938575942893275 0.16250048215742027
0 0.832306338028169 0.5134976525821596 0.8649505693934735 0.5941822196874518
0 0.9084507042253521 0.903755868544601 0.9459029706407459 0.9795165751945161
0 0.45202464788732394 0.9102112676056338 0.49319893281342986 0.993010439396945
0 0.7227112676056338 0.8215962441314554 0.7668473982096806 0.8938840397628337
0 0.5955105633802817 0.8591549295774648 0.6397026802097798 0.9554817165906235
0 0.13512323943661972 0.6338028169014085 0.1949229211094029 0.8376562190041659
0 0.6782570422535211 0.818075117370892 0.718891612217318 0.9038626319733739
0 0.4960387323943662 0.8157276995305164 0.544235898445249 0.8874320846833741
0 0.5079225352112676 0.9107981220657277 0.54995249888415 0.9883152593180365
0 0.5514964788732394 0.8814553990610329 0.5930671230286649 0.9724874088033679
0 0.6373239436619719 0.5645539906103286 0.6876596285459234 0.6587062476580925
0 0.8147007042253521 0.19248826291079812 0.8557153606055347 0.2798166148691838
0 0.4498239436619718 0.5146713615023474 0.48131609861634594 0.5988763665718883
0 0.9779929577464789 0.4818075117370892 0.999 0.5402102068593092
0 0.6157570422535211 0.3163145539906103 0.6493768674990081 0.4018096745575172
0 0.6553697183098591 0.30985915492957744 0.6924932351591946 0.4000528995569662
0 0.965669014084507 0.29518779342723006 0.9969341245536599 0.36543709636535965
0 0.7808098591549296 0.7406103286384976 0.8324028125619917 0.8199879047367146
0 0.883362676056338 0.7147887323943662 0.9098224636108906 0.7865523540302851
0 0.9441021126760564 0.6895539906103286 0.9877006592813926 0.7642666936674821
0 0.9568661971830986 0.863849765258216 0.9925365905822258 0.9507841257246137
0 0.4612676056338028 0.01056338028169014 0.5015575406665345 0.1114961482510084
0 0.5066021126760564 0.025821596244131457 0.541150263154632 0.12029001080032621
0 0.6316021126760564 0.015258215962441314 0.6665353863940686 0.12675160902819105
0 0.6654929577464789 0.03345070422535211 0.6955697654235271 0.14434656648813066
0 0.6949823943661971 0.057511737089201875 0.7206448140869867 0.13846390156274108
0 0.8538732394366197 0.01643192488262911 0.8887086825530649 0.07099974652295621
0 0.14964788732394366 0.009389671361502348 0.2085608944157905 0.08450153188300381
0 0.07526408450704225 0.007629107981220657 0.13729081686421343 0.07217862141550398
0 0.009683098591549295 0.005868544600938967 0.05369292117139456 0.07394021799025766
