0 0.5858274647887324 0.7338615023474179 0.07922535211267606 0.14730046948356806
0 0.4027288732394366 0.2813967136150235 0.11267605633802817 0.0698356807511737
0 0.3965669014084507 0.20187793427230047 0.09595070422535211 0.06924882629107981
0 0.38028169014084506 0.8198356807511737 0.09242957746478873 0.18192488262910797
0 0.4821742957746479 0.7767018779342723 0.08846830985915492 0.16607981220657278
0 0.6793573943661971 0.7171361502347418 0.07702464788732394 0.13615023474178403
0 0.9022887323943662 0.4442488262910798 0.06514084507042253 0.0715962441314554
0 0.12081866197183098 0.2811032863849765 0.1131161971830986 0.046948356807511735
0 0.3501320422535211 0.5481220657276995 0.11839788732394366 0.05516431924882629
0 0.2533010563380282 0.2664319248826291 0.10959507042253522 0.045774647887323945
0 0.1192781690140845 0.3342136150234742 0.10651408450704225 0.04518779342723005
0 0.1483274647887324 0.6255868544600939 0.061619718309859156 0.1068075117370892
0 0.7414172535211268 0.36795774647887325 0.09991197183098592 0.06103286384976526
0 0.1324823943661972 0.5120305164319249 0.0625 0.06866197183098592
0 0.2607834507042254 0.3113262910798122 0.1034330985915493 0.04636150234741784
0 0.22931338028169015 0.5733568075117371 0.07746478873239436 0.1643192488262911
0 0.7561619718309859 0.46156103286384975 0.10211267605633803 0.09683098591549295
0 0.9454225352112676 0.6452464788732394 0.06954225352112677 0.07453051643192488
0 0.7537411971830986 0.6839788732394366 0.05677816901408451 0.1402582159624413
0 0.35673415492957744 0.6103286384976526 0.10607394366197183 0.0528169014084507
0 0.6117957746478874 0.25146713615023475 0.0818661971830986 0.07805164319248827
0 0.8600352112676056 0.6552230046948356 0.08626760563380281 0.09096244131455399
0 0.9735915492957746 0.4298708920187793 0.040492957746478875 0.061619718309859156
0 0.8314260563380281 0.22300469483568075 0.08538732394366197 0.057511737089201875
0 0.9680897887323944 0.35093896713615025 0.04973591549295775 0.05516431924882629
0 0.24713908450704225 0.8309859154929577 0.10695422535211267 0.1596244131455399
0 0.13578345070422534 0.8714788732394366 0.09551056338028169 0.18779342723004694
0 0.0409330985915493 0.9160798122065728 0.0625 0.1596244131455399
0 0.9797535211267606 0.8879107981220657 0.03961267605633803 0.142018779342723
0 0.9238556338028169 0.9066901408450704 0.04753521126760563 0.12910798122065728
0 0.8485915492957746 0.9416079812206573 0.045774647887323945 0.11561032863849766
0 0.11421654929577464 0.21830985915492956 0.1430457746478873 0.057511737089201875
0 0.24691901408450703 0.20980046948356806 0.1153169014084507 0.061619718309859156
0 0.4900968309859155 0.1942488262910798 0.08670774647887323 0.057511737089201875
0 0.5193661971830986 0.2634976525821596 0.08714788732394366 0.06924882629107981
0 0.5836267605633803 0.19043427230046947 0.07570422535211267 0.04636150234741784
0 0.6496478873239436 0.18280516431924881 0.0448943661971831 0.04636150234741784
0 0.6784771126760564 0.24442488262910797 0.03917253521126761 0.061619718309859156
0 0.9025088028169014 0.2106807511737089 0.07262323943661972 0.057511737089201875
0 0.7574823943661971 0.23092723004694835 0.06690140845070422 0.061619718309859156
0 0.7339348591549296 0.176056338028169 0.06205985915492958 0.03873239436619718
0 0.7918133802816901 0.14730046948356806 0.056338028169014086 0.04812206572769953
0 0.8789612676056338 0.1505281690140845 0.0994718309859155 0.051056338028169015
0 0.9047095070422535 0.3550469483568075 0.06294014084507042 0.06924882629107981
0 0.8257042253521126 0.4069835680751174 0.04753521126760563 0.125
0 0.6516285211267606 0.4867957746478873 0.06205985915492958 0.0710093896713615
0 0.5814260563380281 0.5299295774647887 0.06690140845070422 0.08450704225352113
0 0.48393485915492956 0.534037558685446 0.09463028169014084 0.0903755868544601
0 0.07350352112676056 0.6335093896713615 0.06426056338028169 0.12030516431924883
