0 0.014964788732394365 0.25821596244131456 0.028169014084507043 0.09741784037558686
0 0.18023767605633803 0.2476525821596244 0.07878521126760564 0.22887323943661972
0 0.27002640845070425 0.2335680751173709 0.08758802816901408 0.18661971830985916
0 0.36795774647887325 0.24119718309859156 0.0880281690140845 0.17488262910798122
0 0.47909330985915494 0.2573356807511737 0.09022887323943662 0.18368544600938966
0 0.5759242957746479 0.2602699530516432 0.07966549295774648 0.17781690140845072
0 0.6492077464788732 0.272887323943662 0.04929577464788732 0.18779342723004694
0 0.7172095070422535 0.26936619718309857 0.07086267605633803 0.1807511737089202
0 0.8298855633802817 0.2869718309859155 0.07350352112676056 0.14906103286384975
0 0.9066901408450704 0.29284037558685444 0.07306338028169014 0.1396713615023474
0 0.9751320422535211 0.3324530516431925 0.04973591549295775 0.16490610328638497
0 0.06756161971830986 0.6892605633802817 0.07878521126760564 0.198943661971831
0 0.15955105633802816 0.7124413145539906 0.08670774647887323 0.1431924882629108
0 0.24493838028169015 0.7133215962441315 0.08142605633802817 0.1414319248826291
0 0.33516725352112675 0.7080399061032864 0.08142605633802817 0.1402582159624413
0 0.42649647887323944 0.7071596244131455 0.0880281690140845 0.13262910798122066
0 0.508362676056338 0.7186032863849765 0.06690140845070422 0.18838028169014084
0 0.5856073943661971 0.7315140845070423 0.07878521126760564 0.18368544600938966
0 0.7431778169014085 0.6998239436619719 0.07086267605633803 0.1449530516431925
0 0.8237235915492958 0.7065727699530516 0.0743838028169014 0.13380281690140844
0 0.9016285211267606 0.7059859154929577 0.06558098591549295 0.13849765258215962
0 0.10189260563380281 0.20305164319248825 0.05941901408450704 0.13028169014084506
