0 0.4467429577464789 0.10534037558685445 0.08538732394366197 0.1954225352112676
0 0.2933538732394366 0.4515845070422535 0.047975352112676055 0.26115023474178406
0 0.24713908450704225 0.4574530516431925 0.04533450704225352 0.2494131455399061
0 0.45752640845070425 0.4894366197183099 0.050616197183098594 0.23708920187793428
0 0.2070862676056338 0.45539906103286387 0.03301056338028169 0.23943661971830985
0 0.19102112676056338 0.8022300469483568 0.03961267605633803 0.21948356807511737
0 0.35321302816901406 0.44630281690140844 0.05501760563380282 0.2658450704225352
0 0.5059419014084507 0.4897300469483568 0.04005281690140845 0.22124413145539906
0 0.12169894366197183 0.14642018779342722 0.042693661971830985 0.23415492957746478
0 0.3382482394366197 0.10886150234741784 0.04533450704225352 0.20715962441314553
0 0.15779049295774647 0.8042840375586855 0.032130281690140844 0.22124413145539906
0 0.16835387323943662 0.4636150234741784 0.03477112676056338 0.22535211267605634
0 0.6815580985915493 0.7913732394366197 0.032130281690140844 0.16842723004694835
0 0.6340228873239436 0.47300469483568075 0.02068661971830986 0.18544600938967137
0 0.05149647887323944 0.49589201877934275 0.02464788732394366 0.18544600938967137
0 0.5977112676056338 0.8365610328638498 0.037852112676056336 0.22946009389671362
0 0.530149647887324 0.11619718309859155 0.04533450704225352 0.18309859154929578
0 0.10101232394366197 0.4735915492957746 0.04005281690140845 0.22417840375586853
0 0.6639524647887324 0.4665492957746479 0.028609154929577465 0.1807511737089202
0 0.24955985915492956 0.11678403755868545 0.03961267605633803 0.21830985915492956
0 0.16153169014084506 0.1311619718309859 0.03961267605633803 0.2282863849765258
0 0.20840669014084506 0.12705399061032863 0.04533450704225352 0.23415492957746478
0 0.2887323943661972 0.11473004694835681 0.040492957746478875 0.20129107981220656
0 0.5484154929577465 0.48063380281690143 0.03433098591549296 0.21830985915492956
0 0.40338908450704225 0.38761737089201875 0.03917253521126761 0.13438967136150234
0 0.31932218309859156 0.8436032863849765 0.037411971830985914 0.27523474178403756
0 0.4810739436619718 0.875293427230047 0.04401408450704225 0.24471830985915494
0 0.27750880281690143 0.8438967136150235 0.047975352112676055 0.22652582159624413
0 0.23459507042253522 0.8201291079812206 0.0448943661971831 0.22241784037558684
0 0.5669014084507042 0.12265258215962441 0.032570422535211266 0.18192488262910797
0 0.594850352112676 0.12588028169014084 0.030369718309859156 0.1789906103286385
0 0.6373239436619719 0.14084507042253522 0.03609154929577465 0.176056338028169
0 0.6835387323943662 0.15786384976525822 0.043133802816901406 0.1596244131455399
0 0.7581426056338029 0.19043427230046947 0.02244718309859155 0.13673708920187794
0 0.78125 0.20099765258215962 0.016725352112676055 0.13673708920187794
0 0.7383362676056338 0.1875 0.023327464788732395 0.14612676056338028
0 0.7134683098591549 0.17370892018779344 0.01936619718309859 0.17018779342723006
0 0.7986355633802817 0.20099765258215962 0.025088028169014086 0.15551643192488263
0 0.8217429577464789 0.2039319248826291 0.01936619718309859 0.1402582159624413
0 0.8397887323943662 0.21742957746478872 0.01936619718309859 0.1426056338028169
0 0.8595950704225352 0.221537558685446 0.01584507042253521 0.1414319248826291
0 0.08604753521126761 0.17693661971830985 0.03477112676056338 0.2306338028169014
0 0.05897887323943662 0.1965962441314554 0.032570422535211266 0.19718309859154928
0 0.032570422535211266 0.21684272300469484 0.03169014084507042 0.18368544600938966
0 0.02112676056338028 0.49002347417840375 0.027288732394366196 0.19718309859154928
0 0.13050176056338028 0.4671361502347418 0.03389084507042254 0.23943661971830985
0 0.606294014084507 0.48034037558685444 0.030369718309859156 0.2106807511737089
0 0.5741637323943662 0.48444835680751175 0.02948943661971831 0.20481220657276994
0 0.5237676056338029 0.8705985915492958 0.03961267605633803 0.20363849765258216
0 0.6450264084507042 0.7975352112676056 0.03389084507042254 0.18661971830985916
0 0.5565580985915493 0.8532863849765259 0.037411971830985914 0.21713615023474178
0 0.382262323943662 0.8547535211267606 0.05677816901408451 0.2623239436619718
0 0.4194542253521127 0.7637910798122066 0.05193661971830986 0.14612676056338028
0 0.11597711267605634 0.7946009389671361 0.026848591549295774 0.20422535211267606
0 0.08648767605633803 0.7811032863849765 0.03389084507042254 0.1983568075117371
0 0.05721830985915493 0.7705399061032864 0.03609154929577465 0.20187793427230047
0 0.023327464788732395 0.7538145539906104 0.029049295774647887 0.1742957746478873
0 0.6965228873239436 0.44190140845070425 0.037411971830985914 0.20892018779342722
0 0.7339348591549296 0.4386737089201878 0.02596830985915493 0.1942488262910798
0 0.761443661971831 0.4386737089201878 0.02464788732394366 0.20011737089201878
0 0.7830105633802817 0.44160798122065725 0.027288732394366196 0.1942488262910798
0 0.8072183098591549 0.43779342723004694 0.023767605633802816 0.18661971830985916
0 0.827024647887324 0.4386737089201878 0.01584507042253521 0.18838028169014084
0 0.8455105633802817 0.4380868544600939 0.01936619718309859 0.17781690140845072
0 0.8646566901408451 0.4339788732394366 0.01716549295774648 0.1789906103286385
0 0.8884242957746479 0.431924882629108 0.023327464788732395 0.15023474178403756
0 0.924955985915493 0.4011150234741784 0.03829225352112676 0.09448356807511737
0 0.7084066901408451 0.7590962441314554 0.03653169014084507 0.20598591549295775
0 0.7438380281690141 0.7450117370892019 0.028169014084507043 0.1954225352112676
0 0.7715669014084507 0.7268192488262911 0.020246478873239437 0.1954225352112676
0 0.7907130281690141 0.7127347417840375 0.026848591549295774 0.1637323943661972
0 0.815580985915493 0.7080399061032864 0.02464788732394366 0.16960093896713616
0 0.8342869718309859 0.7027582159624414 0.01716549295774648 0.17781690140845072
0 0.8556338028169014 0.6883802816901409 0.01936619718309859 0.1607981220657277
0 0.8675176056338029 0.05721830985915493 0.02464788732394366 0.09330985915492958
0 0.9075704225352113 0.07365023474178403 0.016725352112676055 0.10856807511737089
0 0.9161531690140845 0.8600352112676056 0.026848591549295774 0.1613849765258216
0 0.9482834507042254 0.8427230046948356 0.02596830985915493 0.15023474178403756
