0 0.3591549295774648 0.7065727699530516 0.07922535211267606 0.11267605633802817
0 0.581205985915493 0.7743544600938967 0.055897887323943664 0.12147887323943662
0 0.5143045774647887 0.7629107981220657 0.050616197183098594 0.10446009389671361
0 0.4984595070422535 0.3283450704225352 0.04621478873239437 0.08157276995305164
0 0.5695422535211268 0.3198356807511737 0.05721830985915493 0.09272300469483569
0 0.4456426056338028 0.335093896713615 0.03917253521126761 0.06924882629107981
0 0.13336267605633803 0.6229460093896714 0.04665492957746479 0.056924882629107984
0 0.3076584507042254 0.8594483568075117 0.04225352112676056 0.0733568075117371
0 0.06734154929577464 0.1505281690140845 0.03609154929577465 0.05457746478873239
0 0.06910211267605634 0.07775821596244131 0.030809859154929578 0.061619718309859156
0 0.10233274647887323 0.0619131455399061 0.025088028169014086 0.056924882629107984
0 0.10805457746478873 0.13028169014084506 0.02948943661971831 0.04929577464788732
0 0.14194542253521128 0.09360328638497653 0.02948943661971831 0.0721830985915493
0 0.1657130281690141 0.07394366197183098 0.02948943661971831 0.08450704225352113
0 0.1956426056338028 0.05721830985915493 0.02596830985915493 0.07805164319248827
0 0.2304137323943662 0.04196009389671362 0.03477112676056338 0.0721830985915493
0 0.11355633802816902 0.27699530516431925 0.02464788732394366 0.03051643192488263
0 0.140625 0.2643779342723005 0.03389084507042254 0.034624413145539906
0 0.17517605633802816 0.24911971830985916 0.023767605633802816 0.04401408450704225
0 0.1956426056338028 0.1880868544600939 0.02596830985915493 0.03931924882629108
0 0.22931338028169015 0.17546948356807512 0.04665492957746479 0.046948356807511735
0 0.1993838028169014 0.23708920187793428 0.02464788732394366 0.03403755868544601
0 0.23327464788732394 0.2318075117370892 0.04753521126760563 0.03286384976525822
0 0.28807218309859156 0.1511150234741784 0.04621478873239437 0.034624413145539906
0 0.2805897887323944 0.20422535211267606 0.026848591549295774 0.03169014084507042
0 0.31360035211267606 0.19806338028169015 0.03389084507042254 0.04401408450704225
0 0.34837147887323944 0.11737089201877934 0.042693661971830985 0.0539906103286385
0 0.3477112676056338 0.17987089201877934 0.04401408450704225 0.04636150234741784
0 0.3956866197183099 0.1602112676056338 0.03609154929577465 0.0528169014084507
0 0.3939260563380282 0.09800469483568075 0.04401408450704225 0.04812206572769953
0 0.43794014084507044 0.07394366197183098 0.04401408450704225 0.057511737089201875
0 0.4432218309859155 0.14084507042253522 0.0448943661971831 0.0528169014084507
0 0.5039612676056338 0.1164906103286385 0.0721830985915493 0.061619718309859156
0 0.495818661971831 0.0443075117370892 0.07790492957746478 0.061619718309859156
0 0.5774647887323944 0.02142018779342723 0.06778169014084508 0.041666666666666664
0 0.5847271126760564 0.09096244131455399 0.07350352112676056 0.0528169014084507
0 0.10299295774647887 0.4251760563380282 0.04401408450704225 0.022887323943661973
0 0.13402288732394366 0.4642018779342723 0.04533450704225352 0.03755868544600939
0 0.1954225352112676 0.465962441314554 0.0528169014084507 0.03755868544600939
0 0.2581426056338028 0.454518779342723 0.04709507042253521 0.0357981220657277
0 0.2502200704225352 0.4184272300469484 0.05149647887323944 0.03286384976525822
0 0.2405369718309859 0.3685446009389671 0.053257042253521125 0.04225352112676056
0 0.26034330985915494 0.3257042253521127 0.03829225352112676 0.03755868544600939
0 0.1694542253521127 0.3785211267605634 0.03961267605633803 0.022300469483568074
0 0.19960387323943662 0.4169600938967136 0.03389084507042254 0.0357981220657277
0 0.152068661971831 0.4198943661971831 0.04973591549295775 0.02992957746478873
0 0.37786091549295775 0.3415492957746479 0.058538732394366196 0.07511737089201878
0 0.3320862676056338 0.42370892018779344 0.03301056338028169 0.046948356807511735
0 0.3659771126760563 0.4184272300469484 0.03477112676056338 0.04812206572769953
0 0.4086707746478873 0.4184272300469484 0.04621478873239437 0.0539906103286385
0 0.4777728873239437 0.42018779342723006 0.07790492957746478 0.04812206572769953
0 0.5481954225352113 0.4078638497652582 0.04973591549295775 0.07511737089201878
0 0.16549295774647887 0.5434272300469484 0.02464788732394366 0.04812206572769953
0 0.2011443661971831 0.5607394366197183 0.032570422535211266 0.05575117370892019
0 0.18816021126760563 0.6358568075117371 0.025088028169014086 0.028755868544600938
0 0.21412852112676056 0.642018779342723 0.02068661971830986 0.03169014084507042
0 0.6503080985915493 0.7960680751173709 0.05765845070422535 0.13204225352112675
0 0.23569542253521128 0.653169014084507 0.02244718309859155 0.04225352112676056
0 0.28411091549295775 0.659037558685446 0.06294014084507042 0.036384976525821594
0 0.11817781690140845 0.7922535211267606 0.026848591549295774 0.07042253521126761
0 0.15140845070422534 0.8051643192488263 0.03961267605633803 0.07863849765258216
0 0.1487676056338028 0.7247652582159625 0.06338028169014084 0.07042253521126761
0 0.1835387323943662 0.8359741784037559 0.02464788732394366 0.0886150234741784
0 0.20400528169014084 0.8594483568075117 0.018045774647887324 0.06044600938967136
0 0.24735915492957747 0.8729460093896714 0.06690140845070422 0.09917840375586855
0 0.4392605633802817 0.6954225352112676 0.03961267605633803 0.1056338028169014
0 0.476012323943662 0.7059859154929577 0.026848591549295774 0.09624413145539906
0 0.936399647887324 0.5833333333333334 0.12191901408450705 0.21830985915492956
0 0.9370598591549296 0.2306338028169014 0.12588028169014084 0.1960093896713615
0 0.950044014084507 0.9457159624413145 0.09991197183098592 0.08509389671361503
0 0.44608274647887325 0.9278169014084507 0.04181338028169014 0.07042253521126761
0 0.49911971830985913 0.9457159624413145 0.06866197183098592 0.08274647887323944
0 0.15404929577464788 0.9703638497652582 0.035211267605633804 0.05927230046948357
