0 0.5154049295774648 0.47007042253521125 0.5856006140274747 0.5924471417708127
0 0.8477112676056338 0.48532863849765256 0.9406480144068637 0.6323442907051071
0 0.31294014084507044 0.24471830985915494 0.35417564254364214 0.3355371371421014
0 0.36399647887323944 0.232981220657277 0.41269190295824243 0.3238069359033701
0 0.3019366197183099 0.6954225352112676 0.35902203493850426 0.752526160484031
0 0.24735915492957747 0.2546948356807512 0.29962704262547113 0.33905240913399015
0 0.2623239436619718 0.009389671361502348 0.323388061644515 0.13555786991117283
0 0.4220950704225352 0.47476525821596244 0.4962930919584408 0.5830547152240517
0 0.22535211267605634 0.5105633802816901 0.28731278516167424 0.5572121106923229
0 0.5999119718309859 0.48884976525821594 0.6757922922659194 0.6059337736119377
0 0.6769366197183099 0.7834507042253521 0.769508390572307 0.8663242660186471
0 0.7095070422535211 0.3644366197183099 0.7435257451398531 0.43699270151424985
0 0.1073943661971831 0.09624413145539906 0.16192456233882166 0.18891065485243227
0 0.3855633802816901 0.6907276995305164 0.44437255132910136 0.7443129532279751
0 0.46830985915492956 0.2323943661971831 0.5218009199563579 0.326741552601997
0 0.3419894366197183 0.009389671361502348 0.37088820887472723 0.11912594502854372
0 0.3089788732394366 0.5352112676056338 0.3827865409888911 0.5748032797725319
0 0.11267605633802817 0.26467136150234744 0.1434363221583019 0.3355254276047521
0 0.7557218309859155 0.3615023474178404 0.7861990660955167 0.4334732967444731
0 0.6329225352112676 0.1443661971830986 0.7409186080390795 0.30566645176221646
0 0.07482394366197183 0.27699530516431925 0.10648115143324736 0.3519501201260773
0 0.21390845070422534 0.03814553990610329 0.2609093712804999 0.15079921036390487
0 0.9529049295774648 0.49589201877934275 0.999 0.6405540539795895
0 0.2363556338028169 0.6866197183098591 0.2837868153020234 0.7390336738742312
0 0.7007042253521126 0.49061032863849763 0.7505718731402499 0.6182566840794376
0 0.15404929577464788 0.2564553990610329 0.1922737459085499 0.3443330660803633
0 0.0528169014084507 0.11678403755868545 0.08448379537790121 0.20943850702021205
0 0.03389084507042254 0.27992957746478875 0.06864705508579647 0.36192492395688686
0 0.19586267605633803 0.25586854460093894 0.2336285815686372 0.32790148559589144
0 0.4357394366197183 0.22769953051643194 0.4711990583465582 0.3191151998060349
0 0.741637323943662 0.47300469483568075 0.8399024483609403 0.6341120864466927
0 0.772887323943662 0.13673708920187794 0.8856633418468558 0.2921732763561022
0 0.6170774647887324 0.9295774647887324 0.6832671313975401 0.9906516564173775
0 0.3001760563380282 0.8403755868544601 0.34933971124280894 0.8985678547025502
0 0.9247359154929577 0.8720657276995305 0.999 0.9255445623663735
0 0.4410211267605634 0.8585680751173709 0.5116896914054752 0.903838868500518
0 0.46830985915492956 0.755868544600939 0.5244417650267804 0.8076550067226521
0 0.5352112676056338 0.8873239436619719 0.6005566851815115 0.9355121338358791
0 0.5717429577464789 0.7863849765258216 0.6331110286277525 0.8410878022438228
0 0.4375 0.9196009389671361 0.5090503961267606 0.9677701872423903
0 0.9251760563380281 0.7987089201877934 0.999 0.8633810393660869
0 0.7838908450704225 0.8233568075117371 0.8733345550857965 0.9003384056293945
0 0.8992077464788732 0.09213615023474178 0.9903612641960919 0.28750461493530827
0 0.019806338028169015 0.12206572769953052 0.05280818383009323 0.2229330600189557
0 0.37764084507042256 0.0017605633802816902 0.4285309679379091 0.11619614990411956
0 0.43882042253521125 0.0029342723004694834 0.49848643467317993 0.09917668176508188
0 0.5052816901408451 0.0017605633802816902 0.5591966189744098 0.07687690107782846
0 0.547975352112676 0.20305164319248825 0.6018714897217814 0.33262731711080257
0 0.30545774647887325 0.4753521126760563 0.3665028795129935 0.5296506149573497
0 0.3617957746478873 0.8591549295774648 0.4250168152400317 0.935528664947431
0 0.37455985915492956 0.7341549295774648 0.4258914789352311 0.7883015522713748
0 0.5211267605633803 0.9389671361502347 0.6045241519539774 0.9988621084881747
