0 0.35079225352112675 0.40375586854460094 0.4342646160855981 0.5420165751945161
0 0.35563380281690143 0.09507042253521127 0.426339949910732 0.23762026383654036
0 0.7940140845070423 0.14906103286384975 0.8733300994346359 0.29862144305583105
0 0.15360915492957747 0.5322769953051644 0.20283731991420353 0.6704622787586237
0 0.8846830985915493 0.13908450704225353 0.9415120232840706 0.25696063115783907
0 0.5818661971830986 0.2746478873239437 0.6625960095963103 0.41591863386894135
0 0.6461267605633803 0.4865023474178404 0.7369515287145407 0.6387990009698252
0 0.6698943661971831 0.23767605633802816 0.7422227577613568 0.36840511968524764
0 0.4920774647887324 0.3051643192488263 0.5741672194257091 0.4382011946483282
0 0.445862676056338 0.07042253521126761 0.5143284055122992 0.1842309726906037
0 0.037411971830985914 0.607981220657277 0.08449057571662369 0.7361455509268444
0 0.22183098591549297 0.5193661971830986 0.26706785608014283 0.6364322968326391
0 0.6069542253521126 0.028169014084507043 0.663905389865602 0.12439661442835416
0 0.09242957746478873 0.5657276995305164 0.14608607853104544 0.7103487513500408
0 0.5246478873239436 0.03403755868544601 0.5877972500495934 0.1508016211510062
0 0.06558098591549295 0.2834507042253521 0.1214500083688752 0.3859838904317926
0 0.40669014084507044 0.6977699530516432 0.4575674779309661 0.7959520129383499
0 0.6883802816901409 0.01056338028169014 0.7492568748760167 0.08508769754678304
0 0.5616197183098591 0.5375586854460094 0.6265133716028566 0.6657643434944567
0 0.011003521126760563 0.3057511737089202 0.05721346676006745 0.4082712727853821
0 0.6747359154929577 0.7582159624413145 0.7765516127132513 0.8164564460314312
0 0.2918133802816901 0.7746478873239436 0.3423011384769887 0.8628083052304437
0 0.815580985915493 0.7024647887323944 0.9010494801998612 0.8059257835746876
0 0.8261443661971831 0.3826291079812207 0.8979638449092442 0.5355735744671472
0 0.9194542253521126 0.3626760563380282 0.965264324724757 0.4792472558354824
0 0.1742957746478873 0.852112676056338 0.2252753979865106 0.935532797725319
0 0.3569542253521127 0.7447183098591549 0.4043323264853204 0.8411122545129935
0 0.6861795774647887 0.8257042253521126 0.778307139270482 0.8833182486940422
0 0.12720070422535212 0.25586854460093894 0.18920457715483038 0.34433341047852056
0 0.17913732394366197 0.17488262910798122 0.2706077740651656 0.3144513599594437
0 0.2649647887323944 0.13849765258215962 0.34363337817397344 0.26811121029778046
0 0.2671654929577465 0.45481220657276994 0.3484739588499306 0.5865875515219643
0 0.43882042253521125 0.38204225352112675 0.503768124814025 0.5056443414005157
0 0.1056338028169014 0.8791079812206573 0.16104505554453483 0.9654465328748705
0 0.025528169014084508 0.9225352112676056 0.09241834147490577 0.9959374793361105
0 0.22095070422535212 0.7975352112676056 0.2727900745139853 0.8692502727633407
0 0.46566901408450706 0.6232394366197183 0.52312250483535 0.740244577795411
0 0.5176056338028169 0.5751173708920188 0.5556700679428686 0.7162117855804624
0 0.5695422535211268 0.8937793427230047 0.5692915747123587 0.8932548243293879
0 0.5673415492957746 0.8802816901408451 0.6643629658673874 0.924952886332077
0 0.5506161971830986 0.8215962441314554 0.6225569470963103 0.8815600961008618
0 0.42077464788732394 0.9178403755868545 0.5152197294683595 0.9853768542396791
0 0.897887323943662 0.6185446009389671 0.9731963524102362 0.7161863001168198
0 0.9308978873239436 0.7963615023474179 0.9969494287467764 0.9267626986488571
0 0.8481514084507042 0.8532863849765259 0.9054365530772664 0.9519640338116334
