0 0.42649647887323944 0.18838028169014084 0.5447066476765522 0.47993639654830395
0 0.30061619718309857 0.18368544600938966 0.41492050343433845 0.4752443160528114
0 0.5074823943661971 0.6396713615023474 0.6560266362700853 0.9133570003747051
0 0.5642605633802817 0.176056338028169 0.7048572796816108 0.48581217351054684
0 0.7130281690140845 0.1807511737089202 0.8394748995734973 0.49050425400603936
0 0.17033450704225353 0.5487089201877934 0.2556468598120412 0.672800053450594
0 0.8860035211267606 0.2887323943661972 0.99344806183049 0.4951357204258414
0 0.00044014084507042255 0.6971830985915493 0.15889065134645905 0.8921964887919064
0 0.6927816901408451 0.7071596244131455 0.8878993038335647 0.9109699767462364
0 0.20290492957746478 0.14730046948356806 0.29568534114015077 0.469397124137627
0 0.10695422535211267 0.13262910798122066 0.19493531944306686 0.46940573409156033
0 0.037411971830985914 0.6015258215962441 0.1747194489560603 0.6663136585554013
0 0.2640845070422535 0.5674882629107981 0.34275348393175953 0.6680941970288082
0 0.018045774647887324 0.1402582159624413 0.10254487421890499 0.4512087686526042
0 0.05765845070422535 0.5492957746478874 0.17823166441430272 0.5912269390993851
0 0.9075704225352113 0.7306338028169014 0.9841956116097996 0.8956979848575017
0 0.1694542253521127 0.67018779342723 0.2547669655698274 0.8992545846282705
0 0.2548415492957746 0.6766431924882629 0.3361554394589367 0.8992507962485398
0 0.33846830985915494 0.6666666666666666 0.42062567415939295 0.8963223787167449
0 0.4242957746478873 0.6713615023474179 0.49849282756397545 0.9057092948929886
0 0.3767605633802817 0.562793427230047 0.48178839763935727 0.651078172871344
