0 0.8694982394366197 0.7802230046948356 0.07086267605633803 0.18485915492957747
0 0.9126320422535211 0.19953051643192488 0.13336267605633803 0.11384976525821597
0 0.3259242957746479 0.8045774647887324 0.08758802816901408 0.24882629107981222
0 0.22227112676056338 0.7928403755868545 0.09507042253521127 0.22417840375586853
0 0.42715669014084506 0.8136737089201878 0.09375 0.24119718309859156
0 0.11663732394366197 0.7790492957746479 0.09330985915492958 0.20246478873239437
0 0.6285211267605634 0.7901995305164319 0.08538732394366197 0.21654929577464788
0 0.7244718309859155 0.33480046948356806 0.2367957746478873 0.07687793427230047
0 0.37125880281690143 0.38615023474178406 0.18705985915492956 0.09859154929577464
0 0.03345070422535211 0.783744131455399 0.06602112676056338 0.20246478873239437
0 0.6927816901408451 0.21742957746478872 0.2007042253521127 0.1402582159624413
0 0.5347711267605634 0.7966549295774648 0.09683098591549295 0.20011737089201878
0 0.710387323943662 0.7799295774647887 0.07570422535211267 0.215962441314554
0 0.7904929577464789 0.772593896713615 0.0801056338028169 0.20598591549295775
0 0.11817781690140845 0.34624413145539906 0.23547535211267606 0.2112676056338028
0 0.9253961267605634 0.3397887323943662 0.14216549295774647 0.15375586854460094
0 0.8890845070422535 0.4524647887323944 0.17165492957746478 0.06455399061032864
0 0.9632482394366197 0.7761150234741784 0.05501760563380282 0.24354460093896713
