0 0.29995598591549294 0.9099178403755869 0.08142605633802817 0.0897887323943662
0 0.9264964788732394 0.3130868544600939 0.07658450704225352 0.22241784037558684
0 0.9366197183098591 0.6628521126760564 0.08098591549295775 0.232981220657277
0 0.6049735915492958 0.6282276995305164 0.14216549295774647 0.061619718309859156
0 0.8518926056338029 0.6651995305164319 0.08142605633802817 0.22593896713615025
0 0.7513204225352113 0.6223591549295775 0.10827464788732394 0.06514084507042253
0 0.3536531690140845 0.23327464788732394 0.10695422535211267 0.11091549295774648
0 0.11971830985915492 0.24442488262910797 0.1267605633802817 0.08274647887323944
0 0.8474911971830986 0.30633802816901406 0.06998239436619719 0.2335680751173709
0 0.24889964788732394 0.24677230046948356 0.08054577464788733 0.0698356807511737
0 0.5836267605633803 0.24178403755868544 0.10387323943661972 0.09741784037558686
0 0.3175616197183099 0.6197183098591549 0.11839788732394366 0.08450704225352113
0 0.4709507042253521 0.23796948356807512 0.11619718309859155 0.11443661971830986
0 0.5834066901408451 0.5093896713615024 0.13424295774647887 0.06572769953051644
0 0.17847711267605634 0.8389084507042254 0.12720070422535212 0.12265258215962441
0 0.4553257042253521 0.6232394366197183 0.14128521126760563 0.0715962441314554
0 0.7440580985915493 0.5090962441314554 0.10431338028169014 0.04753521126760563
0 0.3017165492957746 0.8271713615023474 0.09110915492957747 0.061619718309859156
0 0.8538732394366197 0.9002347417840375 0.04841549295774648 0.07276995305164319
0 0.9817341549295775 0.9375 0.05149647887323944 0.1238262910798122
0 0.9212147887323944 0.9301643192488263 0.06426056338028169 0.1255868544600939
0 0.6190580985915493 0.8893779342723005 0.14128521126760563 0.13086854460093897
0 0.7295334507042254 0.8934859154929577 0.06558098591549295 0.1073943661971831
0 0.4185739436619718 0.9055164319248826 0.15845070422535212 0.09624413145539906
0 0.304137323943662 0.7731807511737089 0.10299295774647887 0.051056338028169015
0 0.8736795774647887 0.9281103286384976 0.03433098591549296 0.10035211267605634
0 0.4628080985915493 0.812793427230047 0.11399647887323944 0.06690140845070422
0 0.18155809859154928 0.9398474178403756 0.1386443661971831 0.05575117370892019
0 0.05743838028169014 0.9128521126760564 0.10431338028169014 0.09917840375586855
0 0.0488556338028169 0.49061032863849763 0.09595070422535211 0.15375586854460094
0 0.04445422535211268 0.6126760563380281 0.08714788732394366 0.08098591549295775
0 0.16637323943661972 0.5674882629107981 0.14084507042253522 0.17488262910798122
0 0.5913292253521126 0.5718896713615024 0.14656690140845072 0.04518779342723005
0 0.7475792253521126 0.562206572769953 0.14128521126760563 0.03755868544600939
0 0.691681338028169 0.2676056338028169 0.09903169014084508 0.0539906103286385
0 0.34903169014084506 0.5522300469483568 0.0801056338028169 0.04225352112676056
0 0.37455985915492956 0.5041079812206573 0.0994718309859155 0.04812206572769953
