0 0.45686619718309857 0.22887323943661972 0.6441651117089864 0.5010393936388282
0 0.04841549295774648 0.22593896713615025 0.24161601430767707 0.49341200764839427
0 0.6544894366197183 0.20598591549295775 0.7219830592268399 0.496357989486213
0 0.573943661971831 0.6742957746478874 0.6665607642332871 0.8787122677378827
0 0.2522007042253521 0.20774647887323944 0.4501530806759571 0.4887278483105204
0 0.125 0.596244131455399 0.30188160211267606 0.8852134717538407
0 0.6826584507042254 0.6731220657276995 0.7857910834283872 0.8722575574731645
0 0.3274647887323944 0.6578638497652582 0.4884122073993255 0.7730881080693865
0 0.31690140845070425 0.7740610328638498 0.4848957300138861 0.8903908092530143
0 0.8006161971830986 0.710093896713615 0.999 0.8675410247085014
0 0.3265845070422535 0.5551643192488263 0.482690763861337 0.6546037768079526
0 0.0008802816901408451 0.5927230046948356 0.1227989083267209 0.8846286836826909
0 0.8846830985915493 0.21244131455399062 0.9643993472277325 0.49928847340695187
0 0.4841549295774648 0.6772300469483568 0.5644876078655029 0.8798842546672838
0 0.7315140845070423 0.20774647887323944 0.8007343688008332 0.5010517919724923
0 0.801056338028169 0.2300469483568075 0.861883337879389 0.5027992682227953
0 0.7257922535211268 0.6203051643192489 0.8808425210151756 0.664542074434085
0 0.6883802816901409 0.5598591549295775 0.8676547621999603 0.6164554817165906
0 0.0017605633802816902 0.2153755868544601 0.04797457721682206 0.48402853545372393
