0 0.00044014084507042255 0.03931924882629108 0.21786952458589567 0.4395309159337874
0 0.23899647887323944 0.11619718309859155 0.46248283605683393 0.3866688983667262
0 0.47491197183098594 0.11737089201877934 0.7018156197307082 0.44417994665961336
0 0.7130281690140845 0.10387323943661972 0.9319044770382859 0.43362448753554184
0 0.00044014084507042255 0.6555164319248826 0.09418994712110693 0.9297796265070862
0 0.09903169014084508 0.6349765258215962 0.2345514825307479 0.9115991921796821
0 0.2482394366197183 0.6455399061032864 0.3779717256000793 0.9203958099142586
0 0.3926056338028169 0.5645539906103286 0.5979786066752629 0.9374621162026934
0 0.6069542253521126 0.5616197183098591 0.8236765166261654 0.9374638381934801
0 0.8327464788732394 0.5146713615023474 0.998313051725848 0.6364350520178976
0 0.829225352112676 0.6443661971830986 0.999 0.7754434470673809
0 0.827024647887324 0.7822769953051644 0.999 0.9308789454252904
