0 0.3701584507042254 0.19483568075117372 0.40960820490726046 0.36901711521082675
0 0.10915492957746478 0.22065727699530516 0.1548815339218409 0.38426017765434545
0 0.6126760563380281 0.18779342723004694 0.6625824489188653 0.36550012122815134
0 0.20906690140845072 0.20833333333333334 0.25430938956804205 0.3719434663536776
0 0.46258802816901406 0.19483568075117372 0.5134407623115453 0.3725382419713901
0 0.16153169014084506 0.215962441314554 0.20459439626314221 0.3719389891776323
0 0.06426056338028169 0.22124413145539906 0.1091266458787939 0.3813255609557187
0 0.11751760563380281 0.5809859154929577 0.15751869823695697 0.6416778251669643
0 0.1619718309859155 0.5035211267605634 0.19711180817298155 0.5754087317331217
0 0.3336267605633803 0.5046948356807511 0.36913132624975203 0.5765817518569949
0 0.16593309859154928 0.5815727699530516 0.20239175479815513 0.6440248986091826
0 0.31514084507042256 0.2007042253521127 0.3612169274449514 0.37018738014944125
0 0.41329225352112675 0.2007042253521127 0.46108569883207695 0.36666625338887787
0 0.08274647887323944 0.5786384976525821 0.11660090383852412 0.6440266205999692
0 0.3296654929577465 0.43661971830985913 0.3651718021597897 0.5067860212920716
0 0.2574823943661972 0.20539906103286384 0.30710498134050784 0.3719451883444643
0 0.5638204225352113 0.19190140845070422 0.6106673325605039 0.36549771044105006
0 0.5149647887323944 0.18896713615023475 0.5600726387373537 0.3654994324318367
0 0.7816901408450704 0.49295774647887325 0.819198199761952 0.5648515506182635
0 0.20598591549295775 0.5017605633802817 0.24286708366395554 0.5619121123454341
0 0.6632922535211268 0.18309859154929578 0.7118559453109502 0.36550287641341
0 0.8595950704225352 0.7769953051643192 0.9032308120288634 0.8446144393749035
0 0.6456866197183099 0.5757042253521126 0.6858953844103353 0.6340518167691596
0 0.2909330985915493 0.5011737089201878 0.32865715972773263 0.5601518933633097
0 0.4621478873239437 0.4953051643192488 0.5002367306833961 0.5613290462650709
0 0.5066021126760564 0.5 0.5499530800560405 0.5689553990610329
0 0.6461267605633803 0.4935446009389671 0.6880958949117238 0.5589826616191672
0 0.695862676056338 0.4964788732394366 0.7342887928362428 0.5589809396283806
0 0.7764084507042254 0.7893192488262911 0.8125984117734577 0.8457809159337873
0 0.6029929577464789 0.7916666666666666 0.641459950282682 0.8504743740219092
0 0.11883802816901408 0.5129107981220657 0.1544371311495735 0.572468949062135
0 0.02948943661971831 0.5041079812206573 0.07525110500148781 0.5648450070532743
0 0.2517605633802817 0.5035211267605634 0.2846603166534418 0.5613242246908682
0 0.5127640845070423 0.57981220657277 0.5499503679205514 0.6328756970618704
0 0.37544014084507044 0.7893192488262911 0.4140072886704027 0.8504757516145385
0 0.07746478873239436 0.5158450704225352 0.1130821017655227 0.5724672270713482
0 0.6967429577464789 0.5768779342723005 0.7325278420080341 0.6311168556723754
0 0.29225352112676056 0.5845070422535211 0.32953686024598294 0.6340466507967996
0 0.4652288732394366 0.5786384976525821 0.5033163605311446 0.6346369492384668
0 0.3644366197183099 0.4284037558685446 0.41533255430470145 0.5050302794859927
0 0.37808098591549294 0.57981220657277 0.4179673939322555 0.6334625515219643
0 0.3657570422535211 0.5105633802816901 0.41709253651309264 0.5777520167956093
0 0.20290492957746478 0.5803990610328639 0.24110787635141837 0.6363964794242765
0 0.5554577464788732 0.5721830985915493 0.5939456612031343 0.6281853385571646
0 0.7125880281690141 0.18485915492957747 0.7690525580861932 0.3643281342987503
0 0.7350352112676056 0.5710093896713615 0.7813666218260266 0.6299465907337609
0 0.8217429577464789 0.698943661971831 0.8543918384869074 0.7666086011373405
0 0.7350352112676056 0.5 0.7796060584457449 0.5578051643192489
0 0.784330985915493 0.5751173708920188 0.8209576007984527 0.6299441799466596
0 0.7363556338028169 0.4307511737089202 0.7804857589639953 0.49387866715157924
0 0.5514964788732394 0.8562206572769953 0.5926269821835944 0.9155773352950253
0 0.46963028169014087 0.8509389671361502 0.5072756908971434 0.91088559919769
0 0.4242957746478873 0.8485915492957746 0.4602005740428487 0.9103001223302254
0 0.3019366197183099 0.8392018779342723 0.33921569691033526 0.9056107970199916
0 0.12147887323943662 0.8374413145539906 0.16235850401706012 0.8950484499327734
0 0.3371478873239437 0.8474178403755869 0.37529174828902995 0.910887665586634
0 0.46566901408450706 0.7799295774647887 0.503316166807181 0.8393310272432718
0 0.5088028169014085 0.7775821596244131 0.5464309846756596 0.83463756915515
0 0.20642605633802816 0.8427230046948356 0.24154646740478078 0.9015007494103904
0 0.5514964788732394 0.7705399061032864 0.5913065596483832 0.8369891197734136
0 0.7275528169014085 0.7740610328638498 0.7659649855559413 0.8358133444642818
0 0.5079225352112676 0.8509389671361502 0.5429102453630232 0.9067776179770327
0 0.4225352112676056 0.7811032863849765 0.4610816306288435 0.8428514652075206
0 0.3886443661971831 0.8585680751173709 0.42544513892332875 0.9102942675615509
0 0.815580985915493 0.7740610328638498 0.8561551140026781 0.8340527810840002
0 0.7746478873239436 0.8485915492957746 0.8178808768101568 0.912647540170601
0 0.016725352112676055 0.21713615023474178 0.06733418778516168 0.37369886376159933
0 0.018926056338028168 0.4295774647887324 0.06865364170055545 0.510311280830523
0 0.19454225352112675 0.42488262910798125 0.23186859936024598 0.5038586369547489
0 0.10607394366197183 0.4254694835680751 0.15004134069381075 0.5026845836364037
0 0.15316901408450703 0.4284037558685446 0.19711568265225154 0.5044434250258988
0 0.018045774647887324 0.4284037558685446 0.06777374745834161 0.5091382607066499
0 0.23899647887323944 0.43133802816901406 0.28422579380331287 0.4997468673543609
0 0.28433098591549294 0.42370892018779344 0.32469879798155127 0.5085541614318146
0 0.4612676056338028 0.43133802816901406 0.5028779632017457 0.49681259505389147
0 0.41505281690140844 0.4284037558685446 0.4632856281615751 0.49974858934514754
0 0.5088028169014085 0.42664319248826293 0.5490718297460822 0.4938810779386806
0 0.5691021126760564 0.4119718309859155 0.5688516275912517 0.4117300634794684
0 0.5514964788732394 0.42077464788732394 0.5974685314793692 0.5026873388216624
0 0.5933098591549296 0.4225352112676056 0.641464212209879 0.4985783244065331
0 0.639524647887324 0.41784037558685444 0.6854579557007539 0.4938862439110406
0 0.6901408450704225 0.414906103286385 0.7373722971632612 0.5015170738830479
0 0.7816901408450704 0.41784037558685444 0.8231594673675858 0.5015153518922613
0 0.8257042253521126 0.42077464788732394 0.870235165393771 0.4909502496197844
0 0.4141725352112676 0.5088028169014085 0.45888460715879786 0.5689502330886729
0 0.5506161971830986 0.5029342723004695 0.5974689189272963 0.5630851324693072
0 0.5990316901408451 0.5046948356807511 0.6427821163335647 0.5630840992748353
0 0.596830985915493 0.5762910798122066 0.6449837891787344 0.6393331625118474
0 0.4128521126760563 0.5704225352112676 0.4580049066405475 0.6393366064934206
0 0.3314260563380282 0.5780516431924883 0.3744139850104146 0.6375715659370935
0 0.24471830985915494 0.5780516431924883 0.28862468384249157 0.6363978570169058
0 0.029049295774647887 0.5839201877934272 0.07525129872545129 0.6363944130353325
0 0.11795774647887323 0.7629107981220657 0.16852202563975402 0.83112505234852
0 0.16637323943661972 0.7699530516431925 0.20591268783475503 0.8340551918711014
0 0.20290492957746478 0.6954225352112676 0.23890717212606624 0.7625026863056272
0 0.24471830985915494 0.704225352112676 0.2842232753917873 0.7713003372346757
0 0.28741197183098594 0.710093896713615 0.32689814613915885 0.7754048744737596
0 0.3283450704225352 0.7071596244131455 0.3766160453035112 0.7783408687650157
0 0.37544014084507044 0.710093896713615 0.41620799289575483 0.7771654378540412
0 0.4119718309859155 0.7130281690140845 0.4632869842293196 0.775403152482973
0 0.460387323943662 0.7130281690140845 0.5072797591003769 0.7724688801825035
0 0.5066021126760564 0.7112676056338029 0.5490727983658996 0.7771647490577267
0 0.542693661971831 0.704225352112676 0.5921907158177941 0.7783425907558025
0 0.5858274647887324 0.7083333333333334 0.6348653928412021 0.7900772691705791
0 0.6329225352112676 0.7130281690140845 0.6876615657855584 0.7889008050651326
0 0.6747359154929577 0.7200704225352113 0.7285762606005753 0.7859623999867751
0 0.7222711267605634 0.7071596244131455 0.7690482961589963 0.777167159844828
0 0.7715669014084507 0.6936619718309859 0.8152413878074787 0.7742408087019771
0 0.6826584507042254 0.7875586854460094 0.7228509425833168 0.8399134045273204
0 0.6439260563380281 0.7904929577464789 0.6788539057850626 0.8399116825365338
0 0.32922535211267606 0.7904929577464789 0.3766156578555842 0.8428459548370033
0 0.28741197183098594 0.7816901408450704 0.28728547008282085 0.7812314024995041
0 0.289612676056338 0.7893192488262911 0.3268971775193414 0.8340438267319095
0 0.2381161971830986 0.7863849765258216 0.28730716716673277 0.8399140933236351
0 0.19850352112676056 0.7834507042253521 0.24110981359105335 0.8369815430139523
0 0.15889084507042253 0.8421361502347418 0.2037152769167824 0.8973931125878905
0 0.2367957746478873 0.8491784037558685 0.2939098610146796 0.9073655056315987
0 0.5911091549295775 0.857981220657277 0.6361834906888514 0.9179237199409289
0 0.6430457746478874 0.8550469483568075 0.6810549974583416 0.9132306062509643
0 0.6848591549295775 0.8538732394366197 0.7285718049494148 0.9132312950472791
0 0.735475352112676 0.8509389671361502 0.7725636112006546 0.9132330170380656
0 0.00044014084507042255 0.6807511737089202 0.04533431331829002 0.8939666953205935
