0 0.0371919014084507 0.34917840375586856 0.042693661971830985 0.17136150234741784
0 0.11949823943661972 0.3444835680751174 0.08318661971830986 0.16549295774647887
0 0.24933978873239437 0.375 0.09463028169014084 0.18661971830985916
0 0.18463908450704225 0.3324530516431925 0.02596830985915493 0.14730046948356806
0 0.2962147887323944 0.18456572769953053 0.06690140845070422 0.13086854460093897
0 0.3492517605633803 0.3550469483568075 0.07526408450704225 0.1807511737089202
0 0.36619718309859156 0.18280516431924881 0.051056338028169015 0.14612676056338028
0 0.43705985915492956 0.1942488262910798 0.0801056338028169 0.17488262910798122
0 0.43882042253521125 0.3761737089201878 0.0880281690140845 0.17136150234741784
0 0.528169014084507 0.19865023474178403 0.0880281690140845 0.1742957746478873
0 0.5292693661971831 0.3785211267605634 0.08318661971830986 0.17253521126760563
0 0.6613116197183099 0.3911384976525822 0.08582746478873239 0.1954225352112676
0 0.7605633802816901 0.3914319248826291 0.08538732394366197 0.1983568075117371
0 0.628080985915493 0.18720657276995306 0.05545774647887324 0.13380281690140844
0 0.6930017605633803 0.19336854460093897 0.04973591549295775 0.12147887323943662
0 0.5935299295774648 0.3711854460093897 0.03829225352112676 0.17312206572769953
0 0.07504401408450705 0.7758215962441315 0.08670774647887323 0.1643192488262911
0 0.257262323943662 0.6446596244131455 0.06734154929577464 0.13086854460093897
0 0.34639084507042256 0.6132629107981221 0.08098591549295775 0.12206572769953052
0 0.3459507042253521 0.7494131455399061 0.0801056338028169 0.1443661971830986
0 0.43221830985915494 0.6170774647887324 0.07658450704225352 0.12030516431924883
0 0.4315580985915493 0.7878521126760564 0.08670774647887323 0.16960093896713616
0 0.5191461267605634 0.6100352112676056 0.06998239436619719 0.10387323943661972
0 0.5308098591549296 0.8089788732394366 0.09154929577464789 0.17312206572769953
0 0.5917693661971831 0.6047535211267606 0.05765845070422535 0.09330985915492958
0 0.6159771126760564 0.8086854460093896 0.06998239436619719 0.15492957746478872
0 0.700044014084507 0.8072183098591549 0.07790492957746478 0.1789906103286385
0 0.7790492957746479 0.7916666666666666 0.05985915492957746 0.1596244131455399
0 0.04731514084507042 0.5848004694835681 0.0743838028169014 0.08274647887323944
0 0.1269806338028169 0.5900821596244131 0.07350352112676056 0.08157276995305164
0 0.9394806338028169 0.3130868544600939 0.10519366197183098 0.09683098591549295
0 0.8743397887323944 0.7570422535211268 0.08318661971830986 0.15023474178403756
0 0.9350792253521126 0.7089201877934272 0.04181338028169014 0.11737089201877934
