0 0.3419894366197183 0.5880281690140845 0.3942156736634596 0.7443732229055082
0 0.7830105633802817 0.10622065727699531 0.824919449575977 0.1777545653419736
0 0.45598591549295775 0.5938967136150235 0.5169647949315612 0.754933159205625
0 0.7654049295774648 0.4665492957746479 0.8051208605063479 0.527895217549428
0 0.3613556338028169 0.12441314553990611 0.4034501075555445 0.1971100861821949
0 0.5871478873239436 0.5880281690140845 0.6458683327960723 0.75669716656748
0 0.2125880281690141 0.590962441314554 0.2697127693537989 0.7549348811964116
0 0.08054577464788733 0.5757042253521126 0.1553342668245388 0.7508358543278449
0 0.6822183098591549 0.40023474178403756 0.7175694461664353 0.4669012706914413
0 0.8248239436619719 0.10387323943661972 0.8697954119966276 0.17716908847450905
0 0.5928697183098591 0.19072769953051644 0.6309010256521523 0.2516486339791488
0 0.44850352112676056 0.11267605633802817 0.49143991922485625 0.18009819480261852
0 0.5220070422535211 0.5956572769953051 0.5789955954919659 0.7578663983116225
0 0.45422535211267606 0.1942488262910798 0.4953986684189645 0.25634140327095595
0 0.7319542253521126 0.18661971830985916 0.7694841750768696 0.2493036269258745
0 0.18221830985915494 0.1238262910798122 0.21999022081432257 0.19006817705922546
0 0.59375 0.10446009389671361 0.6335414832746479 0.17071334501531885
0 0.7715669014084507 0.4025821596244131 0.8086392751314223 0.46631303863871804
0 0.735475352112676 0.1073943661971831 0.7756445971161476 0.16953791410434438
0 0.14612676056338028 0.5645539906103286 0.21164343012299147 0.7567109424937732
0 0.49559859154929575 0.11208920187793427 0.5420353879438604 0.18479337488152703
0 0.7209507042253521 0.33568075117370894 0.7584854970491967 0.40355887279860697
0 0.27244718309859156 0.1238262910798122 0.31105966233138266 0.1841996324582865
0 0.18970070422535212 0.2142018779342723 0.2287897444083515 0.2674799284753907
0 0.22931338028169015 0.1255868544600939 0.2644237177023408 0.187132871564284
0 0.4014084507042254 0.19953051643192488 0.4412845913509224 0.25809886706782165
0 0.09859154929577464 0.2112676056338028 0.13816083118428885 0.2663079415459896
0 0.37191901408450706 0.40316901408450706 0.4118081342367586 0.46689954870065464
0 0.14216549295774647 0.21185446009389672 0.18039517363866295 0.2657207426877383
0 0.2852112676056338 0.40316901408450706 0.323377987998413 0.470420675461218
0 0.2764084507042254 0.20833333333333334 0.3136987638861337 0.25926741001564946
0 0.3182218309859155 0.12617370892018778 0.35373317701100976 0.18419825486565716
0 0.7231514084507042 0.4119718309859155 0.7589246692744495 0.46806809164848245
0 0.009242957746478873 0.5745305164319249 0.08274241067000596 0.7332309093213428
0 0.32130281690140844 0.20657276995305165 0.3563726660136878 0.25692102536974587
0 0.6452464788732394 0.19483568075117372 0.6850152964441578 0.24988565981176575
0 0.6901408450704225 0.19131455399061034 0.7250483535012895 0.24577974498005248
0 0.2420774647887324 0.4025821596244131 0.27806246590458245 0.46866045647909366
0 0.545774647887324 0.1942488262910798 0.5855872470739932 0.25575454881086207
0 0.19674295774647887 0.4055164319248826 0.23494861665592146 0.4710061523286826
0 0.3301056338028169 0.4025821596244131 0.36605189012596706 0.46748674755890585
0 0.2367957746478873 0.20833333333333334 0.26926197369073596 0.25926741001564946
0 0.8617957746478874 0.40316901408450706 0.899268575803412 0.46866011208093633
0 0.05413732394366197 0.1402582159624413 0.09240574941727832 0.20766416771363708
0 0.6351232394366197 0.1056338028169014 0.6863401746305297 0.1818628909607882
0 0.8089788732394366 0.4647887323943662 0.850436188876215 0.5355253587251206
0 0.9238556338028169 0.7447183098591549 0.9758257677668122 0.8651732873768433
0 0.7825704225352113 0.18955399061032863 0.8213985165393771 0.24695448709471227
0 0.8230633802816901 0.18309859154929578 0.8609933699910732 0.25341367453547575
0 0.2632042253521127 0.5938967136150235 0.334831336168419 0.7578674315060945
0 0.3930457746478873 0.5938967136150235 0.46109461013439795 0.7578674315060945
0 0.11047535211267606 0.39906103286384975 0.15664151613023208 0.46162026934691086
0 0.11047535211267606 0.4636150234741784 0.15972250204572505 0.526136376159933
0 0.15096830985915494 0.3961267605633803 0.19183496113122397 0.46631682701844873
0 0.15889084507042253 0.4765258215962441 0.2059159811421345 0.5319973440014106
0 0.20158450704225353 0.4765258215962441 0.24462958428387221 0.5378658886023496
0 0.2367957746478873 0.4782863849765258 0.28422676242313033 0.5349305831074082
0 0.27992957746478875 0.4782863849765258 0.31809862254512994 0.5319963108069387
0 0.32922535211267606 0.4765258215962441 0.3664924184189645 0.5349316163018801
0 0.3701584507042254 0.4694835680751174 0.4052067964565562 0.5308277678591108
0 0.4097711267605634 0.4753521126760563 0.4566858401730808 0.5366928684784765
0 0.4581866197183099 0.4724178403755869 0.5019990375793493 0.5396288627697327
0 0.5044014084507042 0.4794600938967136 0.5424716543096607 0.5366904576913751
0 0.5492957746478874 0.4765258215962441 0.5855856972822853 0.5337579073816924
0 0.5880281690140845 0.4823943661971831 0.6282623115453283 0.533754463400119
0 0.6307218309859155 0.4724178403755869 0.6669759146870661 0.5396288627697327
0 0.6738556338028169 0.4724178403755869 0.7140520001611783 0.5278917735678548
0 0.7222711267605634 0.4735915492957746 0.7571644933420949 0.5366939016729485
0 0.4097711267605634 0.40316901408450706 0.45228443172237653 0.4733549477616875
0 0.45026408450704225 0.40199530516431925 0.49407998939942466 0.4674870919570632
0 0.49559859154929575 0.3961267605633803 0.5415952470987899 0.47511964391985717
0 0.5418133802816901 0.39436619718309857 0.5886699765051577 0.4674915691331085
0 0.1892605633802817 0.33392018779342725 0.23099064235766714 0.4012124881527034
0 0.23371478873239437 0.32981220657276994 0.2754253015894664 0.3971069177191474
0 0.269806338028169 0.33274647887323944 0.3159023739709383 0.3971051957283608
0 0.31161971830985913 0.33274647887323944 0.3634191814620115 0.39593148680817297
0 0.363556338028169 0.32981220657276994 0.40829068823150166 0.4018017533998986
0 0.4040492957746479 0.33274647887323944 0.45140666844376115 0.4029737403292998
0 0.4480633802816901 0.32981220657276994 0.4976020847798056 0.4018017533998986
0 0.4977992957746479 0.33274647887323944 0.5424745601691132 0.4106028483105204
0 0.5374119718309859 0.3315727699530516 0.5833902236039477 0.40004015682514493
0 0.5836267605633803 0.3286384976525822 0.6295846713201746 0.40884469571734
0 0.6263204225352113 0.3210093896713615 0.6744602462928982 0.40591490059291585
0 0.6738556338028169 0.323943661971831 0.7162527043865304 0.4059131786021292
0 0.7627640845070423 0.323943661971831 0.8099635721459035 0.3912418170997818
0 0.8177816901408451 0.3257042253521127 0.8526330186222971 0.3941750562057793
0 0.8763204225352113 0.3345070422535211 0.911145985729518 0.3912356179329498
0 0.011443661971830986 0.2142018779342723 0.05545270965582226 0.2815644355176442
0 0.05765845070422535 0.2112676056338028 0.0959253263861337 0.2727633406070224
0 0.3569542253521127 0.1965962441314554 0.39508936873884154 0.26690340596001677
0 0.49867957746478875 0.19190140845070422 0.5393931868056933 0.25810334424386694
0 0.6857394366197183 0.10856807511737089 0.7272509949662765 0.1730583520685931
0 0.5418133802816901 0.11561032863849766 0.5855889905896647 0.18185703619211355
0 0.3996478873239437 0.12617370892018778 0.4456867746974807 0.18889309054640835
0 0.1311619718309859 0.13615023474178403 0.17643874913211666 0.2064928695805506
0 0.09154929577464789 0.13497652582159625 0.13244209978178934 0.20355928607639578
0 0.0013204225352112676 0.15082159624413147 0.04753463009571513 0.2035499873261478
0 0.002640845070422535 0.06866197183098592 0.04533334469847253 0.14373904813859684
0 0.037852112676056336 0.06279342723004695 0.08272981861237849 0.1349396752187617
0 0.08054577464788733 0.05868544600938967 0.12672511189496133 0.13787635830633252
0 0.1267605633802817 0.05575117370892019 0.17423998214639952 0.13024897231589852
0 0.17297535211267606 0.04988262910798122 0.21823372563727433 0.12438387169653288
0 0.2125880281690141 0.04107981220657277 0.2644310792129538 0.1173467841477661
0 0.2601232394366197 0.04988262910798122 0.3027024105460226 0.11851532709559391
0 0.30633802816901406 0.051056338028169015 0.3488968582622496 0.12144891059974873
0 0.3503521126760563 0.04107981220657277 0.39641269713350524 0.12028105644823558
0 0.39524647887323944 0.03814553990610329 0.4426077260216227 0.11734850613855276
0 0.445862676056338 0.03814553990610329 0.4932016449489189 0.1261513230399612
0 0.4942781690140845 0.03814553990610329 0.5424761099608213 0.11734850613855276
0 0.539612676056338 0.03931924882629108 0.5899913676601864 0.11734781734223809
0 0.5867077464788732 0.036384976525821594 0.6405868363791907 0.11148099473208578
0 0.6351232394366197 0.029342723004694836 0.684579611250248 0.11441939981044325
0 0.6848591549295775 0.029342723004694836 0.7294520866395556 0.11148512750997376
0 0.7275528169014085 0.023474178403755867 0.7835706193587582 0.1114885714915471
0 0.7803697183098591 0.02171361502347418 0.8240403302296171 0.1085553323855496
0 0.8213028169014085 0.014671361502347418 0.8671561167179132 0.09506181258127797
0 0.00044014084507042255 0.3257042253521127 0.0488554400788534 0.537954398928784
0 0.9137323943661971 0.903755868544601 0.9758302234179728 0.9971222089973331
0 0.9564260563380281 0.5762910798122066 0.999 0.7062345709625516
