0 0.03169014084507042 0.2300469483568075 0.3349332349732196 0.4846067799598845
0 0.3529929577464789 0.22887323943661972 0.6384889995784567 0.4922365767374198
0 0.6558098591549296 0.2576291079812207 0.9240071259422733 0.49926195474883733
0 0.9388204225352113 0.2634976525821596 0.9960656600252926 0.5145167267297053
0 0.09463028169014084 0.7012910798122066 0.2099055324464392 0.9009968949062136
0 0.22095070422535212 0.6578638497652582 0.32252599000694304 0.8663979672243161
0 0.3477112676056338 0.653169014084507 0.4421885073646102 0.8634664501091053
0 0.4480633802816901 0.6502347417840375 0.5257710988643127 0.863468172099892
0 0.5325704225352113 0.6848591549295775 0.6225648897788137 0.8980722657541492
0 0.6307218309859155 0.7071596244131455 0.7285956329969252 0.9221202114880205
0 0.7830105633802817 0.8186619718309859 0.7826659284492165 0.8181815364015076
