0 0.07570422535211267 0.2852112676056338 0.13996478873239437 0.1795774647887324
0 0.20356514084507044 0.23415492957746478 0.037411971830985914 0.1607981220657277
0 0.28257042253521125 0.21742957746478872 0.07306338028169014 0.24237089201877934
0 0.5209066901408451 0.2775821596244131 0.13424295774647887 0.14906103286384975
0 0.9181338028169014 0.25 0.14788732394366197 0.22417840375586853
0 0.6613116197183099 0.32981220657276994 0.09903169014084508 0.06338028169014084
0 0.2944542253521127 0.6434859154929577 0.09242957746478873 0.0886150234741784
0 0.44850352112676056 0.5704225352112676 0.09154929577464789 0.11737089201877934
0 0.5495158450704225 0.596244131455399 0.10079225352112677 0.17488262910798122
0 0.4537852112676056 0.6602112676056338 0.10827464788732394 0.05868544600938967
0 0.024867957746478875 0.875 0.04533450704225352 0.11267605633802817
0 0.09132922535211267 0.8711854460093896 0.06998239436619719 0.09917840375586855
0 0.23349471830985916 0.8937793427230047 0.11047535211267606 0.1443661971830986
0 0.3512323943661972 0.9022887323943662 0.07834507042253522 0.10035211267605634
0 0.4639084507042254 0.9066901408450704 0.13996478873239437 0.11619718309859155
0 0.704225352112676 0.5874413145539906 0.15933098591549297 0.18661971830985916
0 0.8428697183098591 0.607981220657277 0.10387323943661972 0.1443661971830986
0 0.9269366197183099 0.8433098591549296 0.1056338028169014 0.17018779342723006
0 0.6007922535211268 0.8166079812206573 0.14348591549295775 0.0886150234741784
0 0.6276408450704225 0.897887323943662 0.14524647887323944 0.09389671361502347
0 0.7794894366197183 0.3174882629107981 0.11619718309859155 0.08098591549295775
0 0.9665492957746479 0.6117957746478874 0.06690140845070422 0.13086854460093897
0 0.3496919014084507 0.23327464788732394 0.04533450704225352 0.10269953051643192
0 0.40889084507042256 0.2414906103286385 0.04401408450704225 0.07687793427230047
0 0.3888644366197183 0.3204225352112676 0.11399647887323944 0.0539906103286385
0 0.04401408450704225 0.1176643192488263 0.07922535211267606 0.13556338028169015
0 0.12632042253521128 0.12411971830985916 0.06954225352112677 0.13086854460093897
0 0.16131161971830985 0.8615023474178404 0.04533450704225352 0.08568075117370892
0 0.7475792253521126 0.8345070422535211 0.08230633802816902 0.1431924882629108
