0 0.042913732394366196 0.27142018779342725 0.08142605633802817 0.3174882629107981
0 0.15580985915492956 0.3198356807511737 0.10387323943661972 0.23943661971830985
0 0.2689260563380282 0.3198356807511737 0.10035211267605634 0.2335680751173709
0 0.3774207746478873 0.31778169014084506 0.09375 0.2318075117370892
0 0.4819542253521127 0.19043427230046947 0.0880281690140845 0.13673708920187794
0 0.48525528169014087 0.3559272300469484 0.10607394366197183 0.16725352112676056
0 0.5950704225352113 0.3482981220657277 0.09595070422535211 0.18485915492957747
0 0.7057658450704225 0.3477112676056338 0.09375 0.18016431924882628
0 0.8085387323943662 0.35093896713615025 0.09595070422535211 0.18661971830985916
0 0.8853433098591549 0.3626760563380282 0.05501760563380282 0.14788732394366197
0 0.9683098591549296 0.3629694835680751 0.06338028169014084 0.16842723004694835
0 0.1368838028169014 0.7541079812206573 0.18397887323943662 0.2711267605633803
0 0.3316461267605634 0.7740610328638498 0.18265845070422534 0.3145539906103286
0 0.6630721830985915 0.7620305164319249 0.17473591549295775 0.2963615023474178
0 0.8305457746478874 0.7643779342723005 0.15316901408450703 0.301056338028169
0 0.9625880281690141 0.7517605633802817 0.07482394366197183 0.28169014084507044
