0 0.03807218309859155 0.07746478873239436 0.07526408450704225 0.1396713615023474
0 0.12235915492957747 0.07453051643192488 0.07130281690140845 0.11854460093896714
0 0.2013644366197183 0.07541079812206573 0.07790492957746478 0.13556338028169015
0 0.28433098591549294 0.07365023474178403 0.07922535211267606 0.13556338028169015
0 0.37235915492957744 0.07247652582159625 0.08098591549295775 0.13556338028169015
0 0.45356514084507044 0.07247652582159625 0.07702464788732394 0.13556338028169015
0 0.5380721830985915 0.07247652582159625 0.06998239436619719 0.1414319248826291
0 0.617737676056338 0.07365023474178403 0.07350352112676056 0.1414319248826291
0 0.6998239436619719 0.06924882629107981 0.0721830985915493 0.13262910798122066
0 0.7678257042253521 0.07306338028169014 0.053257042253521125 0.1402582159624413
0 0.852112676056338 0.07306338028169014 0.07658450704225352 0.13673708920187794
0 0.9348591549295775 0.10475352112676056 0.07130281690140845 0.0886150234741784
0 0.061399647887323945 0.488556338028169 0.07086267605633803 0.15199530516431925
0 0.14150528169014084 0.4935446009389671 0.08494718309859155 0.1596244131455399
0 0.22513204225352113 0.49735915492957744 0.07790492957746478 0.15199530516431925
0 0.3028169014084507 0.47417840375586856 0.06426056338028169 0.15610328638497653
0 0.37632042253521125 0.4665492957746479 0.08714788732394366 0.17136150234741784
0 0.3690580985915493 0.29518779342723006 0.07878521126760564 0.1443661971830986
0 0.4581866197183099 0.30927230046948356 0.07922535211267606 0.17018779342723006
0 0.460387323943662 0.47857981220657275 0.07658450704225352 0.15669014084507044
0 0.5382922535211268 0.4750586854460094 0.07658450704225352 0.17312206572769953
0 0.6133362676056338 0.4688967136150235 0.07526408450704225 0.176056338028169
0 0.6566901408450704 0.2913732394366197 0.06338028169014084 0.13673708920187794
0 0.6797975352112676 0.45011737089201875 0.053257042253521125 0.12910798122065728
0 0.7717869718309859 0.460387323943662 0.0743838028169014 0.16255868544600938
0 0.8345070422535211 0.44630281690140844 0.05985915492957746 0.1637323943661972
0 0.7075264084507042 0.2790492957746479 0.03125 0.125
0 0.948943661971831 0.32071596244131456 0.0721830985915493 0.15669014084507044
0 0.9337588028169014 0.4650821596244131 0.06910211267605634 0.15669014084507044
0 0.04621478873239437 0.7966549295774648 0.0721830985915493 0.2963615023474178
0 0.1133362676056338 0.8022300469483568 0.05765845070422535 0.2981220657276995
0 0.1837588028169014 0.829225352112676 0.058538732394366196 0.25586854460093894
0 0.25286091549295775 0.7984154929577465 0.0743838028169014 0.3174882629107981
0 0.32548415492957744 0.8051643192488263 0.07086267605633803 0.3427230046948357
0 0.40008802816901406 0.7984154929577465 0.06866197183098592 0.32922535211267606
0 0.46830985915492956 0.812793427230047 0.06338028169014084 0.2828638497652582
0 0.5292693661971831 0.8028169014084507 0.061179577464788734 0.2934272300469484
0 0.6368838028169014 0.6945422535211268 0.07130281690140845 0.1426056338028169
0 0.5902288732394366 0.8245305164319249 0.056338028169014086 0.13849765258215962
0 0.6670334507042254 0.8436032863849765 0.06998239436619719 0.1637323943661972
0 0.7222711267605634 0.6895539906103286 0.06778169014084508 0.11737089201877934
0 0.7533010563380281 0.8171948356807511 0.0664612676056338 0.13204225352112675
0 0.8254841549295775 0.823943661971831 0.07350352112676056 0.15845070422535212
0 0.9264964788732394 0.7080399061032864 0.08098591549295775 0.1613849765258216
0 0.9082306338028169 0.8515258215962441 0.06998239436619719 0.13849765258215962
0 0.9733714788732394 0.8450704225352113 0.04621478873239437 0.11619718309859155
0 0.9852552816901409 0.7130281690140845 0.02948943661971831 0.13145539906103287
