0 0.04973591549295775 0.2347417840375587 0.0721830985915493 0.29225352112676056
0 0.13358274647887325 0.24295774647887325 0.08230633802816902 0.3145539906103286
0 0.24075704225352113 0.24002347417840375 0.09154929577464789 0.28169014084507044
0 0.33516725352112675 0.22593896713615025 0.09022887323943662 0.31572769953051644
0 0.4275968309859155 0.19571596244131456 0.08318661971830986 0.3855633802816901
0 0.6109154929577465 0.2177230046948357 0.07570422535211267 0.3568075117370892
0 0.6952024647887324 0.20774647887323944 0.08582746478873239 0.357981220657277
0 0.8633362676056338 0.24442488262910797 0.1694542253521127 0.3174882629107981
0 0.03961267605633803 0.7051056338028169 0.07834507042253522 0.40199530516431925
0 0.1212588028169014 0.7004107981220657 0.07350352112676056 0.3984741784037559
0 0.20818661971830985 0.6998239436619719 0.08714788732394366 0.4125586854460094
0 0.2966549295774648 0.6954225352112676 0.08362676056338028 0.4061032863849765
0 0.4022887323943662 0.7253521126760564 0.06866197183098592 0.3368544600938967
0 0.6137764084507042 0.7464788732394366 0.18265845070422534 0.2652582159624413
0 0.8158010563380281 0.7312206572769953 0.18529929577464788 0.26173708920187794
0 0.9579665492957746 0.7059859154929577 0.07878521126760564 0.3192488262910798
0 0.981294014084507 0.2658450704225352 0.037411971830985914 0.27816901408450706
0 0.4647887323943662 0.7089201877934272 0.04753521126760563 0.30985915492957744
