0 0.0761443661971831 0.19278169014084506 0.14524647887323944 0.2529342723004695
0 0.23349471830985916 0.15933098591549297 0.17825704225352113 0.306924882629108
0 0.4060299295774648 0.16490610328638497 0.1580105633802817 0.2992957746478873
0 0.5728433098591549 0.15786384976525822 0.1500880281690141 0.3039906103286385
0 0.7341549295774648 0.1443661971830986 0.14788732394366197 0.2828638497652582
0 0.8730193661971831 0.16461267605633803 0.11399647887323944 0.26936619718309857
0 0.9722711267605634 0.1795774647887324 0.05545774647887324 0.23826291079812206
0 0.07504401408450705 0.5868544600938967 0.1430457746478873 0.2828638497652582
0 0.23129401408450703 0.590669014084507 0.16065140845070422 0.25410798122065725
0 0.39106514084507044 0.5765845070422535 0.1500880281690141 0.25880281690140844
0 0.5545774647887324 0.5757042253521126 0.15669014084507044 0.27230046948356806
0 0.7064260563380281 0.5674882629107981 0.1311619718309859 0.25586854460093894
0 0.8514524647887324 0.5560446009389671 0.13424295774647887 0.25997652582159625
0 0.9650088028169014 0.5924295774647887 0.06998239436619719 0.16490610328638497
0 0.030809859154929578 0.9022887323943662 0.04841549295774648 0.14612676056338028
0 0.109375 0.897593896713615 0.08582746478873239 0.1402582159624413
0 0.18904049295774647 0.8990610328638498 0.06910211267605634 0.12793427230046947
0 0.27024647887323944 0.9105046948356808 0.08450704225352113 0.0897887323943662
0 0.4282570422535211 0.9084507042253521 0.05721830985915493 0.08568075117370892
0 0.4907570422535211 0.8931924882629108 0.056338028169014086 0.1068075117370892
0 0.5596390845070423 0.8955399061032864 0.05413732394366197 0.1056338028169014
0 0.6234595070422535 0.8773474178403756 0.05765845070422535 0.06572769953051644
0 0.6855193661971831 0.8629694835680751 0.053257042253521125 0.125
0 0.75 0.8764671361502347 0.04841549295774648 0.0886150234741784
0 0.8153609154929577 0.869131455399061 0.0488556338028169 0.09741784037558686
0 0.9225352112676056 0.8720657276995305 0.04841549295774648 0.09741784037558686
0 0.969850352112676 0.8705985915492958 0.037411971830985914 0.1426056338028169
