0 0.02464788732394366 0.06807511737089202 0.08009478526086095 0.34620418126914854
0 0.0880281690140845 0.06044600938967136 0.1478485791509621 0.3491429307456633
0 0.15096830985915494 0.0528169014084507 0.2120814400044634 0.3567765159029293
0 0.21875 0.057511737089201875 0.28291428257042256 0.35970803301814014
0 0.2878521126760563 0.06807511737089202 0.346264149598294 0.35970183385130816
0 0.352112676056338 0.07511737089201878 0.40961614758976395 0.3579371376931385
0 0.41505281690140844 0.08568075117370892 0.47252858590805397 0.3579309385263065
0 0.47491197183098594 0.08157276995305164 0.5416043521250744 0.35969391269368955
0 0.5470950704225352 0.08450704225352113 0.589988074352807 0.364387026383654
0 0.608274647887324 0.19248826291079812 0.6889928368627256 0.2991828120522824
0 0.6927816901408451 0.1942488262910798 0.7637795855237056 0.31150572251978226
0 0.769806338028169 0.18661971830985916 0.8425308950976989 0.31151019969582755
0 0.8450704225352113 0.20011737089201878 0.9036773457647292 0.31913138651942957
0 0.9119718309859155 0.21830985915492956 0.965707758877207 0.32205498247702175
0 0.01232394366197183 0.45774647887323944 0.057653026433247365 0.7338862990147457
0 0.06294014084507042 0.45774647887323944 0.12189131155772664 0.7415154069959664
0 0.125 0.45481220657276994 0.1839238556338028 0.741517128986753
0 0.2051056338028169 0.5375586854460094 0.2749977528020234 0.7326657519451608
0 0.31161971830985913 0.5387323943661971 0.35285580118032134 0.7027354856840574
0 0.3767605633802817 0.5463615023474179 0.4487778342590756 0.7338342948929886
0 0.4581866197183099 0.5375586854460094 0.5314884741990676 0.7479239679076022
0 0.542693661971831 0.5886150234741784 0.6159583214515969 0.7461334418876325
0 0.6161971830985915 0.4636150234741784 0.6845879413806785 0.5777795686481959
0 0.6205985915492958 0.5897887323943662 0.6947092435776632 0.740264208490379
0 0.7007042253521126 0.6050469483568075 0.7716986337036302 0.741428963058476
0 0.7266725352112676 0.45129107981220656 0.7954548096235866 0.5895238902113779
0 0.772887323943662 0.6050469483568075 0.8266844686074192 0.7402552541382882
0 0.8023767605633803 0.45481220657276994 0.8605623341722872 0.5895218238224338
0 0.8327464788732394 0.602112676056338 0.8966405165145804 0.7431912484295444
0 0.920774647887324 0.45598591549295775 0.9758271238345566 0.5895211350261191
0 0.90625 0.602112676056338 0.9780342209507042 0.7373227038286054
0 0.03609154929577465 0.8714788732394366 0.08757214280400714 0.999
0 0.10959507042253522 0.8667840375586855 0.1702862697753422 0.999
0 0.18970070422535212 0.8744131455399061 0.25123692750694304 0.999
0 0.2649647887323944 0.8820422535211268 0.31898549085002975 0.999
0 0.34286971830985913 0.8656103286384976 0.3981765538211664 0.999
0 0.4163732394366197 0.8849765258215962 0.47913011741221984 0.999
0 0.4850352112676056 0.8685446009389671 0.5504027133753223 0.9942086005863034
0 0.9322183098591549 0.8034037558685446 0.999 0.9431904907535982
