0 0.1327024647887324 0.6276408450704225 0.08230633802816902 0.3855633802816901
0 0.21610915492957747 0.636443661971831 0.05985915492957746 0.3914319248826291
0 0.30303697183098594 0.6945422535211268 0.04621478873239437 0.3174882629107981
0 0.3514524647887324 0.7018779342723005 0.0488556338028169 0.33568075117370894
0 0.44608274647887325 0.6766431924882629 0.06205985915492958 0.38380281690140844
0 0.5127640845070423 0.6810446009389671 0.06866197183098592 0.3984741784037559
0 0.6065140845070423 0.721830985915493 0.07130281690140845 0.40492957746478875
0 0.6941021126760564 0.7312206572769953 0.0880281690140845 0.4272300469483568
0 0.7962147887323944 0.7359154929577465 0.05985915492957746 0.41784037558685444
0 0.8752200704225352 0.7720070422535211 0.08230633802816902 0.3644366197183099
0 0.9733714788732394 0.8265845070422535 0.053257042253521125 0.3104460093896714
0 0.2638644366197183 0.24882629107981222 0.0743838028169014 0.2335680751173709
0 0.3727992957746479 0.2746478873239437 0.05985915492957746 0.176056338028169
0 0.5136443661971831 0.2409037558685446 0.06866197183098592 0.2705399061032864
0 0.652068661971831 0.35534037558685444 0.12191901408450705 0.08157276995305164
0 0.8340669014084507 0.34242957746478875 0.18045774647887325 0.13438967136150234
0 0.6668133802816901 0.1875 0.1311619718309859 0.07922535211267606
