0 0.0008802816901408451 0.20011737089201878 0.3138200350872843 0.41537551797482863
0 0.3160211267605634 0.10387323943661972 0.4140334414054751 0.4048686189909409
0 0.417693661971831 0.1267605633802817 0.49849573342342796 0.3895969715003637
0 0.5237676056338029 0.11150234741784038 0.6969525670749851 0.38197681787123366
0 0.71875 0.14906103286384975 0.8561977332746479 0.38841017545019724
0 0.8767605633802817 0.18368544600938966 0.9947725525689347 0.392497837179572
0 0.22799295774647887 0.5223004694835681 0.3044771157756398 0.6904211851704909
0 0.3058978873239437 0.5234741784037559 0.38014705198621307 0.6904204963741761
0 0.008802816901408451 0.7687793427230047 0.24823556214044834 0.8921544722167118
0 0.006602112676056338 0.8955399061032864 0.23899357301378693 0.9959533216513479
0 0.3609154929577465 0.9014084507042254 0.4707918505752827 0.999
0 0.2720070422535211 0.7822769953051644 0.3427499969004166 0.98956439143468
0 0.5382922535211268 0.45774647887323944 0.5842701178461615 0.7297783177940884
0 0.5902288732394366 0.4647887323943662 0.6485078217987502 0.7491403821992991
0 0.6602112676056338 0.46830985915492956 0.7096565971533425 0.7309458275474443
0 0.7200704225352113 0.4618544600938967 0.7435210957647292 0.7010200384623861
0 0.7786091549295775 0.4935446009389671 0.8258016685057528 0.7326915818069607
0 0.840669014084507 0.47124413145539906 0.8878342125818289 0.7356389412374088
0 0.8983274647887324 0.47417840375586856 0.9428264403764135 0.7373977826269039
0 0.9639084507042254 0.4859154929577465 0.9982553219847252 0.7356303312834755
0 0.5268485915492958 0.903169014084507 0.5904371265001984 0.999
0 0.6205985915492958 0.9043427230046949 0.6823852999156914 0.9912533199982367
0 0.7007042253521126 0.886150234741784 0.7536528590557429 0.999
0 0.7684859154929577 0.8656103286384976 0.8095209128893077 0.999
0 0.855193661971831 0.8755868544600939 0.9080742985642729 0.9672091626440962
0 0.9264964788732394 0.8714788732394366 0.988148549085003 0.9942068785955167
0 0.07526408450704225 0.08333333333333333 0.30850560559660783 0.18187597809076683
