0 0.0035211267605633804 0.5299295774647887 0.041811830489982146 0.8107218723136943
0 0.04973591549295775 0.5387323943661971 0.0981295176428288 0.818345814322555
0 0.10167253521126761 0.556924882629108 0.15356440469400912 0.8365276262425886
0 0.15580985915492956 0.5598591549295775 0.20635747805494942 0.8652817727964028
0 0.21214788732394366 0.5657276995305164 0.27983620251438207 0.8828839626176465
0 0.29313380281690143 0.5645539906103286 0.3779519657558024 0.8799503791134915
0 0.45026408450704225 0.5780516431924883 0.5165271724980163 0.9098720354206616
0 0.5180457746478874 0.6003521126760564 0.5820783249231304 0.9339199811545328
0 0.5867077464788732 0.5915492957746479 0.6520304983510217 0.9444885274085829
0 0.6624119718309859 0.6203051643192489 0.7307823890969054 0.9579693044810333
0 0.7425176056338029 0.6291079812206573 0.8029302299270978 0.9673538098701757
0 0.8191021126760564 0.6349765258215962 0.8878437050560405 0.9826085818510436
0 0.8983274647887324 0.6484741784037559 0.9608722150243009 0.982600660693425
0 0.04753521126760563 0.29518779342723006 0.12057766936123786 0.3988878005907117
0 0.2944542253521127 0.20598591549295775 0.3541837789501091 0.49225000826555576
0 0.3657570422535211 0.21830985915492956 0.4342580294708391 0.4722897242610593
0 0.44014084507042256 0.20950704225352113 0.4738379661773458 0.468186909012762
0 0.47403169014084506 0.25586854460093894 0.526639950840607 0.4992629879433093
0 0.5325704225352113 0.2529342723004695 0.5943958756943067 0.516283489276819
0 0.6038732394366197 0.18838028169014084 0.6735898445248959 0.4993025937314025
0 0.6769366197183099 0.18838028169014084 0.7457407849385043 0.519255645374595
0 0.7539612676056338 0.18368544600938966 0.8315343480336242 0.5251269451607926
0 0.8349471830985915 0.1789906103286385 0.905882505641242 0.5133926111441733
0 0.9242957746478874 0.18544600938967137 0.9947516303808769 0.5204310762855694
0 0.23459507042253522 0.20950704225352113 0.2921502662542154 0.49048737849633006
0 0.2438380281690141 0.0029342723004694834 0.3066708459383059 0.06337855969935419
0 0.397887323943662 0.6044600938967136 0.44172628198770086 0.8769926877383235
0 0.02244718309859155 0.20833333333333334 0.13247251444405872 0.2874364241001565
