0 0.040492957746478875 0.1954225352112676 0.1667955576770482 0.31737357832440655
0 0.17165492957746478 0.15375586854460094 0.2965793772317001 0.3173980305935771
0 0.3089788732394366 0.14906103286384975 0.4320823156367784 0.3068374054971456
0 0.44014084507042256 0.12030516431924883 0.5843133182900219 0.295117191804977
0 0.59375 0.11150234741784038 0.7365344410211268 0.2827984141153651
0 0.7381161971830986 0.10269953051643192 0.8649920263216624 0.27400076318631666
0 0.8789612676056338 0.12206572769953052 0.9903701754984131 0.2739893980471247
0 0.09903169014084508 0.4184272300469484 0.1456430318265225 0.6740502187617096
0 0.1681338028169014 0.4231220657276995 0.21867599744594327 0.661723519914479
0 0.2425176056338028 0.4272300469483568 0.2705798778144217 0.6664159448081289
0 0.272887323943662 0.4107981220657277 0.3216228488891093 0.6681861513368159
0 0.32702464788732394 0.3914319248826291 0.3788173307007538 0.6711317887764773
0 0.38116197183098594 0.3926056338028169 0.4342512491321166 0.6681968276796932
0 0.44014084507042256 0.3914319248826291 0.49980627603650074 0.6664369530957261
0 0.5057218309859155 0.38673708920187794 0.5569957210250942 0.6605711636800459
0 0.5598591549295775 0.38086854460093894 0.6216725972029359 0.661748316581807
0 0.6272007042253521 0.375 0.6925056334928585 0.669380868544601
0 0.6963028169014085 0.3761737089201878 0.7523343737601667 0.6617510717670657
0 0.7548415492957746 0.3855633802816901 0.8121677634025987 0.6558770167956094
0 0.8147007042253521 0.38086854460093894 0.8684794451125769 0.655879771980868
0 0.8767605633802817 0.3673708920187793 0.939754946935132 0.6470848762370782
0 0.945862676056338 0.3568075117370892 0.9960625604418765 0.6406356763428773
0 0.06205985915492958 0.7599765258215962 0.12189169900565364 0.9825352250435319
0 0.17825704225352113 0.738849765258216 0.22351309109055745 0.9960452759593555
0 0.22887323943661972 0.7676056338028169 0.28202954522912116 0.9913335647688951
0 0.28653169014084506 0.7687793427230047 0.340542899784269 0.9942671482730499
0 0.36795774647887325 0.7734741784037559 0.42061269465383855 0.9989592287685424
0 0.43794014084507044 0.778169014084507 0.4826417516985717 0.999
0 0.4920774647887324 0.7752347417840375 0.540716515200357 0.999
0 0.5440140845070423 0.7752347417840375 0.6106760501388613 0.999
0 0.6307218309859155 0.829225352112676 0.6867822527152351 0.999
0 0.801056338028169 0.8339201877934272 0.8574819294286847 0.999
0 0.8868838028169014 0.8339201877934272 0.9410709138191826 0.999
0 0.6971830985915493 0.8004694835680751 0.7457318736361833 0.9613847010072957
0 0.10387323943661972 0.0017605633802816902 0.15004230931362825 0.06455295741585663
0 0.15889084507042253 0.0005868544600938967 0.20283499522664156 0.055750829310762855
0 0.005721830985915493 0.7723004694835681 0.0506136787715731 0.9925045185038243
