0 0.0008802816901408451 0.0029342723004694834 0.11971792241122794 0.15668841885428375
0 0.3340669014084507 0.018192488262910797 0.43999380858212656 0.1625480091031321
0 0.44014084507042256 0.007629107981220657 0.5416196563181909 0.1566856636690251
0 0.5550176056338029 0.0005868544600938967 0.6687697985890696 0.13262876358306333
0 0.676056338028169 0.004694835680751174 0.8698608906962904 0.14612400537812165
0 0.8824823943661971 0.0017605633802816902 0.9701221468334656 0.13673605600740593
0 0.0044014084507042256 0.25880281690140844 0.09242764022515373 0.338463143886795
0 0.0035211267605633804 0.35093896713615025 0.09022732344772862 0.4270240968502722
0 0.09463028169014084 0.2904929577464789 0.1768949690661575 0.418256752959069
0 0.18485915492957747 0.2576291079812207 0.25608060776631625 0.42590514723710027
0 0.005721830985915493 0.5146713615023474 0.2548390308842492 0.7567402163371465
0 0.27992957746478875 0.5434272300469484 0.4717077774747074 0.7549627774471556
0 0.47491197183098594 0.505868544600939 0.7084177324067645 0.6200082931076286
0 0.47975352112676056 0.6273474178403756 0.7150177141192224 0.7461107116092486
0 0.12279929577464789 0.8456572769953051 0.17468186650714143 0.9912877598139699
0 0.18045774647887325 0.8397887323943662 0.24463888303412024 0.9971597483964822
0 0.2706866197183099 0.8339201877934272 0.3387893104666733 0.999
0 0.4005281690140845 0.8339201877934272 0.4769363872495537 0.9912946477771165
0 0.4920774647887324 0.8755868544600939 0.597934825059512 0.999
0 0.6161971830985915 0.8397887323943662 0.7440069554651855 0.9942254760960128
0 0.9150528169014085 0.25586854460093894 0.9419387971756595 0.34433341047852056
0 0.9784330985915493 0.5809859154929577 0.9982489290939297 0.7385088110824573
0 0.8882042253521126 0.8110328638497653 0.9203837129289824 0.9924817882254403
0 0.945862676056338 0.8233568075117371 0.9925414336813131 0.98249803004254
0 0.7152288732394366 0.5146713615023474 0.78753731123537 0.747937399435738
0 0.8261443661971831 0.625 0.9388969435007934 0.7308538732394366
0 0.7504401408450704 0.2828638497652582 0.8042471654309661 0.420021793515396
0 0.8125 0.2875586854460094 0.8698008362676056 0.42882185523154576
0 0.6126760563380281 0.32511737089201875 0.6815085052568935 0.4164758700875047
0 0.4705105633802817 0.3192488262910798 0.575497134435132 0.3548595957592188
0 0.9621478873239436 0.2623239436619718 0.999 0.4059493404086491
