0 0.10255281690140845 0.11267605633802817 0.42513091865453284 0.23174138729088142
0 0.0721830985915493 0.24061032863849766 0.45683442645308475 0.413591191121691
0 0.032570422535211266 0.4272300469483568 0.4379258052717715 0.6165333157001477
0 0.47403169014084506 0.09917840375586855 0.8347385423899027 0.21825165586634046
0 0.4942781690140845 0.2634976525821596 0.8835852648903988 0.4124040506733673
0 0.45026408450704225 0.4137323943661972 0.8549954823571712 0.6106726922568273
0 0.8507922535211268 0.11619718309859155 0.999 0.22939190306156187
0 0.878080985915493 0.23767605633802816 0.9982930981576077 0.3461046502016796
0 0.8961267605633803 0.3615023474178404 0.999 0.519154047918182
0 0.09463028169014084 0.840962441314554 0.4511027155450308 0.9971590596001675
0 0.0880281690140845 0.7194835680751174 0.4559471707002579 0.794178706826247
0 0.4784330985915493 0.7165492957746479 0.7951239290939298 0.7671851236527144
0 0.4647887323943662 0.8204225352112676 0.8210982443959532 0.9684152449910732
0 0.8305457746478874 0.8791079812206573 0.999 0.9983103826401287
0 0.8283450704225352 0.7582159624413145 0.9947938622049196 0.8487334413365956
0 0.003961267605633803 0.7746478873239436 0.08406515789277921 0.8651557230708193
0 0.002640845070422535 0.8726525821596244 0.07746362638861337 0.9560606498930988
