0 0.08472711267605634 0.24237089201877934 0.1624119718309859 0.14788732394366197
0 0.3283450704225352 0.2564553990610329 0.2147887323943662 0.12793427230046947
0 0.5556778169014085 0.3057511737089202 0.17913732394366197 0.12323943661971831
0 0.7464788732394366 0.3192488262910798 0.1681338028169014 0.11150234741784038
0 0.9392605633802817 0.295481220657277 0.12147887323943662 0.12147887323943662
0 0.08120598591549295 0.3890845070422535 0.15096830985915494 0.13380281690140844
0 0.33692781690140844 0.39524647887323944 0.20202464788732394 0.13086854460093897
0 0.08912852112676056 0.5258215962441315 0.1694542253521127 0.13380281690140844
0 0.09022887323943662 0.6690140845070423 0.176056338028169 0.1431924882629108
0 0.3435299295774648 0.5328638497652582 0.2249119718309859 0.11737089201877934
0 0.34749119718309857 0.6742957746478874 0.23899647887323944 0.12910798122065728
0 0.5686619718309859 0.4169600938967136 0.1875 0.08744131455399061
0 0.5950704225352113 0.5357981220657277 0.22007042253521128 0.13262910798122066
0 0.5992517605633803 0.6696009389671361 0.23899647887323944 0.1267605633802817
0 0.7566021126760564 0.43045774647887325 0.17253521126760563 0.10504694835680752
0 0.784330985915493 0.5446009389671361 0.15316901408450703 0.11737089201877934
0 0.8305457746478874 0.6696009389671361 0.21654929577464788 0.12323943661971831
0 0.9377200704225352 0.41431924882629106 0.12455985915492958 0.11032863849765258
0 0.9399207746478874 0.551349765258216 0.11487676056338028 0.10387323943661972
0 0.20994718309859156 0.8879107981220657 0.4040492957746479 0.12089201877934272
0 0.5924295774647887 0.8791079812206573 0.3362676056338028 0.09624413145539906
0 0.8824823943661971 0.8515258215962441 0.23503521126760563 0.06572769953051644
0 0.8860035211267606 0.9530516431924883 0.22799295774647887 0.0880281690140845
0 0.5952904929577465 0.9677230046948356 0.34639084507042256 0.06338028169014084
0 0.19234154929577466 0.9756455399061033 0.37588028169014087 0.034624413145539906
