0 0.1797975352112676 0.1875 0.3578345070422535 0.13086854460093897
0 0.1817781690140845 0.32423708920187794 0.3626760563380282 0.13086854460093897
0 0.1835387323943662 0.4539319248826291 0.36619718309859156 0.10974178403755869
0 0.1793573943661972 0.5689553990610329 0.34991197183098594 0.10856807511737089
0 0.18397887323943662 0.7590962441314554 0.3248239436619718 0.06748826291079812
0 0.18661971830985916 0.8418427230046949 0.3283450704225352 0.07687793427230047
0 0.18441901408450703 0.943368544600939 0.31690140845070425 0.09917840375586855
0 0.5319102112676056 0.21214788732394366 0.3058978873239437 0.10504694835680752
0 0.5347711267605634 0.3198356807511737 0.3160211267605634 0.10093896713615023
0 0.542693661971831 0.45539906103286387 0.33186619718309857 0.1431924882629108
0 0.8232834507042254 0.2335680751173709 0.24955985915492956 0.0903755868544601
0 0.871919014084507 0.3664906103286385 0.25616197183098594 0.1402582159624413
0 0.8752200704225352 0.5261150234741784 0.24955985915492956 0.15786384976525822
0 0.5314700704225352 0.7350352112676056 0.31382042253521125 0.04636150234741784
0 0.5360915492957746 0.8166079812206573 0.31161971830985913 0.08274647887323944
0 0.5310299295774648 0.9028755868544601 0.30149647887323944 0.0721830985915493
0 0.8730193661971831 0.7344483568075117 0.2539612676056338 0.0721830985915493
0 0.8659771126760564 0.8550469483568075 0.2654049295774648 0.1255868544600939
