0 0.02596830985915493 0.2136150234741784 0.4097596970467169 0.3402502259251912
0 0.43882042253521125 0.22593896713615025 0.7740146036872645 0.3384824301836056
0 0.7878521126760564 0.22711267605633803 0.999 0.32439723434503737
0 0.0035211267605633804 0.34330985915492956 0.39392450654632016 0.5009722359981486
0 0.4357394366197183 0.34330985915492956 0.8167096217268399 0.47104265853335975
0 0.8248239436619719 0.3444835680751174 0.998316538757191 0.43172272091075403
0 0.0008802816901408451 0.5070422535211268 0.39480595058024204 0.648176618395821
0 0.4278169014084507 0.4694835680751174 0.8338786017159293 0.6317667349952611
0 0.840669014084507 0.4395539906103286 0.999 0.5725119988318015
0 0.8441901408450704 0.5821596244131455 0.999 0.6921466199387246
0 0.006602112676056338 0.6561032863849765 0.3939231504785757 0.7730891412638586
0 0.4251760563380282 0.6379107981220657 0.8325593415244992 0.7549073293438251
0 0.0035211267605633804 0.8785211267605634 0.3868822530251934 0.9777708209349998
0 0.42077464788732394 0.9272300469483568 0.708441560454275 0.9912398884701007
0 0.7821302816901409 0.920774647887324 0.99789518913658 0.999
0 0.7209507042253521 0.8532863849765259 0.9789960604294783 0.8962128601027133
0 0.41065140845070425 0.8538732394366197 0.7132875654012101 0.9144050039674668
