0 0.41505281690140844 0.23943661971830985 0.566278585908054 0.4153524432982874
0 0.5779049295774648 0.24706572769953053 0.7545871897317 0.4165216750424298
0 0.7852112676056338 0.2511737089201878 0.9362741147589765 0.43001691683748816
0 0.945862676056338 0.2664319248826291 0.9982632646672286 0.44057134276708765
0 0.008802816901408451 0.579225352112676 0.17693274523903987 0.6768901259670701
0 0.19278169014084506 0.5809859154929577 0.33398205031243805 0.6710205481716591
0 0.3904049295774648 0.5839201877934272 0.5447225330415593 0.6933192956644405
0 0.5585387323943662 0.5809859154929577 0.69825768541708 0.6921473087350394
0 0.7460387323943662 0.5897887323943662 0.8900765674593335 0.6874473070819282
0 0.9150528169014085 0.5915492957746479 0.999 0.68803312834755
0 0.010123239436619719 0.8380281690140845 0.11179131899672684 0.9337804999008134
0 0.11399647887323944 0.8427230046948356 0.24378785366246777 0.9402331437765875
0 0.2482394366197183 0.8444835680751174 0.363006936867685 0.9414058195023034
0 0.542693661971831 0.8503521126760564 0.6859407158177941 0.9325995586193215
0 0.7086267605633803 0.8456572769953051 0.8504803579398929 0.9372971494853314
0 0.8565140845070423 0.8368544600938967 0.9758554075332275 0.9414102966783486
0 0.8058978873239436 0.004694835680751174 0.9362650097326919 0.03931649364103242
0 0.9445422535211268 0.0029342723004694834 0.999 0.048120343736912874
