0 0.20202464788732394 0.5269953051643192 0.42200615112328904 0.8136578666049505
0 0.5880281690140845 0.5357981220657277 0.8157623115453283 0.839474296876722
0 0.863556338028169 0.6279342723004695 0.97409174456953 0.8188803202627344
0 0.8274647887323944 0.5422535211267606 0.8891604468359452 0.6581324803279773
0 0.797975352112676 0.3967136150234742 0.8891734263414998 0.5273493464700566
0 0.6060739436619719 0.4471830985915493 0.7955078899895853 0.5372962540501224
0 0.5682218309859155 0.29518779342723006 0.7849611699687562 0.4047563451916507
0 0.18485915492957747 0.43485915492957744 0.42641511480856975 0.5267401061297362
0 0.2130281690140845 0.2681924882629108 0.4250822939396945 0.4077064598073574
0 0.0035211267605633804 0.3855633802816901 0.05765690091251735 0.749186875950539
