0 0.06866197183098592 0.0017605633802816902 0.1579803424419758 0.2828628165707862
0 0.16901408450704225 0.0029342723004694834 0.29437983535012896 0.28579640007494106
0 0.30369718309859156 0.0029342723004694834 0.440007175535608 0.28755696345522275
0 0.4480633802816901 0.0017605633802816902 0.6001549016812141 0.2981210325332275
0 0.608274647887324 0.0029342723004694834 0.7374083298204721 0.30398888833785187
0 0.7433978873239436 0.004107981220657277 0.9002009692397342 0.3057487629218189
0 0.9172535211267606 0.013497652582159625 0.9969554341896448 0.30691696147148934
0 0.07658450704225352 0.3703051643192488 0.14873389766415393 0.70107376457493
0 0.1522887323943662 0.36561032863849763 0.28206325319877007 0.699315956379907
0 0.29577464788732394 0.3761737089201878 0.42856700059512 0.7040045928938262
0 0.43794014084507044 0.3761737089201878 0.5605466812760365 0.6981360482928872
0 0.5664612676056338 0.38204225352112675 0.7220218040195397 0.708695984593004
0 0.746919014084507 0.3902582159624413 0.8935973067719698 0.6951935104366418
0 0.9071302816901409 0.40492957746478875 0.9938789039253124 0.6951849004827084
0 0.7099471830985915 0.7975352112676056 0.8201100584581432 0.9924897093830589
0 0.8261443661971831 0.7992957746478874 0.9521011688529062 0.999
0 0.9568661971830986 0.7928403755868545 0.999 0.9966004457889749
