0 0.11773767605633803 0.16285211267605634 0.19234154929577466 0.10269953051643192
0 0.28983274647887325 0.19043427230046947 0.1624119718309859 0.09800469483568075
0 0.5028609154929577 0.19336854460093897 0.13424295774647887 0.09448356807511737
0 0.6685739436619719 0.18456572769953053 0.14788732394366197 0.125
0 0.8578345070422535 0.2153755868544601 0.10035211267605634 0.24647887323943662
0 0.9588468309859155 0.22535211267605634 0.08230633802816902 0.22300469483568075
0 0.09419014084507042 0.5243544600938967 0.17693661971830985 0.20598591549295775
0 0.2893926056338028 0.5176056338028169 0.1949823943661972 0.20187793427230047
0 0.4977992957746479 0.522887323943662 0.15580985915492956 0.19718309859154928
0 0.6841989436619719 0.5243544600938967 0.1500880281690141 0.20011737089201878
0 0.8006161971830986 0.5545774647887324 0.05985915492957746 0.2511737089201878
0 0.8754401408450704 0.5407863849765259 0.06778169014084508 0.22124413145539906
0 0.9581866197183099 0.545481220657277 0.07658450704225352 0.22711267605633803
0 0.3089788732394366 0.909037558685446 0.15580985915492956 0.16549295774647887
0 0.507262323943662 0.89231220657277 0.1641725352112676 0.17781690140845072
0 0.6654929577464789 0.8855633802816901 0.16109154929577466 0.17253521126760563
0 0.8428697183098591 0.8887910798122066 0.1329225352112676 0.22241784037558684
0 0.9540052816901409 0.8870305164319249 0.08934859154929578 0.22124413145539906
