0 0.0044014084507042256 0.051056338028169015 0.1522867951547312 0.42602637538848115
0 0.1681338028169014 0.1056338028169014 0.31594712420650667 0.42716805528003704
0 0.32702464788732394 0.0903755868544601 0.5236236687289229 0.43480611761334836
0 0.5831866197183099 0.10387323943661972 0.7497433157483634 0.31449303213648083
0 0.5686619718309859 0.32335680751173707 0.6815278776532434 0.44229849952610817
0 0.7772887323943662 0.2347417840375587 0.9794114046072208 0.444111067028147
0 0.00044014084507042255 0.5299295774647887 0.1426054400788534 0.9533275061165113
0 0.18485915492957747 0.528755868544601 0.3669961007240627 0.9562624672132954
0 0.37367957746478875 0.5880281690140845 0.5284446832845665 0.9356877768961185
0 0.5391725352112676 0.5551643192488263 0.7321570543418965 0.9580075326764972
0 0.7504401408450704 0.5492957746478874 0.9349689964168816 0.9580109766580706
