0 0.03477112676056338 0.05868544600938967 0.20861145637026382 0.4260218982124358
0 0.25264084507042256 0.040492957746478875 0.4219838728674866 0.42133773887456194
0 0.448943661971831 0.024061032863849766 0.6556122607121603 0.4377793069055963
0 0.7029049295774648 0.025821596244131457 0.8628068200133902 0.4272148934294342
0 0.8653169014084507 0.02699530516431925 0.999 0.4166508243514294
0 0.0008802816901408451 0.5780516431924883 0.06998200691827018 0.8318203922281734
0 0.1500880281690141 0.5733568075117371 0.3181557711143623 0.8500156356763429
0 0.33186619718309857 0.5915492957746479 0.4465968898780004 0.9057561330423858
0 0.448943661971831 0.5686619718309859 0.66573550014878 0.8799479683263902
0 0.6738556338028169 0.5686619718309859 0.8315696057949812 0.8875770763076108
0 0.852112676056338 0.5657276995305164 0.999 0.8576492208336088
