0 0.1054137323943662 0.11384976525821597 0.14128521126760563 0.22652582159624413
0 0.2832306338028169 0.12998826291079812 0.18970070422535212 0.2482394366197183
0 0.47909330985915494 0.1273474178403756 0.17473591549295775 0.2535211267605634
0 0.6476672535211268 0.10827464788732394 0.14216549295774647 0.2106807511737089
0 0.801056338028169 0.12411971830985916 0.13996478873239437 0.23650234741784038
0 0.9410211267605634 0.14700704225352113 0.10827464788732394 0.27523474178403756
0 0.10981514084507042 0.5102699530516432 0.10871478873239436 0.2529342723004695
0 0.25110035211267606 0.43515258215962443 0.16153169014084506 0.22359154929577466
0 0.6210387323943662 0.4363262910798122 0.323943661971831 0.17781690140845072
0 0.045554577464788734 0.8670774647887324 0.08230633802816902 0.23767605633802816
0 0.15470950704225353 0.8735328638497653 0.10607394366197183 0.2306338028169014
0 0.2871919014084507 0.8697183098591549 0.1386443661971831 0.25586854460093894
0 0.8536531690140845 0.4894366197183099 0.10079225352112677 0.24413145539906103
0 0.9513644366197183 0.49677230046948356 0.08142605633802817 0.2623239436619718
0 0.4394806338028169 0.8711854460093896 0.11663732394366197 0.2529342723004695
0 0.5809859154929577 0.8667840375586855 0.11971830985915492 0.24413145539906103
0 0.702024647887324 0.8644366197183099 0.08362676056338028 0.2511737089201878
0 0.805237676056338 0.8556338028169014 0.11399647887323944 0.23943661971830985
0 0.934419014084507 0.8503521126760564 0.1153169014084507 0.2347417840375587
0 0.016285211267605633 0.45686619718309857 0.030809859154929578 0.10974178403755869
0 0.023107394366197184 0.5780516431924883 0.03917253521126761 0.12910798122065728
