0 0.12235915492957747 0.22417840375586853 0.12940140845070422 0.27699530516431925
0 0.2962147887323944 0.23562206572769953 0.12764084507042253 0.2517605633802817
0 0.4410211267605634 0.25528169014084506 0.10387323943661972 0.20892018779342722
0 0.5726232394366197 0.22799295774647887 0.12323943661971831 0.27523474178403756
0 0.7158890845070423 0.20011737089201878 0.1500880281690141 0.3192488262910798
0 0.8688380281690141 0.2062793427230047 0.1443661971830986 0.31866197183098594
0 0.9711707746478874 0.22476525821596244 0.05765845070422535 0.284037558685446
0 0.13028169014084506 0.6088615023474179 0.16109154929577466 0.31161971830985913
0 0.29401408450704225 0.6056338028169014 0.07570422535211267 0.2875586854460094
0 0.4581866197183099 0.6050469483568075 0.15580985915492956 0.2887323943661972
0 0.6459066901408451 0.5522300469483568 0.19058098591549297 0.13849765258215962
0 0.684419014084507 0.7027582159624414 0.1681338028169014 0.13204225352112675
0 0.8204225352112676 0.6434859154929577 0.0994718309859155 0.2153755868544601
0 0.940580985915493 0.6117957746478874 0.11179577464788733 0.2904929577464789
0 0.48525528169014087 0.9228286384976526 0.13512323943661972 0.15434272300469484
0 0.647887323943662 0.9386737089201878 0.1153169014084507 0.12265258215962441
0 0.772887323943662 0.9210680751173709 0.10387323943661972 0.15316901408450703
0 0.9168133802816901 0.9166666666666666 0.13908450704225353 0.1596244131455399
