0 0.05765845070422535 0.18955399061032863 0.21080208694951397 0.4511798392073883
0 0.23459507042253522 0.2318075117370892 0.34276646343731404 0.4335494087372435
0 0.3494718309859155 0.1056338028169014 0.45583209866593927 0.35205068438801823
0 0.5079225352112676 0.10974178403755869 0.6859560200109105 0.4347947524741564
0 0.6963028169014085 0.08744131455399061 0.8834963455911525 0.434807839604135
0 0.0008802816901408451 0.556924882629108 0.17649609142531245 0.7361755135665322
0 0.07746478873239436 0.7834507042253521 0.28781801725848044 0.9443759092111353
0 0.3032570422535211 0.5944835680751174 0.4109580734849236 0.9368576974365757
0 0.43882042253521125 0.5463615023474179 0.6138033360816306 0.9720972056911106
0 0.784330985915493 0.5586854460093896 0.9397956289674668 0.9685688465692434
0 0.6298415492957746 0.562793427230047 0.7726101049518944 0.9767823982234566
0 0.8890845070422535 0.10387323943661972 0.9881650156219004 0.44066674105666864
0 0.2367957746478873 0.5616197183098591 0.3075542272118627 0.7490835565033392
