0 0.136443661971831 0.18045774647887325 0.09683098591549295 0.23767605633802816
0 0.030589788732394367 0.22359154929577466 0.06029929577464789 0.13732394366197184
0 0.36399647887323944 0.15434272300469484 0.14788732394366197 0.284037558685446
0 0.5587588028169014 0.15492957746478872 0.1580105633802817 0.2981220657276995
0 0.04005281690140845 0.5093896713615024 0.07306338028169014 0.1643192488262911
0 0.19344190140845072 0.5011737089201878 0.10255281690140845 0.1807511737089202
0 0.323943661971831 0.49589201877934275 0.12411971830985916 0.1936619718309859
0 0.5037411971830986 0.5575117370892019 0.17033450704225353 0.09507042253521127
0 0.050616197183098594 0.8887910798122066 0.09683098591549295 0.2153755868544601
0 0.191681338028169 0.8849765258215962 0.16681338028169015 0.22300469483568075
0 0.4220950704225352 0.8899647887323944 0.12852112676056338 0.20011737089201878
0 0.5523767605633803 0.8973004694835681 0.1073943661971831 0.20539906103286384
0 0.7577024647887324 0.38321596244131456 0.09375 0.24530516431924881
0 0.6912411971830986 0.8488849765258216 0.11399647887323944 0.27992957746478875
0 0.8860035211267606 0.8389084507042254 0.176056338028169 0.3022300469483568
0 0.8560739436619719 0.3600352112676056 0.07570422535211267 0.17194835680751175
0 0.9163732394366197 0.5208333333333334 0.11971830985915492 0.10269953051643192
0 0.9366197183098591 0.3541666666666667 0.07658450704225352 0.16607981220657278
0 0.49471830985915494 0.4636150234741784 0.125 0.07511737089201878
