0 0.7988556338028169 0.1698943661971831 0.15757042253521128 0.12617370892018778
0 0.6324823943661971 0.09448356807511737 0.10915492957746478 0.09859154929577464
0 0.06426056338028169 0.7893192488262911 0.1153169014084507 0.1936619718309859
0 0.20202464788732394 0.8104460093896714 0.1153169014084507 0.20657276995305165
0 0.3470510563380282 0.7834507042253521 0.11399647887323944 0.15492957746478872
0 0.5195862676056338 0.7238849765258216 0.17209507042253522 0.2482394366197183
0 0.793794014084507 0.7772887323943662 0.14568661971830985 0.14612676056338028
0 0.8970070422535211 0.647887323943662 0.0880281690140845 0.2546948356807512
0 0.6428257042253521 0.6317488262910798 0.12367957746478873 0.18603286384976525
0 0.7684859154929577 0.5839201877934272 0.09507042253521127 0.14788732394366197
0 0.3226232394366197 0.5977112676056338 0.11971830985915492 0.18368544600938966
0 0.10145246478873239 0.6141431924882629 0.14656690140845072 0.1414319248826291
0 0.6817781690140845 0.2538145539906103 0.1056338028169014 0.16725352112676056
0 0.9463028169014085 0.21625586854460094 0.10651408450704225 0.16607981220657278
