0 0.02112676056338028 0.19307511737089203 0.13071253223566753 0.46350171648041616
0 0.1324823943661972 0.14788732394366197 0.2921952102137473 0.47526532434040863
0 0.3045774647887324 0.12441314553990611 0.4351652387919064 0.4829082082479226
0 0.4375 0.13028169014084506 0.5482229313380281 0.47292823844475307
0 0.5497359154929577 0.09800469483568075 0.7048636725724063 0.47529459818378184
0 0.7288732394366197 0.16549295774647887 0.8346263762150368 0.4547150862924023
0 0.8507922535211268 0.1807511737089202 0.9397663766489784 0.4576404042407812
0 0.03477112676056338 0.5974178403755869 0.1276255408773061 0.8482409519716105
0 0.2108274647887324 0.6003521126760564 0.34761847382711764 0.9374411079150962
0 0.3529929577464789 0.6244131455399061 0.5130488587333862 0.9415349688113029
0 0.5246478873239436 0.6097417840375586 0.6419345739932554 0.9415435787652361
0 0.653169014084507 0.5704225352112676 0.7761209643423923 0.9222004562586789
0 0.784330985915493 0.5944835680751174 0.8971019669956358 0.9151440824131015
0 0.9027288732394366 0.5751173708920188 0.947666052432553 0.7684418325288193
0 0.14348591549295775 0.6073943661971831 0.20504247979071613 0.8224135009588044
