0 0.00044014084507042255 0.028755868544600938 0.11267586261406468 0.35209580054662876
0 0.11971830985915492 0.04225352112676056 0.29000012398333663 0.3579564239899491
0 0.30809859154929575 0.07805164319248827 0.4422059425213251 0.36145654246291525
0 0.4727112676056338 0.04988262910798122 0.611587715111089 0.3655810547951244
0 0.621919014084507 0.20011737089201878 0.737842465222674 0.4887323254865657
0 0.746919014084507 0.20481220657276994 0.8394599828283078 0.4846215890806498
0 0.8485915492957746 0.1613849765258216 0.9969856551279509 0.5057738351076726
0 0.06205985915492958 0.5193661971830986 0.20947972717466773 0.7403055362692588
0 0.2640845070422535 0.4471830985915493 0.4061337656219004 0.726850244660451
0 0.4467429577464789 0.4442488262910798 0.603676609613668 0.7203965675902047
0 0.00044014084507042255 0.8656103286384976 0.04841529923378298 0.999
0 0.11487676056338028 0.829225352112676 0.22001986058073794 0.992471111882563
0 0.2323943661971831 0.8233568075117371 0.3608132067050189 0.999
0 0.39172535211267606 0.9284037558685446 0.5605670222922039 0.9988683076550067
0 0.6544894366197183 0.6338028169014085 0.7615957352831779 0.8828440124313959
0 0.7706866197183099 0.6161971830985915 0.8517734653962508 0.8124318091648483
0 0.7891725352112676 0.8345070422535211 0.9367125120883752 0.9549093268531376
0 0.9432218309859155 0.6578638497652582 0.999 0.9825951503229077
0 0.3939260563380282 0.8321596244131455 0.551763236770978 0.9067886387180674
0 0.0035211267605633804 0.6097417840375586 0.049734365701249755 0.7461210435539686
0 0.005721830985915493 0.46830985915492956 0.05413480553213648 0.6135749355286649
