0 0.26188380281690143 0.11737089201877934 0.4259410722698869 0.48878088562674954
0 0.4295774647887324 0.12323943661971831 0.5931207845665543 0.49171171394564567
0 0.10035211267605634 0.11561032863849766 0.26183963375322356 0.474697411778968
0 0.6056338028169014 0.5827464788732394 0.7955080837135489 0.8617472145077034
0 0.12455985915492958 0.5721830985915493 0.2851564437239635 0.8711430850360379
0 0.28389084507042256 0.5786384976525821 0.4369349071984725 0.8775946957173401
0 0.44938380281690143 0.5815727699530516 0.5909113627628446 0.8482502507218586
0 0.008802816901408451 0.5715962441314554 0.1311580973517159 0.8482561054905332
0 0.7323943661971831 0.30164319248826293 0.8293431362824836 0.421771336154643
0 0.0035211267605633804 0.12617370892018778 0.09506887274350327 0.4793860482928872
0 0.6276408450704225 0.31161971830985913 0.7228751580787542 0.42646031706671955
0 0.7803697183098591 0.16607981220657278 0.8684945555817298 0.27220300480504306
0 0.7658450704225352 0.5868544600938967 0.999 0.845312878837973
0 0.8336267605633803 0.30164319248826293 0.9195274530103155 0.4205976272344552
0 0.9286971830985915 0.3028169014084507 0.9982708199018053 0.42177064735832837
0 0.6386443661971831 0.9354460093896714 0.7937329910360047 0.9941693391963676
0 0.8133802816901409 0.937793427230047 0.978515237552073 0.9976890883643017
0 0.002640845070422535 0.9577464788732394 0.12543897850128943 0.999
0 0.13908450704225353 0.9536384976525821 0.2913120226641539 0.999
0 0.30633802816901406 0.9595070422535211 0.43560460474112284 0.999
0 0.4441021126760563 0.9595070422535211 0.5816707297039277 0.999
