0 0.3816021126760563 0.20657276995305165 0.5363637314644911 0.5380243117547224
0 0.840669014084507 0.6408450704225352 0.9714609731452093 0.9591309594657145
0 0.12191901408450705 0.2300469483568075 0.2675519722649276 0.5520950428706826
0 0.6822183098591549 0.2505868544600939 0.8210025447579845 0.5626463692168662
0 0.17341549295774647 0.6490610328638498 0.2908567713499306 0.9837740252154555
0 0.5404929577464789 0.2517605633802817 0.6846212619024004 0.565579952721021
0 0.8186619718309859 0.2664319248826291 0.9529847438504265 0.5685056150675571
0 0.6980633802816901 0.6426056338028169 0.8386012044981155 0.9655853253322754
0 0.5576584507042254 0.6408450704225352 0.6995784954002182 0.9685206308272168
0 0.2913732394366197 0.6484741784037559 0.5249597829051775 0.7290795339328616
0 0.4225352112676056 0.7411971830985915 0.5513105038682801 0.9760908467235336
0 0.10299295774647887 0.6578638497652582 0.16368706295873833 0.9884636949238467
0 0.07570422535211267 0.26173708920187794 0.13112865130926402 0.5608792622715951
0 0.27024647887323944 0.3034037558685446 0.36959936334556637 0.5643759367629879
0 0.2992957746478873 0.75 0.41360066207101764 0.9837147887323944
