0 0.34683098591549294 0.48826291079812206 0.42150227509422733 0.634689986554696
0 0.18882042253521128 0.004694835680751174 0.24507534312388415 0.2018751790870418
0 0.23547535211267606 0.26291079812206575 0.30711466753868283 0.449963080517534
0 0.6223591549295775 0.26115023474178406 0.6999901588226543 0.4575932216932267
0 0.4744718309859155 0.022887323943661973 0.5306010247222773 0.19188797692256826
0 0.18661971830985916 0.4865023474178404 0.26092138216623684 0.6610994704533932
0 0.8507922535211268 0.5 0.9362452498884151 0.6833920187793427
0 0.6188380281690141 0.4994131455399061 0.698671286079151 0.6845660720976878
0 0.5321302816901409 0.7406103286384976 0.6053995905450308 0.9033212380700478
0 0.5316901408450704 0.2658450704225352 0.6076004884943463 0.44996135852674735
0 0.2579225352112676 0.49002347417840375 0.3379146467714739 0.6599236951442615
0 0.3230633802816901 0.2517605633802817 0.38498104604741124 0.4229743189182041
0 0.8367077464788732 0.02640845070422535 0.9067620124355286 0.20068872743503272
0 0.6496478873239436 0.017605633802816902 0.7140626549791708 0.19071736758579647
0 0.698943661971831 0.4953051643192488 0.7690585635290618 0.6845684828847892
0 0.5308098591549296 0.012910798122065728 0.5891149604493157 0.19365439507152463
0 0.3371478873239437 0.011150234741784037 0.4069818891341004 0.19365542826599663
0 0.09154929577464789 0.25586854460093894 0.16193153640150765 0.45290148559589144
0 0.1619718309859155 0.25938967136150237 0.22924208986312242 0.4517257102867597
0 0.4511443661971831 0.2664319248826291 0.5196077709655822 0.4458530329079327
0 0.2632042253521127 0.022300469483568074 0.33042992771771473 0.18895404902025612
0 0.7143485915492958 0.01643192488262911 0.7734531916410435 0.18778378408164165
0 0.41065140845070425 0.02464788732394366 0.4690093963871255 0.19482121602856575
0 0.4779929577464789 0.49295774647887325 0.5556875030995835 0.6775276069562918
0 0.11267605633802817 0.009976525821596244 0.1724856179329498 0.1942429715224052
0 0.03697183098591549 0.01584507042253521 0.11045907929974211 0.19776065430139522
0 0.01584507042253521 0.2652582159624413 0.0871409132612577 0.4440931583239657
0 0.5889084507042254 0.01995305164319249 0.6467478395903591 0.1965845345941061
0 0.5607394366197183 0.49589201877934275 0.6194715055296568 0.6481831619608103
0 0.00044014084507042255 0.6924882629107981 0.07746459500843088 0.9162602768410149
0 0.3908450704225352 0.24706572769953053 0.44569064917675066 0.4223902196433688
0 0.4220950704225352 0.4923708920187793 0.4764867539302718 0.6452509560492848
0 0.00044014084507042255 0.018192488262910797 0.04005262317744495 0.20128040346932927
0 0.7838908450704225 0.49002347417840375 0.8464859635365007 0.6646185308250128
0 0.7750880281690141 0.017018779342723004 0.8350461760439397 0.19482569320461107
0 0.9071302816901409 0.017605633802816902 0.9714317208267209 0.20128074786748662
0 0.940580985915493 0.5140845070422535 0.9956247442843682 0.6845574621437546
0 0.3279049295774648 0.7400234741784038 0.42151060522465783 0.9514436481959048
0 0.4317781690140845 0.721830985915493 0.5196162948199762 0.9238721649143689
0 0.22843309859154928 0.7394366197183099 0.3225226966995636 0.9532045559743436
0 0.71875 0.7658450704225352 0.8007399867957746 0.9702078373999867
0 0.6144366197183099 0.7429577464788732 0.7004337866990676 0.9379442736229584
0 0.15140845070422534 0.7400234741784038 0.22132420402697875 0.9309037420926184
0 0.07790492957746478 0.6965962441314554 0.13772979536550287 0.9033470679318478
