0 0.09044894366197183 0.1431924882629108 0.16329225352112675 0.1255868544600939
0 0.3470510563380282 0.13996478873239437 0.24955985915492956 0.15669014084507044
0 0.6487676056338029 0.1431924882629108 0.12852112676056338 0.2828638497652582
0 0.8283450704225352 0.14759389671361503 0.1311619718309859 0.28931924882629106
0 0.5195862676056338 0.16637323943661972 0.07790492957746478 0.23650234741784038
0 0.08230633802816902 0.5214201877934272 0.09507042253521127 0.2306338028169014
0 0.2007042253521127 0.5607394366197183 0.12852112676056338 0.11913145539906103
0 0.3402288732394366 0.5387323943661971 0.12323943661971831 0.05985915492957746
0 0.03587147887323944 0.8254107981220657 0.06998239436619719 0.21185446009389672
0 0.5952904929577465 0.5049882629107981 0.1500880281690141 0.21185446009389672
0 0.7464788732394366 0.49677230046948356 0.14524647887323944 0.20129107981220656
0 0.8776408450704225 0.4964788732394366 0.08098591549295775 0.19483568075117372
0 0.5314700704225352 0.8447769953051644 0.13776408450704225 0.26115023474178406
0 0.6648327464788732 0.8356807511737089 0.10871478873239436 0.24882629107981222
0 0.7871919014084507 0.8389084507042254 0.11223591549295775 0.2517605633802817
0 0.945862676056338 0.8424295774647887 0.1056338028169014 0.2517605633802817
0 0.39172535211267606 0.8145539906103286 0.0977112676056338 0.18309859154929578
0 0.2601232394366197 0.8714788732394366 0.1637323943661972 0.09624413145539906
0 0.4170334507042254 0.4395539906103286 0.08670774647887323 0.0903755868544601
0 0.24141725352112675 0.7708333333333334 0.15625 0.09213615023474178
