0 0.7706866197183099 0.21742957746478872 0.1619718309859155 0.3221830985915493
0 0.6232394366197183 0.2106807511737089 0.14172535211267606 0.3215962441314554
0 0.9126320422535211 0.2244718309859155 0.1580105633802817 0.3210093896713615
0 0.7506602112676056 0.5982981220657277 0.1210387323943662 0.2717136150234742
0 0.6194982394366197 0.5959507042253521 0.14216549295774647 0.2764084507042254
0 0.359375 0.5894953051643192 0.11751760563380281 0.27406103286384975
0 0.47315140845070425 0.5880281690140845 0.11707746478873239 0.2640845070422535
0 0.4652288732394366 0.20862676056338028 0.1329225352112676 0.31866197183098594
0 0.23877640845070422 0.5865610328638498 0.12279929577464789 0.2764084507042254
0 0.3102992957746479 0.20334507042253522 0.1329225352112676 0.32922535211267606
0 0.1742957746478873 0.19102112676056338 0.14788732394366197 0.3421361502347418
0 0.14392605633802816 0.5886150234741784 0.05985915492957746 0.2793427230046948
0 0.8798415492957746 0.5836267605633803 0.11971830985915492 0.23650234741784038
0 0.844850352112676 0.909037558685446 0.13600352112676056 0.18192488262910797
0 0.42869718309859156 0.9061032863849765 0.14348591549295775 0.18427230046948356
0 0.2737676056338028 0.9066901408450704 0.14788732394366197 0.18309859154929578
0 0.5858274647887324 0.9096244131455399 0.12852112676056338 0.1807511737089202
0 0.7095070422535211 0.9078638497652582 0.12852112676056338 0.1772300469483568
0 0.14216549295774647 0.9046361502347418 0.08890845070422536 0.18368544600938966
0 0.9610475352112676 0.908744131455399 0.07790492957746478 0.18251173708920188
0 0.9683098591549296 0.5971244131455399 0.058098591549295774 0.23767605633802816
