0 0.6872799295774648 0.8620892018779343 0.14744718309859156 0.24295774647887325
0 0.5314700704225352 0.8661971830985915 0.15536971830985916 0.24178403755868544
0 0.4110915492957746 0.16402582159624413 0.09595070422535211 0.12147887323943662
0 0.7711267605633803 0.17341549295774647 0.08890845070422536 0.1449530516431925
0 0.6747359154929577 0.17781690140845072 0.0977112676056338 0.13615023474178403
0 0.37191901408450706 0.5293427230046949 0.19014084507042253 0.25234741784037557
0 0.1657130281690141 0.5184859154929577 0.18529929577464788 0.27992957746478875
0 0.6679137323943662 0.5375586854460094 0.1817781690140845 0.22183098591549297
0 0.2088468309859155 0.16343896713615025 0.09903169014084508 0.125
0 0.31161971830985913 0.15933098591549297 0.10035211267605634 0.13086854460093897
0 0.9322183098591549 0.170481220657277 0.04929577464788732 0.12030516431924883
0 0.08626760563380281 0.16255868544600938 0.1056338028169014 0.13028169014084506
0 0.566681338028169 0.1431924882629108 0.08054577464788733 0.11971830985915492
0 0.492737676056338 0.14524647887323944 0.06205985915492958 0.12147887323943662
0 0.519806338028169 0.5539906103286385 0.11883802816901408 0.20187793427230047
0 0.9110915492957746 0.5164319248826291 0.17077464788732394 0.27816901408450706
0 0.9619278169014085 0.8430164319248826 0.050616197183098594 0.18955399061032863
0 0.8584947183098591 0.1619718309859155 0.08142605633802817 0.11854460093896714
0 0.9795334507042254 0.1596244131455399 0.0409330985915493 0.1983568075117371
0 0.8606954225352113 0.8538732394366197 0.14392605633802816 0.24061032863849766
0 0.3772007042253521 0.8667840375586855 0.15757042253521128 0.24061032863849766
0 0.19872359154929578 0.8705985915492958 0.1694542253521127 0.2505868544600939
0 0.5596390845070423 0.038438967136150234 0.08582746478873239 0.0721830985915493
0 0.6516285211267606 0.04753521126760563 0.09375 0.0880281690140845
0 0.8954665492957746 0.04078638497652582 0.08582746478873239 0.08039906103286384
0 0.03169014084507042 0.8761737089201878 0.06073943661971831 0.23826291079812206
0 0.026848591549295774 0.5178990610328639 0.051056338028169015 0.2904929577464789
0 0.30809859154929575 0.027875586854460094 0.09154929577464789 0.04988262910798122
