0 0.9168133802816901 0.4163732394366197 0.15933098591549297 0.3914319248826291
0 0.730193661971831 0.4184272300469484 0.21919014084507044 0.3967136150234742
0 0.10893485915492958 0.4865023474178404 0.21346830985915494 0.2734741784037559
0 0.272887323943662 0.04196009389671362 0.1892605633802817 0.08157276995305164
0 0.08956866197183098 0.04078638497652582 0.16857394366197184 0.08039906103286384
0 0.535431338028169 0.7544014084507042 0.07526408450704225 0.0710093896713615
0 0.6258802816901409 0.761150234741784 0.0897887323943662 0.09154929577464789
0 0.29379401408450706 0.767018779342723 0.08230633802816902 0.07629107981220658
0 0.4907570422535211 0.042546948356807515 0.1681338028169014 0.08274647887323944
0 0.8571742957746479 0.7370892018779343 0.07702464788732394 0.06807511737089202
0 0.2992957746478873 0.914612676056338 0.09242957746478873 0.1273474178403756
0 0.652068661971831 0.9134389671361502 0.09286971830985916 0.13556338028169015
0 0.3987676056338028 0.9025821596244131 0.09507042253521127 0.12323943661971831
0 0.20048415492957747 0.9222417840375586 0.09022887323943662 0.13321596244131456
0 0.08604753521126761 0.9313380281690141 0.09727112676056338 0.12793427230046947
0 0.7403169014084507 0.8993544600938967 0.07922535211267606 0.12969483568075119
0 0.8996478873239436 0.8708920187793427 0.05457746478873239 0.11854460093896714
0 0.5462147887323944 0.8623826291079812 0.0801056338028169 0.12030516431924883
0 0.8263644366197183 0.8659037558685446 0.08494718309859155 0.11678403755868545
0 0.4744718309859155 0.8776408450704225 0.05897887323943662 0.12030516431924883
0 0.964568661971831 0.8515258215962441 0.07086267605633803 0.22535211267605634
0 0.7407570422535211 0.04636150234741784 0.1795774647887324 0.0880281690140845
0 0.9170334507042254 0.046948356807511735 0.16329225352112675 0.0892018779342723
