0 0.8899647887323944 0.7857981220657277 0.17341549295774647 0.24882629107981222
0 0.523987676056338 0.09125586854460094 0.09463028169014084 0.1402582159624413
0 0.6172975352112676 0.4284037558685446 0.1324823943661972 0.3086854460093897
0 0.4742517605633803 0.42634976525821594 0.15360915492957747 0.31866197183098594
0 0.7634242957746479 0.10710093896713616 0.10871478873239436 0.13908450704225353
0 0.3331866197183099 0.4574530516431925 0.12235915492957747 0.27523474178403756
0 0.4005281690140845 0.835387323943662 0.09859154929577464 0.16842723004694835
0 0.1837588028169014 0.4395539906103286 0.17473591549295775 0.3145539906103286
0 0.1544894366197183 0.09360328638497653 0.09242957746478873 0.12617370892018778
0 0.3224031690140845 0.11179577464788733 0.10607394366197183 0.12969483568075119
0 0.37059859154929575 0.704225352112676 0.11355633802816902 0.062206572769953054
0 0.07174295774647887 0.07863849765258216 0.06514084507042253 0.12206572769953052
0 0.040713028169014086 0.4254694835680751 0.07790492957746478 0.3204225352112676
0 0.5226672535211268 0.7761150234741784 0.1624119718309859 0.22007042253521128
0 0.4251760563380282 0.10005868544600939 0.09066901408450705 0.11913145539906103
0 0.9203345070422535 0.09242957746478873 0.09859154929577464 0.11913145539906103
0 0.18705985915492956 0.8259976525821596 0.1267605633802817 0.1954225352112676
0 0.2929137323943662 0.8421361502347418 0.10519366197183098 0.1784037558685446
0 0.06073943661971831 0.8004694835680751 0.11795774647887323 0.25
0 0.5924295774647887 0.8509389671361502 0.12940140845070422 0.1443661971830986
0 0.6223591549295775 0.08714788732394366 0.09507042253521127 0.12617370892018778
0 0.7577024647887324 0.37265258215962443 0.1483274647887324 0.1607981220657277
0 0.9430017605633803 0.38761737089201875 0.1113556338028169 0.19307511737089203
0 0.7438380281690141 0.7922535211267606 0.15492957746478872 0.24530516431924881
