0 0.5250880281690141 0.0005868544600938967 0.7009132535087285 0.21713580583658446
0 0.2227112676056338 0.29225352112676056 0.3616977503223567 0.5731852972293857
0 0.8644366197183099 0.3902582159624413 0.9727709345863916 0.5520010221737309
0 0.7033450704225352 0.0029342723004694834 0.8716094431908351 0.2230029728448941
0 0.3648767605633803 0.2916666666666667 0.5398922197356675 0.5643828247261347
0 0.5061619718309859 0.6296948356807511 0.648984963920849 0.9192313997443188
0 0.6650528169014085 0.6279342723004695 0.8223305225277723 0.9127770338777579
0 0.34066901408450706 0.6396713615023474 0.4945683675114064 0.8634743712667239
0 0.5330105633802817 0.2916666666666667 0.6789027242238643 0.5520588810641628
0 0.011003521126760563 0.6384976525821596 0.18441417098541954 0.9485689567766536
0 0.2319542253521127 0.6437793427230047 0.3454084708515176 0.9315470778505146
0 0.8204225352112676 0.6115023474178404 0.999 0.8816833906411867
0 0.3503521126760563 0.0005868544600938967 0.5222929788236461 0.21654895137649055
0 0.0048415492957746475 0.2846244131455399 0.17033237607865503 0.5673212298044921
0 0.7803697183098591 0.4061032863849765 0.856170611919758 0.5437757609821684
0 0.8754401408450704 0.0011737089201877935 0.999 0.21361433467786373
0 0.002640845070422535 0.002347417840375587 0.10431221793790914 0.19659486653882607
0 0.26188380281690143 0.002347417840375587 0.36168050888960523 0.21537420926183076
0 0.6778169014084507 0.40199530516431925 0.7796312425609998 0.5561021154312417
