0 0.6342429577464789 0.005868544600938967 0.7796504212333862 0.27405758888227644
0 0.4040492957746479 0.7323943661971831 0.5561601895705217 0.9807908483766448
0 0.3908450704225352 0.38615023474178406 0.5363596632612577 0.6306419306134144
0 0.7552816901408451 0.0005868544600938967 0.9182415133406071 0.28638463212766424
0 0.684419014084507 0.3949530516431925 0.8201212944480262 0.6136179852983314
0 0.5378521126760564 0.38673708920187794 0.6855027059363221 0.6136228068725341
0 0.018926056338028168 0.0035211267605633804 0.1830902614188653 0.27229840309462405
0 0.19630281690140844 0.0029342723004694834 0.36831148643622297 0.2740593108730631
0 0.4269366197183099 0.0005868544600938967 0.6102874398680816 0.2834503598271948
0 0.823943661971831 0.7335680751173709 0.9543028416980758 0.9807901595803302
0 0.8543133802816901 0.4078638497652582 0.9961028550262844 0.636497732482532
0 0.5545774647887324 0.732981220657277 0.7101432317496529 0.9543820532742622
0 0.710387323943662 0.7335680751173709 0.8073457802271374 0.9344286572329124
0 0.9269366197183099 0.002347417840375587 0.9890286370511804 0.30340237827591526
