0 0.3657570422535211 0.3996478873239437 0.44922281820323345 0.6306340094557958
0 0.4590669014084507 0.4084507042253521 0.5482134388638167 0.6200654632017457
0 0.2887323943661972 0.40375586854460094 0.3621088325729022 0.6276973263682251
0 0.6386443661971831 0.3984741784037559 0.7153879206134696 0.6153764822896691
0 0.5484154929577465 0.41607981220657275 0.6318008734626066 0.6200609860257004
0 0.20598591549295775 0.3967136150234742 0.282919900565364 0.6318094403667703
0 0.1329225352112676 0.40023474178403756 0.20592741085598096 0.6288731016773568
0 0.005721830985915493 0.6584507042253521 0.07614184778565761 0.8798952754083185
0 0.07658450704225352 0.6672535211267606 0.16413882724161874 0.8839980906566158
0 0.8732394366197183 0.4137323943661972 0.941957200952192 0.6159543823976724
0 0.49383802816901406 0.6672535211267606 0.5688847543890101 0.8869323629570853
0 0.2777288732394366 0.653169014084507 0.34582846440438403 0.865227013489387
0 0.579225352112676 0.6637323943661971 0.6656781578555843 0.8840001570455598
0 0.7394366197183099 0.6578638497652582 0.813054825431462 0.872266511825255
0 0.6095950704225352 0.1766431924882629 0.6515802838598492 0.32970854272741296
0 0.7984154929577465 0.4137323943661972 0.8592436551527475 0.6171280913178602
0 0.2007042253521127 0.6602112676056338 0.27543983088672885 0.8634623173312173
0 0.5589788732394366 0.16725352112676056 0.6062680550733981 0.3414511422998082
0 0.679137323943662 0.1643192488262911 0.7325355909665741 0.3414528642905949
0 0.6685739436619719 0.6654929577464789 0.7329803811867684 0.8810648515506183
0 0.7231514084507042 0.4107981220657277 0.7932556551899425 0.627693193590337
0 0.38600352112676056 0.24002347417840375 0.4294075688727435 0.3355398923273601
0 0.4212147887323944 0.67018779342723 0.49189207095566356 0.8740198428442328
0 0.4335387323943662 0.23708920187793428 0.4791225621776434 0.3331941964777712
0 0.34639084507042256 0.24119718309859156 0.37924894769143025 0.3343654946108576
0 0.1192781690140845 0.2505868544600939 0.16764116277772267 0.3490313457426878
0 0.0682218309859155 0.2511737089201878 0.11924814179974211 0.3460967290440609
0 0.28125 0.24530516431924881 0.32470015404929575 0.33318937490356854
0 0.7306338028169014 0.1613849765258216 0.7769671506149572 0.33910716844100597
0 0.8776408450704225 0.6514084507042254 0.9507580806139655 0.8446881405805727
0 0.8160211267605634 0.659037558685446 0.8702394273209682 0.8458573723247151
0 0.9511443661971831 0.4471830985915493 0.999 0.6218032963036435
0 0.9810739436619719 0.20657276995305165 0.999 0.3443623399237365
0 0.960387323943662 0.2136150234741784 0.9788906745933348 0.34611877052613016
0 0.35563380281690143 0.6654929577464789 0.4170969921642531 0.8546564008463929
0 0.9581866197183099 0.6502347417840375 0.999 0.8681630077806431
0 0.00044014084507042255 0.24706572769953053 0.05105614430420551 0.34199115861050494
0 0.9414612676056338 0.2153755868544601 0.9586525258505257 0.34024919273071924
0 0.920774647887324 0.21830985915492956 0.9423764196092045 0.34318174304040205
0 0.8886443661971831 0.22300469483568075 0.9137814065289624 0.3384841521743922
