0 0.590669014084507 0.5780516431924883 0.7669055153987304 0.942149030725826
0 0.39436619718309857 0.5727699530516432 0.5909355782582821 0.9533023650510261
0 0.2112676056338028 0.5633802816901409 0.39031194207498515 0.9486130397407921
0 0.06073943661971831 0.0903755868544601 0.307191575952192 0.45534602371663474
0 0.6324823943661971 0.09800469483568075 0.8329082383827614 0.4682523446626551
0 0.3076584507042254 0.09096244131455399 0.4756568404706408 0.4471297168771628
0 0.8424295774647887 0.051643192488262914 0.999 0.48236405915933783
0 0.04753521126760563 0.5580985915492958 0.20640513414997025 0.9333579233617669
0 0.42869718309859156 0.11619718309859155 0.619969763563777 0.46178626925874494
0 0.7931338028169014 0.5856807511737089 0.9934889375867882 0.9638581685732549
