0 0.22359154929577466 0.3814553990610329 0.4400424332969649 0.6940249674888139
0 0.5867077464788732 0.778169014084507 0.7321361321538385 0.9748954407194339
0 0.02596830985915493 0.392018779342723 0.2455871618354493 0.6476572659745641
0 0.7394366197183099 0.7582159624413145 0.9019632761356874 0.9778414225572528
0 0.2007042253521127 0.0017605633802816902 0.4228870139853204 0.2676046006083449
0 0.7768485915492958 0.3538732394366197 0.9336369504438603 0.6459190884745091
0 0.4511443661971831 0.36913145539906106 0.5953119963176948 0.6476706975027
0 0.6029929577464789 0.3609154929577465 0.7796641756347947 0.6646942984196258
0 0.6474471830985915 0.0029342723004694834 0.7840460179651855 0.2640827850514669
0 0.2306338028169014 0.8051643192488263 0.4087893337135489 0.9789875796248539
0 0.05413732394366197 0.8204225352112676 0.22620856631868677 0.9684152449910732
0 0.4216549295774648 0.7916666666666666 0.5882827223021226 0.9836903364632238
0 0.002640845070422535 0.00528169014084507 0.20642489399424718 0.27699220558090326
0 0.4392605633802817 0.002347417840375587 0.6498946916534418 0.25880143930877914
0 0.795774647887324 0.007042253521126761 0.9890863667923031 0.2494090127620181
