0 0.4892165492957746 0.329518779342723 0.19410211267605634 0.3984741784037559
0 0.6910211267605634 0.7869718309859155 0.17781690140845072 0.30164319248826293
0 0.10849471830985916 0.3274647887323944 0.17473591549295775 0.3720657276995305
0 0.1892605633802817 0.7834507042253521 0.1936619718309859 0.2934272300469484
0 0.5129841549295775 0.778462441314554 0.17209507042253522 0.2846244131455399
0 0.3554137323943662 0.7761150234741784 0.144806338028169 0.28931924882629106
0 0.6824383802816901 0.3274647887323944 0.17825704225352113 0.3873239436619718
0 0.2975352112676056 0.32511737089201875 0.17693661971830985 0.37910798122065725
0 0.8851232394366197 0.31484741784037557 0.22711267605633803 0.34683098591549294
0 0.8532130281690141 0.7608568075117371 0.15889084507042253 0.25528169014084506
0 0.04115316901408451 0.7822769953051644 0.07702464788732394 0.3028169014084507
