0 0.7911531690140845 0.812206572769953 0.12984154929577466 0.25821596244131456
0 0.47997359154929575 0.426056338028169 0.15272887323943662 0.2147887323943662
0 0.6577904929577465 0.44366197183098594 0.17209507042253522 0.23826291079812206
0 0.3199823943661972 0.426056338028169 0.1619718309859155 0.22065727699530516
0 0.15536971830985916 0.4413145539906103 0.1619718309859155 0.24882629107981222
0 0.37610035211267606 0.79518779342723 0.17033450704225353 0.2335680751173709
0 0.5136443661971831 0.7872652582159625 0.10827464788732394 0.2177230046948357
0 0.2125880281690141 0.8078051643192489 0.17517605633802816 0.25997652582159625
0 0.6470070422535211 0.8095657276995305 0.1522887323943662 0.2634976525821596
0 0.8169014084507042 0.4442488262910798 0.13204225352112675 0.24295774647887325
0 0.941681338028169 0.41960093896713613 0.10959507042253522 0.19953051643192488
0 0.9269366197183099 0.8034037558685446 0.14348591549295775 0.24061032863849766
0 0.15602992957746478 0.10123239436619719 0.20026408450704225 0.1977699530516432
0 0.323943661971831 0.10211267605633803 0.15845070422535212 0.19718309859154928
0 0.5046214788732394 0.09653755868544601 0.1914612676056338 0.18838028169014084
0 0.7081866197183099 0.0994718309859155 0.19630281690140844 0.1977699530516432
0 0.8873239436619719 0.07922535211267606 0.15757042253521128 0.1572769953051643
