0 0.6536091549295775 0.27816901408450706 0.7954869678015274 0.5966677411889175
0 0.5013204225352113 0.7001173708920188 0.6322617427717715 0.9438379592893826
0 0.11575704225352113 0.2699530516431925 0.2988046844004166 0.6195598867067822
0 0.2992957746478873 0.2717136150234742 0.4783013662963698 0.604300637549869
0 0.30369718309859156 0.7136150234741784 0.47961985159194603 0.9901915404791818
0 0.13776408450704225 0.7177230046948356 0.29879499820224165 0.9543910076263529
0 0.6382042253521126 0.6983568075117371 0.7897719171543345 0.9561629361458264
0 0.0017605633802816902 0.26936619718309857 0.09991119693513191 0.6183865221847518
0 0.78125 0.6860328638497653 0.9336350132042254 0.9485410605259098
0 0.7948943661971831 0.2834507042253521 0.9648790077613568 0.5778852988824968
0 0.0048415492957746475 0.00528169014084507 0.12543800988147194 0.16607671262315676
0 0.13336267605633803 0.007042253521126761 0.29879693544187663 0.17957333201084438
0 0.31514084507042256 0.0005868544600938967 0.5214281950505852 0.15023439738588024
0 0.5272887323943662 0.0035211267605633804 0.7330425665790519 0.09330779276598558
0 0.7125880281690141 0.002347417840375587 0.8350736848467566 0.19366059423835658
0 0.8459507042253521 0.008215962441314555 0.9912649864858163 0.2001125493178161
0 0.48899647887323944 0.27523474178403756 0.6776016740850029 0.6107539702219578
0 0.002640845070422535 0.7312206572769953 0.14128404892382465 0.999
