0 0.4894366197183099 0.25410798122065725 0.20334507042253522 0.4131455399061033
0 0.8725792253521126 0.7544014084507042 0.13952464788732394 0.3538732394366197
0 0.136443661971831 0.2640845070422535 0.16549295774647887 0.3744131455399061
0 0.12147887323943662 0.7479460093896714 0.21830985915492956 0.4043427230046948
0 0.32856514084507044 0.749706572769953 0.17033450704225353 0.41725352112676056
0 0.6670334507042254 0.30545774647887325 0.15096830985915494 0.33274647887323944
0 0.8279049295774648 0.2913732394366197 0.1954225352112676 0.36326291079812206
0 0.6925616197183099 0.7535211267605634 0.18617957746478872 0.3931924882629108
0 0.3045774647887324 0.2538145539906103 0.1742957746478873 0.3949530516431925
0 0.5138644366197183 0.7546948356807511 0.1914612676056338 0.41901408450704225
0 0.02574823943661972 0.30545774647887325 0.050616197183098594 0.29518779342723006
