0 0.875 0.041666666666666664 0.99609375 0.3649990219092332
0 0.13336267605633803 0.43603286384976525 0.26402580868131326 0.6599553797747361
0 0.8732394366197183 0.8356807511737089 0.9974149474310653 0.999
0 0.37455985915492956 0.06807511737089202 0.4390957042873438 0.3297722563865194
0 0.20818661971830985 0.056338028169014086 0.27367597419906764 0.3233237452886332
0 0.2918133802816901 0.061619718309859156 0.3616673356600873 0.32801548138596837
0 0.136443661971831 0.0528169014084507 0.20416529768399128 0.3215652482972955
0 0.6738556338028169 0.09389671361502347 0.738699887485122 0.3432547554497565
0 0.5294894366197183 0.07863849765258216 0.5930768092268399 0.3373951652009081
0 0.741637323943662 0.11384976525821597 0.807332025825729 0.3479378815931583
0 0.4595070422535211 0.07629107981220658 0.5279667662666138 0.33270170711278624
0 0.6056338028169014 0.08392018779342723 0.6634658301924221 0.3420869012982433
0 0.08714788732394366 0.04870892018779343 0.13200389617635389 0.2446897248120964
0 0.27992957746478875 0.4084507042253521 0.428573974657806 0.6593847120280368
0 0.8851232394366197 0.43661971830985913 0.999 0.7650019837333862
0 0.8116197183098591 0.1238262910798122 0.8799244631521523 0.35262686250523484
0 0.2671654929577465 0.789906103286385 0.4193366349062686 0.9185505245872733
0 0.42297535211267606 0.7505868544600939 0.566275098876711 0.9625876837708567
0 0.0035211267605633804 0.04518779342723005 0.03476957696885539 0.24469179120104037
