0 0.8882042253521126 0.29988262910798125 0.953394276309264 0.40240617216601643
0 0.6848591549295775 0.232981220657277 0.7536598331184289 0.3866003631334171
0 0.7508802816901409 0.2318075117370892 0.8240533097351717 0.38718790638982564
0 0.3996478873239437 0.2142018779342723 0.48045790145804407 0.37839542143313715
0 0.42077464788732394 0.6291079812206573 0.49409296890497917 0.7431754061143071
0 0.4876760563380282 0.2282863849765258 0.5636057763836541 0.38249513709801847
0 0.22579225352112675 0.215962441314554 0.3154816055222178 0.3725258436377262
0 0.36619718309859156 0.636150234741784 0.4192930470144812 0.7449318367167008
0 0.31954225352112675 0.20774647887323944 0.39026428597996426 0.37839920981286784
0 0.1487676056338028 0.2112676056338028 0.225726774821464 0.37370230774317265
0 0.2975352112676056 0.6285211267605634 0.3651859440091252 0.7331992246908683
0 0.45774647887323944 0.43838028169014087 0.5130027524300733 0.5695784153276466
0 0.38028169014084506 0.43427230046948356 0.4448150168617338 0.563125427053715
0 0.4964788732394366 0.6232394366197183 0.5688835920452291 0.7443525590160682
0 0.08714788732394366 0.44014084507042256 0.16589474124677642 0.5584271473913905
0 0.09330985915492958 0.2142018779342723 0.1531279446042452 0.3690057500716348
0 0.8252640845070423 0.45305164319248825 0.895763528131819 0.5936308382375631
0 0.1641725352112676 0.43896713615023475 0.23628337476443168 0.5689912164693954
0 0.5963908450704225 0.687206572769953 0.7140860955787542 0.7478361463774824
0 0.2323943661971831 0.43427230046948356 0.3027146151557231 0.5672334082743724
0 0.8243838028169014 0.29870892018779344 0.8847603944529855 0.38069324593885695
0 0.005721830985915493 0.20833333333333334 0.08714536891241817 0.3737040297339593
0 0.6764964788732394 0.08039906103286384 0.7316564716202142 0.15253497707685867
0 0.10607394366197183 0.005868544600938967 0.20065753787690935 0.1555129879433093
0 0.7112676056338029 0.4583333333333333 0.7690531392580837 0.5807169405320813
0 0.06294014084507042 0.6396713615023474 0.14345821296617736 0.7161739017831559
0 0.5132042253521126 0.43838028169014087 0.5776790474360246 0.5713389787079284
0 0.6465669014084507 0.47417840375586856 0.7096626025962111 0.5848156230024907
0 0.582306338028169 0.45774647887323944 0.6370676468582622 0.584825266150896
0 0.730193661971831 0.6349765258215962 0.8350659358882166 0.6844865161233441
0 0.6016725352112676 0.06748826291079812 0.6507034892010514 0.1478477181555688
0 0.03301056338028169 0.012910798122065728 0.10077772422386432 0.15257458286495185
0 0.31294014084507044 0.443075117370892 0.3810242340929379 0.5672282423020124
0 0.7702464788732394 0.45715962441314556 0.8240447858807776 0.5818913382485839
0 0.8455105633802817 0.6895539906103286 0.9556137717590756 0.7525296044656042
0 0.7570422535211268 0.08450704225352113 0.8271315835151756 0.1595748198108841
0 0.7310739436619719 0.6895539906103286 0.8429880836515572 0.7495953321651347
0 0.8380281690140845 0.08568075117370892 0.9045607270382859 0.15311873195353656
0 0.9507042253521126 0.3057511737089202 0.9987012745487006 0.38949193006237737
0 0.9005281690140845 0.5205399061032864 0.981557866122793 0.5836147066278736
0 0.8441901408450704 0.636150234741784 0.9498925219450506 0.6891806630077807
0 0.7051056338028169 0.8004694835680751 0.7571720485766713 0.9015255460777183
0 0.6443661971830986 0.8016431924882629 0.6955790641737751 0.8944826037602769
0 0.5897887323943662 0.8192488262910798 0.6401453394663758 0.8985802530362141
0 0.8965669014084507 0.4471830985915493 0.9775983420328309 0.5103009488858031
0 0.010123239436619719 0.4325117370892019 0.08626314998264234 0.5613658968679054
0 0.5990316901408451 0.6320422535211268 0.7167257783053957 0.6927042005554453
0 0.5264084507042254 0.7893192488262911 0.584275348393176 0.8974241084220502
0 0.46919014084507044 0.7904929577464789 0.5284026451844872 0.8886206027243272
