0 0.38116197183098594 0.6320422535211268 0.47650477025887716 0.8681736841235205
0 0.6866197183098591 0.10974178403755869 0.7527787765324341 0.3050999167934052
0 0.28257042253521125 0.6373239436619719 0.38631929118726444 0.8681705845401044
0 0.19718309859154928 0.6144366197183099 0.28336391588970444 0.8494046733452357
0 0.4898767605633803 0.6842723004694836 0.595294948608907 0.8769458495889263
0 0.08934859154929578 0.6408450704225352 0.19318250502132514 0.8388257951464656
0 0.7055457746478874 0.6473004694835681 0.8011859393597501 0.8928126170953735
0 0.5365316901408451 0.13673708920187794 0.5965948364039872 0.32679768950164206
0 0.2689260563380282 0.1414319248826291 0.33702952198224556 0.3326634789173224
0 0.1210387323943662 0.4131455399061033 0.1817248949241222 0.5613772620070974
0 0.5299295774647887 0.40375586854460094 0.5952773197282285 0.5819226784809011
0 0.13336267605633803 0.1449530516431925 0.20416665375173576 0.3226848867067822
0 0.08934859154929578 0.1596244131455399 0.1359641951621702 0.31915514999228545
0 0.6047535211267606 0.12617370892018778 0.6691880486262647 0.3314987243492252
0 0.33494718309859156 0.1443661971830986 0.4017011676130728 0.3344223203068174
0 0.3173415492957746 0.3908450704225352 0.386303986994148 0.573127438338954
0 0.1949823943661972 0.1449530516431925 0.2675198140869867 0.33266141252837844
0 0.5946302816901409 0.3902582159624413 0.6599495465309463 0.5836911630188013
0 0.0035211267605633804 0.6255868544600939 0.08538577415195397 0.8359004771980868
0 0.46610915492957744 0.13380281690140844 0.5328054097029359 0.32855997487271044
0 0.07746478873239436 0.4154929577464789 0.1267264679627058 0.5631364477947497
0 0.23987676056338028 0.39436619718309857 0.30139089931313234 0.561388282748132
0 0.40096830985915494 0.13145539906103287 0.4646122498636184 0.3314956247658093
0 0.18617957746478872 0.4154929577464789 0.2367138294113271 0.5613758844144681
0 0.03345070422535211 0.16842723004694835 0.08537260092243602 0.31562885725936213
0 0.014964788732394365 0.38967136150234744 0.0717363711317199 0.5613910379333906
0 0.840669014084507 0.11032863849765258 0.9177637900466177 0.3303343141792854
0 0.7689260563380281 0.09800469483568075 0.824925648742809 0.32975469208049546
0 0.8186619718309859 0.38967136150234744 0.8997277015969054 0.5789966717362075
0 0.8939260563380281 0.6766431924882629 0.9749586593061893 0.8957296694879764
0 0.9295774647887324 0.12910798122065728 0.9982704324538783 0.3097833873349644
0 0.8014964788732394 0.715962441314554 0.8922528624652847 0.9004014304921862
