0 0.14568661971830985 0.3562206572769953 0.2653408069455465 0.6060116075954948
0 0.5867077464788732 0.32629107981220656 0.7343368363791907 0.4481653221362604
0 0.7636443661971831 0.335093896713615 0.9103152973740329 0.6183479495911305
0 0.14656690140845072 0.7282863849765259 0.2737030955539575 0.9344317568163283
0 0.5941901408450704 0.43779342723004694 0.786270162790121 0.6364801681765082
0 0.2649647887323944 0.3227699530516432 0.4277002795824241 0.6060312382904627
0 0.26188380281690143 0.7224178403755869 0.37312417086143623 0.8945290975115167
0 0.6685739436619719 0.7142018779342723 0.7990015079473318 0.9039235904472216
0 0.23987676056338028 0.005868544600938967 0.4334331528342591 0.19835336353016375
0 0.8419894366197183 0.7230046948356808 0.9983089835226145 0.9097869690758006
0 0.4480633802816901 0.36795774647887325 0.5803485636530451 0.4780704473318786
0 0.6016725352112676 0.0005868544600938967 0.7422527849756992 0.10856773071921356
0 0.37411971830985913 0.7241784037558685 0.5015958980113072 0.9191759516409884
0 0.6060739436619719 0.7188967136150235 0.6801909885811347 0.8458222437126672
0 0.5039612676056338 0.7318075117370892 0.6054119888786946 0.891002460380436
0 0.0022007042253521128 0.7206572769953051 0.12543917222525294 0.9285676893914346
0 0.08714788732394366 0.00528169014084507 0.20506727645804404 0.2335649755339549
0 0.4507042253521127 0.012910798122065728 0.5966326125768696 0.11032106173819127
0 0.8160211267605634 0.007042253521126761 0.9939190047857568 0.23767192356014016
