0 0.3232834507042254 0.23327464788732394 0.1483274647887324 0.27875586854460094
0 0.17253521126760563 0.22799295774647887 0.1443661971830986 0.2834507042253521
0 0.6483274647887324 0.22769953051643194 0.14964788732394366 0.3274647887323944
0 0.8637764084507042 0.7039319248826291 0.17033450704225353 0.3163145539906103
0 0.045774647887323945 0.21156103286384975 0.0880281690140845 0.272887323943662
0 0.3419894366197183 0.6461267605633803 0.19454225352112675 0.39906103286384975
0 0.522887323943662 0.6684272300469484 0.17077464788732394 0.40375586854460094
0 0.18485915492957747 0.641725352112676 0.1426056338028169 0.36678403755868544
0 0.6949823943661971 0.6860328638497653 0.176056338028169 0.3591549295774648
0 0.4823943661971831 0.23503521126760563 0.17077464788732394 0.29401408450704225
0 0.811399647887324 0.2649647887323944 0.15889084507042253 0.26467136150234744
0 0.047975352112676055 0.6786971830985915 0.0897887323943662 0.3174882629107981
0 0.8915052816901409 0.07834507042253522 0.20026408450704225 0.10974178403755869
0 0.501100352112676 0.9697769953051644 0.17033450704225353 0.06044600938967136
0 0.17913732394366197 0.9609741784037559 0.12852112676056338 0.06866197183098592
0 0.32900528169014087 0.9677230046948356 0.15536971830985916 0.06103286384976526
0 0.9471830985915493 0.26085680751173707 0.09595070422535211 0.27992957746478875
0 0.9674295774647887 0.7089201877934272 0.0625 0.33215962441314556
0 0.051056338028169015 0.9595070422535211 0.09507042253521127 0.07746478873239436
