0 0.37588028169014087 0.7599765258215962 0.49675357381967866 0.9837089339637197
0 0.653169014084507 0.3755868544600939 0.8245364573001388 0.6646856884656924
0 0.46610915492957744 0.002347417840375587 0.7876469589987105 0.26936481959046926
0 0.16505281690140844 0.004694835680751174 0.4413886211193216 0.24764982697436574
0 0.39348591549295775 0.3714788732394366 0.6507951206357866 0.6723172072340143
0 0.00044014084507042255 0.004694835680751174 0.1659329048675858 0.2505840992748352
0 0.7913732394366197 0.004107981220657277 0.9208664730460225 0.23826050001102073
0 0.17253521126760563 0.7576291079812206 0.27941349682602656 0.9848840204765368
0 0.2772887323943662 0.7681924882629108 0.37399767221285457 0.9831172579294232
0 0.09859154929577464 0.755868544600939 0.21606576076175363 0.9238521898212436
