0 0.8745598591549296 0.22065727699530516 0.9573615493577663 0.4476404593444863
0 0.6430457746478874 0.22535211267605634 0.7321113354865106 0.4558536666005422
0 0.6456866197183099 0.5211267605633803 0.7167052435652648 0.721525160351782
0 0.5691021126760564 0.5369718309859155 0.635753036041956 0.7344266597235998
0 0.49119718309859156 0.009976525821596244 0.5407169026482841 0.16548710297780425
0 0.37764084507042256 0.5363849765258216 0.44041477075481056 0.7226899149198792
0 0.3402288732394366 0.027582159624413145 0.3898150401086094 0.16841104333355375
0 0.24031690140845072 0.2623239436619718 0.3071125365750843 0.4605268051973815
0 0.5044014084507042 0.5446009389671361 0.569760386704027 0.7244456567259583
0 0.43838028169014087 0.014671361502347418 0.489683811495735 0.16724491117282728
0 0.7596830985915493 0.04870892018779343 0.8064438014530847 0.16546437269942033
0 0.9022887323943662 0.5440140845070423 0.9586697672832771 0.7056666584011109
0 0.13336267605633803 0.539906103286385 0.19360327347004563 0.7050822147281184
0 0.18970070422535212 0.5475352112676056 0.24903622328159095 0.7127068455332937
0 0.3710387323943662 0.25997652582159625 0.4360162681635588 0.4617018917101986
0 0.503080985915493 0.2711267605633803 0.5710813904111288 0.4675638927461483
0 0.5726232394366197 0.2605633802816901 0.6427937397713748 0.4646358196125107
0 0.14348591549295775 0.03227699530516432 0.19183825443860347 0.17427683274923406
0 0.24779929577464788 0.539906103286385 0.3137113559437612 0.7121244682492451
0 0.6483274647887324 0.04988262910798122 0.6999787291088078 0.16428997498291786
0 0.26672535211267606 0.031103286384976527 0.30357978637671096 0.16840897694460977
0 0.09330985915492958 0.267018779342723 0.1597300572803015 0.45582921433137163
0 0.7046654929577465 0.052230046948356805 0.7549715380752827 0.16546230631047631
0 0.2262323943661972 0.03286384976525822 0.2644250737700853 0.17427648835107673
0 0.07834507042253522 0.539906103286385 0.13332819319083516 0.7109507593290574
0 0.59375 0.051643192488262914 0.6436647227112676 0.16722321408891533
0 0.43882042253521125 0.2664319248826291 0.500687138898532 0.4616981033304679
0 0.5409330985915493 0.040492957746478875 0.5877900822629439 0.16370863089334126
0 0.18970070422535212 0.03051643192488263 0.2309904486337036 0.17427786594370606
0 0.3045774647887324 0.25938967136150237 0.3700243937214838 0.4617022361083559
0 0.909330985915493 0.046948356807511735 0.9595469493900021 0.16546540589389233
0 0.17737676056338028 0.27582159624413144 0.2380381264258084 0.4575846117392934
0 0.3028169014084507 0.028755868544600938 0.34317657706804205 0.1684103545372391
0 0.018045774647887324 0.5293427230046949 0.07481600097946836 0.6998067237541052
0 0.31382042253521125 0.5369718309859155 0.37442173396895456 0.7197552982212524
0 0.44058098591549294 0.5346244131455399 0.5028870682280302 0.7285594927152902
0 0.008362676056338027 0.2764084507042254 0.06733786854046815 0.4411523424585069
0 0.00044014084507042255 0.04107981220657277 0.046654735853501286 0.17427166677687406
0 0.8085387323943662 0.522887323943662 0.8724434248536997 0.7209372726972162
0 0.7275528169014085 0.522887323943662 0.8011762531615751 0.7326743618990941
0 0.852112676056338 0.051056338028169015 0.9036742461813131 0.165462995106791
0 0.7891725352112676 0.79518779342723 0.8693709627926006 0.9572798193700545
0 0.2935739436619718 0.7828638497652582 0.3555045889332474 0.95904761511164
0 0.09727112676056338 0.778755868544601 0.15092549686322157 0.9426181010161123
0 0.5022007042253521 0.7775821596244131 0.5666803694083515 0.9690272405166523
0 0.21875 0.7758215962441315 0.27411146566901406 0.9561174755890586
0 0.565580985915493 0.7752347417840375 0.6295926140026781 0.9748971627102206
0 0.16549295774647887 0.7793427230046949 0.2116349062685975 0.9531811368996451
0 0.04357394366197183 0.778755868544601 0.09593152555296568 0.9414443920959246
0 0.002640845070422535 0.772887323943662 0.03873123202241619 0.9338187280962772
