0 0.12588028169014084 0.721830985915493 0.4484481160731998 0.9092008034120215
0 0.582306338028169 0.35269953051643194 0.7946380693934735 0.604253110604157
0 0.44190140845070425 0.7253521126760564 0.600157613816703 0.9127198637836408
0 0.30149647887323944 0.0011737089201877935 0.5293567357047212 0.2353279497013379
0 0.0035211267605633804 0.006455399061032864 0.29445267556040466 0.24178024917895477
0 0.5572183098591549 0.008215962441314555 0.8025716468706606 0.25058203288589126
0 0.003961267605633803 0.32981220657276994 0.1170757212730609 0.6306749928365183
0 0.7992957746478874 0.36208920187793425 0.9794017184090459 0.6224400884965504
0 0.8886443661971831 0.7570422535211268 0.9960877445571314 0.9173961019638961
0 0.5963908450704225 0.732981220657277 0.729491025156219 0.9408844006921026
0 0.7517605633802817 0.7658450704225352 0.884792358906963 0.9373439876347286
0 0.0008802816901408451 0.7276995305164319 0.12411933086193216 0.88689688994688
0 0.804137323943662 0.0035211267605633804 0.9983256437834755 0.2881434735171593
0 0.32526408450704225 0.40492957746478875 0.5768814858782979 0.6036356047080605
