0 0.26870598591549294 0.7417840375586855 0.2319542253521127 0.3403755868544601
0 0.1542693661971831 0.30985915492957744 0.17121478873239437 0.16901408450704225
0 0.5283890845070423 0.7321009389671361 0.2706866197183099 0.3902582159624413
0 0.7750880281690141 0.7276995305164319 0.2244718309859155 0.36502347417840375
0 0.5591989436619719 0.22711267605633803 0.28036971830985913 0.4518779342723005
0 0.12830105633802816 0.15492957746478872 0.19058098591549297 0.13262910798122066
0 0.25682218309859156 0.06455399061032864 0.167693661971831 0.12793427230046947
0 0.06338028169014084 0.6326291079812206 0.12588028169014084 0.24295774647887325
0 0.3362676056338028 0.2664319248826291 0.14348591549295775 0.24647887323943662
0 0.8243838028169014 0.2347417840375587 0.2323943661971831 0.4647887323943662
0 0.9522447183098591 0.7455985915492958 0.09551056338028169 0.3785211267605634
