0 0.5400528169014085 0.24031690140845072 0.16637323943661972 0.23767605633802816
0 0.7051056338028169 0.22564553990610328 0.16109154929577466 0.2775821596244131
0 0.1368838028169014 0.32717136150234744 0.2640845070422535 0.4465962441314554
0 0.15580985915492956 0.7461854460093896 0.2420774647887324 0.22359154929577466
0 0.3609154929577465 0.5754107981220657 0.16109154929577466 0.18485915492957747
0 0.3628961267605634 0.24178403755868544 0.1756161971830986 0.2687793427230047
0 0.5081426056338029 0.8339201877934272 0.13512323943661972 0.14906103286384975
0 0.36223591549295775 0.8415492957746479 0.14700704225352113 0.1467136150234742
0 0.5297095070422535 0.5275821596244131 0.15272887323943662 0.14553990610328638
0 0.8516725352112676 0.22769953051643194 0.16901408450704225 0.2687793427230047
0 0.6441461267605634 0.7910798122065728 0.13424295774647887 0.12089201877934272
0 0.9493838028169014 0.1857394366197183 0.08450704225352113 0.1789906103286385
0 0.6663732394366197 0.5149647887323944 0.09507042253521127 0.1238262910798122
0 0.9674295774647887 0.5536971830985915 0.0625 0.11443661971830986
0 0.7442781690140845 0.806924882629108 0.04841549295774648 0.12323943661971831
