0 0.4022887323943662 0.2546948356807512 0.7286961757339814 0.5814233011527695
0 0.06514084507042253 0.24295774647887325 0.3974185119519936 0.6072517853600476
0 0.7372359154929577 0.27699530516431925 0.9693057940512796 0.6524196036941524
0 0.42077464788732394 0.7130281690140845 0.6322971942570919 0.9021637158632547
0 0.45202464788732394 0.0005868544600938967 0.7713679468979369 0.16138463212766427
0 0.1267605633802817 0.007042253521126761 0.4356836441182305 0.1455357733253984
0 0.7772887323943662 0.005868544600938967 0.999 0.1719449128259384
0 0.6254401408450704 0.7130281690140845 0.8315909154309661 0.9332670022482312
0 0.09330985915492958 0.7511737089201878 0.28957160657607617 0.9966248980581455
0 0.858274647887324 0.8832159624413145 0.9868581537641341 0.9900920094117129
0 0.9071302816901409 0.6296948356807511 0.9982803123760167 0.7619544044391545
