0 0.6137764084507042 0.7960680751173709 0.1835387323943662 0.20715962441314553
0 0.10761443661971831 0.7529342723004695 0.19058098591549297 0.24413145539906103
0 0.6804577464788732 0.34624413145539906 0.21919014084507044 0.3403755868544601
0 0.8952464788732394 0.3380281690140845 0.1936619718309859 0.3227699530516432
0 0.46170774647887325 0.26936619718309857 0.17253521126760563 0.17018779342723006
0 0.28014964788732394 0.7743544600938967 0.16065140845070422 0.2811032863849765
0 0.8400088028169014 0.7165492957746479 0.2249119718309859 0.18309859154929578
0 0.25132042253521125 0.33480046948356806 0.22887323943661972 0.3104460093896714
0 0.4777728873239437 0.6549295774647887 0.18882042253521128 0.062206572769953054
0 0.4511443661971831 0.8004694835680751 0.15933098591549297 0.18896713615023475
0 0.06227992957746479 0.35475352112676056 0.12367957746478873 0.2153755868544601
0 0.4669894366197183 0.43603286384976525 0.20598591549295775 0.142018779342723
