0 0.3389084507042254 0.1784037558685446 0.3783719593086689 0.3285338006127532
0 0.4242957746478873 0.1766431924882629 0.46328155995834164 0.3256005615067557
0 0.38600352112676056 0.1772300469483568 0.42500616042203926 0.33264247062972513
0 0.477112676056338 0.176056338028169 0.5191562004066653 0.32970888712557034
0 0.903169014084507 0.1784037558685446 0.9401834643423923 0.3226652560118142
0 0.676056338028169 0.41784037558685444 0.752783425907558 0.6570317838171439
0 0.6720950704225352 0.17546948356807512 0.7180140426626661 0.3126904521810046
0 0.7649647887323944 0.17546948356807512 0.8064414767655227 0.3191458512420375
0 0.8547535211267606 0.16901408450704225 0.8922294218657013 0.3279524565231766
0 0.3512323943661972 0.41960093896713613 0.42370104207994447 0.6628992952236109
0 0.7249119718309859 0.18309859154929578 0.7628851619842293 0.3238362097467434
0 0.4273767605633803 0.4137323943661972 0.492329499665245 0.6370811429610527
0 0.8080985915492958 0.17312206572769953 0.8469154495635787 0.32853690019616916
0 0.579225352112676 0.41960093896713613 0.6489528057429081 0.6640730041437987
0 0.18089788732394366 0.20422535211267606 0.2287936188876215 0.3038707597698869
0 0.7442781690140845 0.7183098591549296 0.818774525453779 0.9561512266084772
0 0.2367957746478873 0.2007042253521127 0.28114577650763733 0.3138493519804272
0 0.13468309859154928 0.397887323943662 0.22705339652350726 0.5584519440587185
0 0.8331866197183099 0.4231220657276995 0.8975206044807578 0.6582023931539156
0 0.5 0.41784037558685444 0.5631602112676056 0.6347313143335758
0 0.0409330985915493 0.375 0.13862634986857766 0.555531103286385
0 0.23151408450704225 0.3761737089201878 0.2930319040121008 0.5525961421896008
0 0.0030809859154929575 0.2007042253521127 0.08142470027028367 0.32089160550155393
0 0.14656690140845072 0.6766431924882629 0.21120309555395755 0.75018976338469
0 0.8992077464788732 0.4448356807511737 0.9775971796890497 0.6581896504220944
0 0.753080985915493 0.414906103286385 0.8284537495660583 0.6582072147281184
0 0.9423415492957746 0.18544600938967137 0.9788986172758382 0.32031370539355064
0 0.9559859154929577 0.7136150234741784 0.999 0.9473511648923274
0 0.8851232394366197 0.7206572769953051 0.9582371816727832 0.9532155767153784
0 0.8182218309859155 0.7177230046948356 0.8856433882786153 0.9573252799268223
0 0.460387323943662 0.7200704225352113 0.5301670830440389 0.946173667592409
0 0.5352112676056338 0.7247652582159625 0.6084792203927791 0.9502788936278076
0 0.6065140845070423 0.7188967136150235 0.6766696680966078 0.9532166099098502
0 0.6769366197183099 0.7200704225352113 0.7439802215582225 0.9602581746346625
0 0.3182218309859155 0.7335680751173709 0.39642683898284076 0.9543817088761049
