0 0.24075704225352113 0.4565727699530516 0.41802783580886727 0.6306006028345346
0 0.05369718309859155 0.45598591549295775 0.2389728445496925 0.6399906185941944
0 0.8908450704225352 0.789906103286385 0.999 0.9748885527562874
0 0.7852112676056338 0.4688967136150235 0.9067846781392581 0.6305933704732306
0 0.4203345070422535 0.4565727699530516 0.557033303474013 0.6306006028345346
0 0.426056338028169 0.12147887323943662 0.6151293766117834 0.30450617437016464
0 0.6227992957746479 0.12852112676056338 0.7910991200282682 0.31095744065330955
0 0.24779929577464788 0.12265258215962441 0.42066558129587384 0.30039750435319273
0 0.0448943661971831 0.11091549295774648 0.23985700071910337 0.296883265555776
0 0.613556338028169 0.46830985915492956 0.7827405121751636 0.6411570951530781
0 0.8679577464788732 0.715962441314554 0.9855334693017258 0.7583826511494632
0 0.25308098591549294 0.0005868544600938967 0.4277055101294386 0.11502312978024642
0 0.4251760563380282 0.721244131455399 0.5653938485667527 0.7724640586083008
0 0.44014084507042256 0.0005868544600938967 0.6243661351914304 0.11326256639996474
0 0.801056338028169 0.12910798122065728 0.9785206618230511 0.3185862042363729
0 0.741637323943662 0.7194835680751174 0.8676313216003769 0.7677702561220217
0 0.9401408450704225 0.4753521126760563 0.9982657830787542 0.6552374694174437
0 0.26100352112676056 0.767018779342723 0.4158182202811942 0.9872259279463951
0 0.10299295774647887 0.7699530516431925 0.2618384714094426 0.9854636425753268
0 0.7420774647887324 0.7881455399061033 0.886997325059512 0.9789975671714166
0 0.5787852112676056 0.7887323943661971 0.7286184924246182 0.9836920584540104
0 0.41901408450704225 0.7852112676056338 0.5746395184487204 0.9854546882232361
0 0.00044014084507042255 0.7646713615023474 0.09991177810702243 0.9807719064779915
0 0.0013204225352112676 0.0035211267605633804 0.08230575685627851 0.1073922998082391
0 0.002640845070422535 0.11032863849765258 0.04401292216326126 0.298644173334215
0 0.00044014084507042255 0.45598591549295775 0.04533431331829002 0.6335352195331615
0 0.6210387323943662 0.04812206572769953 0.7541280639382067 0.10677927108818797
0 0.7706866197183099 0.04518779342723005 0.9323192400441381 0.12614719026207322
