0 0.6056338028169014 0.09624413145539906 0.78626512596707 0.3620327205801318
0 0.4357394366197183 0.0903755868544601 0.6182061006000793 0.3414962584584188
0 0.2557218309859155 0.07276995305164319 0.43166561539129145 0.33857231810266925
0 0.6161971830985915 0.4953051643192488 0.7369647019440587 0.6552257598800943
0 0.12015845070422536 0.06631455399061033 0.25478866265373934 0.3297732895809914
0 0.15845070422535212 0.48826291079812206 0.2706168790914501 0.685746324582865
0 0.769806338028169 0.11795774647887323 0.964449909182206 0.3678885224492495
0 0.2715669014084507 0.5 0.4444227258356477 0.6968896713615024
0 0.7337147887323944 0.5410798122065728 0.9283742452514382 0.7039078170116159
0 0.44630281690140844 0.5046948356807511 0.6111591977038286 0.7015817518569949
0 0.19190140845070422 0.43779342723004694 0.3749155363519143 0.49622195221406684
0 0.3899647887323944 0.8022300469483568 0.5601276563429874 0.9590362499724482
0 0.21919014084507044 0.8169014084507042 0.3889880325084309 0.9543328043377636
0 0.9044894366197183 0.5539906103286385 0.999 0.7091819303929997
0 0.6056338028169014 0.7834507042253521 0.7563355485022812 0.90740407822522
