0 0.2438380281690141 0.7975352112676056 0.37049126847351715 0.9948371272234345
0 0.5580985915492958 0.511150234741784 0.7167437946340013 0.7168361794397056
0 0.6602112676056338 0.16901408450704225 0.8553432168716524 0.36257686966871655
0 0.4581866197183099 0.16607981220657278 0.6529673474385043 0.36316544611959706
0 0.31294014084507044 0.17077464788732394 0.457168600290121 0.3449702026714276
0 0.7178697183098591 0.505868544600939 0.8425537545253918 0.7109707344221826
0 0.6606514084507042 0.06631455399061033 0.8007655583589565 0.11028972150587404
0 0.1153169014084507 0.16490610328638497 0.3089281175609998 0.3555370269346911
0 0.4137323943661972 0.4231220657276995 0.5499939558123388 0.4850803274262161
0 0.23459507042253522 0.5082159624413145 0.3925023789302718 0.7027533943882387
0 0.06778169014084508 0.4982394366197183 0.22356171580539574 0.6968907045559743
0 0.39524647887323944 0.5070422535211268 0.5557239232047212 0.7062752099451167
0 0.2605633802816901 0.42664319248826293 0.4061353154136084 0.49329422347858665
0 0.6663732394366197 0.12147887323943662 0.7976820540319381 0.16366110394762945
0 0.5743838028169014 0.8133802816901409 0.6168246550163657 0.974874776829994
0 0.6861795774647887 0.8421361502347418 0.8232015054676651 0.9989189341841346
0 0.0880281690140845 0.8045774647887324 0.23499646647490574 0.9684245437413211
0 0.38600352112676056 0.8016431924882629 0.5301998223938703 0.9948347164363333
0 0.6276408450704225 0.8198356807511737 0.6713786792055149 0.9701761527695123
0 0.00044014084507042255 0.812793427230047 0.07350332740279707 0.983091083669466
0 0.0035211267605633804 0.16725352112676056 0.11575549246181313 0.35436194042187397
0 0.0022007042253521128 0.5011737089201878 0.07174198912666138 0.6951284191849061
0 0.5748239436619719 0.4225352112676056 0.712335024672684 0.4809726906037162
