0 0.3023767605633803 0.0977112676056338 0.12235915492957747 0.18838028169014084
0 0.6412852112676056 0.42664319248826293 0.12588028169014084 0.11384976525821597
0 0.2425176056338028 0.36414319248826293 0.1329225352112676 0.15316901408450703
0 0.7403169014084507 0.12588028169014084 0.14788732394366197 0.1789906103286385
0 0.16593309859154928 0.09125586854460094 0.14524647887323944 0.17077464788732394
0 0.653169014084507 0.6012323943661971 0.12940140845070422 0.05927230046948357
0 0.2779489436619718 0.5889084507042254 0.08758802816901408 0.1449530516431925
0 0.38952464788732394 0.5801056338028169 0.12852112676056338 0.0698356807511737
0 0.08714788732394366 0.3714788732394366 0.14964788732394366 0.17253521126760563
0 0.11047535211267606 0.5674882629107981 0.09595070422535211 0.13849765258215962
0 0.3716989436619718 0.8130868544600939 0.11575704225352113 0.1238262910798122
0 0.49317781690140844 0.8254107981220657 0.11575704225352113 0.12969483568075119
0 0.4471830985915493 0.10093896713615023 0.15669014084507044 0.19131455399061034
0 0.5882482394366197 0.10387323943661972 0.04621478873239437 0.18544600938967137
0 0.5178257042253521 0.5856807511737089 0.12455985915492958 0.056338028169014086
0 0.9172535211267606 0.6772300469483568 0.1619718309859155 0.06572769953051644
0 0.37940140845070425 0.3890845070422535 0.12852112676056338 0.16784037558685447
0 0.5129841549295775 0.40023474178403756 0.12720070422535212 0.1643192488262911
0 0.9212147887323944 0.43163145539906106 0.1426056338028169 0.12969483568075119
0 0.5154049295774648 0.6499413145539906 0.12235915492957747 0.056924882629107984
0 0.6498679577464789 0.6622652582159625 0.12720070422535212 0.0534037558685446
0 0.6401848591549296 0.1056338028169014 0.055897887323943664 0.17018779342723006
0 0.9091109154929577 0.6185446009389671 0.12720070422535212 0.051643192488262914
0 0.3849031690140845 0.6458333333333334 0.11751760563380281 0.0534037558685446
0 0.04709507042253521 0.09624413145539906 0.09330985915492958 0.1795774647887324
0 0.0332306338028169 0.5718896713615024 0.06294014084507042 0.15434272300469484
0 0.2616637323943662 0.7887323943661971 0.1131161971830986 0.12206572769953052
0 0.1430457746478873 0.7916666666666666 0.12588028169014084 0.11971830985915492
0 0.6181778169014085 0.8424295774647887 0.11663732394366197 0.11678403755868545
0 0.9467429577464789 0.8453638497652582 0.09859154929577464 0.1238262910798122
0 0.19212147887323944 0.5742370892018779 0.09727112676056338 0.1437793427230047
0 0.8523327464788732 0.8477112676056338 0.12984154929577466 0.125
