0 0.43441901408450706 0.7001173708920188 0.5961996395184487 0.9332745790076925
0 0.6007922535211268 0.7059859154929577 0.772182749888415 0.9362054073265886
0 0.25704225352112675 0.6948356807511737 0.4307847525292601 0.9362119508915779
0 0.7715669014084507 0.3045774647887324 0.9402413878074788 0.5579198489056404
0 0.5959507042253521 0.2934272300469484 0.7642623456407459 0.5561658290903481
0 0.13512323943661972 0.6901408450704225 0.2591834844896846 0.9238907624148648
0 0.7579225352112676 0.7095070422535211 0.9239621819827414 0.9326822141770812
0 0.47139084507042256 0.289906103286385 0.5856199864238246 0.5285857358548789
0 0.12720070422535212 0.2664319248826291 0.22925739405623882 0.5303600751614538
0 0.9313380281690141 0.3204225352112676 0.9978295167129537 0.5643659492164254
0 0.2367957746478873 0.272887323943662 0.4087866215780599 0.5362248313826622
0 0.573943661971831 0.0011737089201877935 0.7986030177544139 0.13967067270603276
0 0.3340669014084507 0.0005868544600938967 0.5592719775962111 0.12441280114174877
0 0.11355633802816902 0.0011737089201877935 0.31597114597798054 0.11032794970133791
0 0.8107394366197183 0.002347417840375587 0.9956818928536004 0.15668876325244108
0 0.414612676056338 0.2834507042253521 0.4676872303362428 0.5268289608543278
0 0.9115316901408451 0.7112676056338029 0.999 0.8957093499966938
