0 0.5248679577464789 0.5560446009389671 0.10167253521126761 0.18368544600938966
0 0.2733274647887324 0.30164319248826293 0.14612676056338028 0.1795774647887324
0 0.4595070422535211 0.31484741784037557 0.1443661971830986 0.1813380281690141
0 0.20026408450704225 0.5422535211267606 0.10915492957746478 0.20187793427230047
0 0.10013204225352113 0.5349178403755869 0.10079225352112677 0.1942488262910798
0 0.3065580985915493 0.5481220657276995 0.09991197183098592 0.20187793427230047
0 0.7777288732394366 0.33568075117370894 0.13732394366197184 0.16314553990610328
0 0.555237676056338 0.8271713615023474 0.13512323943661972 0.12852112676056338
0 0.6258802816901409 0.5625 0.11003521126760564 0.18485915492957747
0 0.42649647887323944 0.5475352112676056 0.10387323943661972 0.18192488262910797
0 0.6109154929577465 0.30985915492957744 0.13732394366197184 0.17253521126760563
0 0.4595070422535211 0.18397887323943662 0.14172535211267606 0.05927230046948357
0 0.12257922535211267 0.27875586854460094 0.15272887323943662 0.19483568075117372
0 0.7306338028169014 0.6317488262910798 0.13204225352112675 0.06279342723004695
0 0.7422975352112676 0.5595657276995305 0.1368838028169014 0.06866197183098592
0 0.8703785211267606 0.06660798122065728 0.15625 0.13204225352112675
0 0.28235035211267606 0.16901408450704225 0.1368838028169014 0.062206572769953054
0 0.6172975352112676 0.18838028169014084 0.1386443661971831 0.05985915492957746
0 0.581205985915493 0.05076291079812206 0.14656690140845072 0.10035211267605634
0 0.15272887323943662 0.03227699530516432 0.16725352112676056 0.06338028169014084
0 0.9132922535211268 0.23503521126760563 0.12852112676056338 0.06866197183098592
0 0.726012323943662 0.05780516431924883 0.13952464788732394 0.11443661971830986
0 0.028169014084507043 0.5360915492957746 0.05457746478873239 0.198943661971831
0 0.18816021126760563 0.8318661971830986 0.1210387323943662 0.13791079812206572
0 0.9401408450704225 0.7473591549295775 0.11883802816901408 0.041666666666666664
0 0.859375 0.6299882629107981 0.12455985915492958 0.06631455399061033
0 0.905149647887324 0.3494718309859155 0.13952464788732394 0.15669014084507044
0 0.8701584507042254 0.5613262910798122 0.1267605633802817 0.06866197183098592
0 0.7803697183098591 0.2153755868544601 0.13908450704225353 0.07746478873239436
0 0.41923415492957744 0.8374413145539906 0.13424295774647887 0.13615023474178403
0 0.6822183098591549 0.835093896713615 0.13204225352112675 0.13380281690140844
0 0.8089788732394366 0.8371478873239436 0.13556338028169015 0.13791079812206572
0 0.06998239436619719 0.801056338028169 0.12588028169014084 0.16314553990610328
0 0.9357394366197183 0.8386150234741784 0.11795774647887323 0.1467136150234742
0 0.4267165492957746 0.046948356807511735 0.15625 0.08685446009389672
0 0.027068661971830985 0.28169014084507044 0.04973591549295775 0.18544600938967137
0 0.9689700704225352 0.5704225352112676 0.06205985915492958 0.06455399061032864
0 0.9581866197183099 0.6332159624413145 0.07746478873239436 0.07276995305164319
