0 0.34749119718309857 0.7321009389671361 0.1386443661971831 0.1766431924882629
0 0.5448943661971831 0.3902582159624413 0.19806338028169015 0.19953051643192488
0 0.5495158450704225 0.1960093896713615 0.18617957746478872 0.19014084507042253
0 0.1505281690140845 0.39465962441314556 0.1619718309859155 0.18485915492957747
0 0.3373679577464789 0.38791079812206575 0.20026408450704225 0.20187793427230047
0 0.7196302816901409 0.7585093896713615 0.1936619718309859 0.18955399061032863
0 0.7438380281690141 0.1977699530516432 0.18485915492957747 0.18896713615023475
0 0.7405369718309859 0.3926056338028169 0.18617957746478872 0.1983568075117371
0 0.5176056338028169 0.7596830985915493 0.19454225352112675 0.198943661971831
0 0.6919014084507042 0.6214788732394366 0.1382042253521127 0.045774647887323945
0 0.17693661971830985 0.7376760563380281 0.1875 0.1936619718309859
0 0.6861795774647887 0.5707159624413145 0.1311619718309859 0.040492957746478875
0 0.18727992957746478 0.24853286384976525 0.1500880281690141 0.051056338028169015
0 0.3642165492957746 0.25088028169014087 0.17033450704225353 0.04636150234741784
0 0.04731514084507042 0.20539906103286384 0.09286971830985916 0.1807511737089202
0 0.02948943661971831 0.39055164319248825 0.05457746478873239 0.1742957746478873
0 0.03631161971830986 0.7250586854460094 0.0682218309859155 0.17312206572769953
0 0.9509242957746479 0.3767605633802817 0.09815140845070422 0.21713615023474178
0 0.29555457746478875 0.9468896713615024 0.15184859154929578 0.06631455399061033
0 0.44454225352112675 0.9468896713615024 0.1329225352112676 0.06279342723004695
