0 0.6963028169014085 0.7323943661971831 0.8487252188305892 0.9596640878132645
0 0.2147887323943662 0.4154929577464789 0.4145181387621504 0.6241693116445151
0 0.9172535211267606 0.3914319248826291 0.9956350116544336 0.6323993944102801
0 0.41505281690140844 0.4213615023474178 0.6006095718235469 0.6306212667239744
0 0.7658450704225352 0.38028169014084506 0.9446453146697084 0.6312322290550816
0 0.0840669014084507 0.004107981220657277 0.13552637900466177 0.23826050001102073
0 0.08582746478873239 0.3380281690140845 0.29529673086937114 0.4006232229055081
0 0.3692781690140845 0.0892018779342723 0.5869853529185678 0.2505345059401794
0 0.5999119718309859 0.38028169014084506 0.7827465176180322 0.6359270647358328
0 0.375 0.029342723004694836 0.5500110035211268 0.08859780356631179
0 0.20818661971830985 0.7857981220657277 0.39031329814272964 0.9807595081443277
0 0.3970070422535211 0.7523474178403756 0.5451597680271771 0.9837134111397651
0 0.09463028169014084 0.8280516431924883 0.2094653916013688 0.9918849462187838
0 0.8455105633802817 0.7435446009389671 0.9296454618999207 0.9690472156097776
0 0.5523767605633803 0.7406103286384976 0.6947392707920055 0.9684620831404703
0 0.13424295774647887 0.009976525821596244 0.36349725221930174 0.2429518917101986
0 0.9075704225352113 0.036384976525821594 0.9503047665393771 0.25878146421565384
0 0.06029929577464789 0.40669014084507044 0.21432205136629637 0.618305933015936
0 0.6927816901408451 0.02171361502347418 0.8553288812983535 0.12440040280808481
0 0.6276408450704225 0.14788732394366197 0.8540371299097401 0.2551949018051974
