0 0.00044014084507042255 0.0005868544600938967 0.1654927640225154 0.2247649138178051
0 0.16901408450704225 0.0005868544600938967 0.3287108212656219 0.2247649138178051
0 0.33098591549295775 0.0035211267605633804 0.49545291112874434 0.21537352046551608
0 0.4977992957746479 0.00528169014084507 0.6621928700282682 0.21830675957151358
0 0.6738556338028169 0.01936619718309859 0.7906365072034319 0.22123276631620709
0 0.795774647887324 0.03169014084507042 0.9133821414401905 0.21359642597368247
0 0.0008802816901408451 0.36971830985915494 0.05677778156615751 0.5426234047477352
0 0.07042253521126761 0.34800469483568075 0.14829646895457252 0.4728004667283828
0 0.15272887323943662 0.34330985915492956 0.25917573553114465 0.469868949613172
0 0.12632042253521128 0.48884976525821594 0.2208951054478278 0.5607459801847076
0 0.2649647887323944 0.34507042253521125 0.38324605423031144 0.5144688553858362
0 0.3842429577464789 0.3714788732394366 0.5407639775714144 0.567270258877207
0 0.5475352112676056 0.3744131455399061 0.7039843595020829 0.5672685368864202
0 0.7086267605633803 0.37265258215962443 0.8416775410384844 0.5561193353391082
0 0.8534330985915493 0.3744131455399061 0.9005926790939298 0.5702028091868897
0 0.0044014084507042256 0.7247652582159625 0.04489242895754811 0.8728141048954132
0 0.040492957746478875 0.653755868544601 0.10297513514183694 0.8188651667438119
0 0.1505281690140845 0.6443661971830986 0.2556555773903987 0.763119503405409
0 0.2548415492957746 0.6443661971830986 0.3748878338251339 0.7818988461284138
0 0.3785211267605634 0.6414319248826291 0.5046749466871653 0.8030273286825805
0 0.5105633802816901 0.6431924882629108 0.6485428858361436 0.7801389715444467
0 0.6624119718309859 0.6414319248826291 0.7615922482518349 0.7783794413586369
0 0.7887323943661971 0.7464788732394366 0.8891774945447332 0.9044915030086622
