0 0.0044014084507042256 0.1414319248826291 0.09726918952092838 0.3420531502788247
0 0.1073943661971831 0.18603286384976525 0.2974879426205118 0.3631537365822478
0 0.301056338028169 0.1936619718309859 0.4875435491469946 0.35728071480526347
0 0.5154049295774648 0.09917840375586855 0.6260935717739535 0.25874461361281936
0 0.6386443661971831 0.15023474178403756 0.7642435544162864 0.2816019749167934
0 0.7764084507042254 0.1414319248826291 0.8984258765621901 0.3033207559126275
0 0.9115316901408451 0.1437793427230047 0.9978382342913114 0.3033193783199983
0 0.5070422535211268 0.49295774647887325 0.6573472525292601 0.6399689215102824
0 0.664612676056338 0.4471830985915493 0.7593905754066653 0.5795497751768829
0 0.7632042253521126 0.45305164319248825 0.8891887305346161 0.5730909321342768
0 0.8939260563380281 0.4642018779342723 0.9956452790244992 0.5818872054706958
0 0.0035211267605633804 0.7740610328638498 0.0704209854195596 0.8698509031497278
0 0.06998239436619719 0.7200704225352113 0.1931910288757191 0.8710562967003902
0 0.19806338028169015 0.7188967136150235 0.3286980354840309 0.8651884408957657
0 0.3345070422535211 0.7188967136150235 0.45011685429478276 0.8511039338535122
0 0.457306338028169 0.7200704225352113 0.5719818193934735 0.8511032450571977
0 0.5805457746478874 0.7124413145539906 0.6542339147118628 0.8546288489938063
0 0.676056338028169 0.70481220657277 0.7651073695695298 0.8546333261698517
0 0.7742077464788732 0.698943661971831 0.8786205071538385 0.8417259720293593
0 0.8798415492957746 0.6971830985915493 0.9956514781913312 0.8241213714210144
0 0.9066901408450704 0.9008215962441315 0.9745129004661773 0.9977107854482135
0 0.764524647887324 0.9501173708920188 0.8240473042923031 0.9976818560029976
0 0.8384683098591549 0.9471830985915493 0.893557012187562 0.9976835779937844
0 0.6659330985915493 0.9072769953051644 0.7558688674742114 0.9959464336882011
0 0.5488556338028169 0.9196009389671361 0.6458851867808967 0.9930049290264278
0 0.4168133802816901 0.937793427230047 0.5337073884769887 0.9947548160638322
0 0.3173415492957746 0.9413145539906104 0.40875117009273954 0.9947527496748881
0 0.1795774647887324 0.9395539906103286 0.30229772118627257 0.9929932194890784
0 0.0682218309859155 0.9413145539906104 0.17470588827861536 0.9929921862946064
0 0.0035211267605633804 0.9501173708920188 0.06117802767308073 0.9947475837025281
0 0.30633802816901406 0.43838028169014087 0.3537384075580242 0.5836629223699001
0 0.08626760563380281 0.4765258215962441 0.24380005827216822 0.6112226961140867
