0 0.8085387323943662 0.5604460093896714 0.9094152558396151 0.8071828368489498
0 0.5858274647887324 0.551056338028169 0.6801998998834556 0.7872352955762745
0 0.695862676056338 0.5387323943661971 0.7928275252306091 0.8107167063413344
0 0.4828345070422535 0.5551643192488263 0.5675691749528863 0.7995568284511451
0 0.3587147887323944 0.5663145539906104 0.4540674670824241 0.7983765759659679
0 0.43045774647887325 0.27992957746478875 0.5006908196538385 0.48223008827613567
0 0.5052816901408451 0.2828638497652582 0.5732811260166634 0.48985747426656967
0 0.5757042253521126 0.2852112676056338 0.6493944963796865 0.48398755207300137
0 0.7279929577464789 0.2834507042253521 0.790172538310851 0.4763594772862527
0 0.8067781690140845 0.2687793427230047 0.8909301152425114 0.4781286506204678
0 0.6294014084507042 0.0005868544600938967 0.7030680451547312 0.19894331757367364
0 0.702024647887324 0.0005868544600938967 0.7756593201373735 0.20129073541404924
0 0.5554577464788732 0.0005868544600938967 0.6295970696538385 0.20129073541404924
0 0.6558098591549296 0.2875586854460094 0.7171409287591748 0.47342279419868194
0 0.7759683098591549 0.0005868544600938967 0.8460493097227733 0.19835646311357977
0 0.480193661971831 0.0005868544600938967 0.5534858302544139 0.20187758987414314
0 0.3534330985915493 0.2963615023474178 0.4294219044460425 0.4851547174281999
0 0.3305457746478873 0.0029342723004694834 0.4171080344301726 0.20657104796226497
0 0.9168133802816901 0.5305164319248826 0.9846316842516365 0.7925290396526262
0 0.8459507042253521 0.004107981220657277 0.9296452681759572 0.20011496010491744
0 0.9242957746478874 0.0005868544600938967 0.999 0.19953017203376755
0 0.28213028169014087 0.4354460093896714 0.3524286398408054 0.5279134706517666
0 0.18089788732394366 0.41784037558685444 0.2499203794510018 0.5202946946152659
