0 0.1637323943661972 0.02699530516431925 0.19843145581233881 0.24411561308382376
0 0.20422535211267606 0.03755868544600939 0.2336249008133307 0.2511516674381185
0 0.230193661971831 0.022887323943661973 0.26618389363469547 0.2511602773920518
0 0.2676056338028169 0.028755868544600938 0.3066603848442769 0.254091105710948
0 0.30809859154929575 0.051056338028169015 0.3396531256199167 0.24410149275937315
0 0.34507042253521125 0.04988262910798122 0.3779291063281095 0.2634683787387864
0 0.38028169014084506 0.0528169014084507 0.41400515770680424 0.2693352013489387
0 0.4220950704225352 0.06807511737089202 0.4615219651978774 0.2828238995790077
0 0.46610915492957744 0.08568075117370892 0.52664343787195 0.2710764784324098
0 0.7764084507042254 0.09507042253521127 0.8280033413509225 0.29630570984593
0 0.690580985915493 0.10093896713615023 0.7695023851294387 0.28749944896294827
0 0.6025528169014085 0.10856807511737089 0.6845939468235469 0.2845606994864335
0 0.5268485915492958 0.0903755868544601 0.6058420560776632 0.27987654014855956
0 0.1580105633802817 0.431924882629108 0.2389269319703432 0.5895352553505697
0 0.24691901408450703 0.43485915492957744 0.3282363912790121 0.5971626413410038
0 0.33186619718309857 0.44835680751173707 0.411825763117437 0.6124129361458264
0 0.41505281690140844 0.4454225352112676 0.49409548731650466 0.6165226393572704
0 0.503080985915493 0.45129107981220656 0.5820849115378893 0.62297459443673
0 0.5880281690140845 0.45598591549295775 0.6608327340805396 0.6317746561528798
0 0.6637323943661971 0.45774647887323944 0.74662687834755 0.624144514977187
0 0.746919014084507 0.47124413145539906 0.8258156166311247 0.6346999741012586
0 0.16593309859154928 0.710093896713615 0.2525678111361833 0.8962968932531022
0 0.258362676056338 0.7118544600938967 0.34055529811793295 0.8892536065375035
0 0.3485915492957746 0.7136150234741784 0.4250226269589367 0.8874920099627499
0 0.42297535211267606 0.7071596244131455 0.5042152397217814 0.8921906340232317
0 0.5123239436619719 0.7147887323943662 0.58648225178536 0.8962941380678437
0 0.5880281690140845 0.7235915492957746 0.6656742833763143 0.8933546997950141
0 0.6659330985915493 0.7118544600938967 0.7409040787418171 0.8874930431572219
0 0.746919014084507 0.7118544600938967 0.8143719546592938 0.892187878837973
0 0.8868838028169014 0.09800469483568075 0.9815638715656615 0.5099190113293217
0 0.9128521126760564 0.6050469483568075 0.9723094841053364 0.8681895264387577
0 0.8138204225352113 0.7341549295774648 0.9116136353774053 0.9895926320835813
