0 0.1817781690140845 0.0005868544600938967 0.27764886524251137 0.12676021898212436
0 0.28433098591549294 0.0005868544600938967 0.3665121782632414 0.13086820020278164
0 0.3710387323943662 0.0029342723004694834 0.45802331041708 0.13849593059137297
0 0.460387323943662 0.004694835680751174 0.5460121534665741 0.15786109457999956
0 0.5519366197183099 0.007629107981220657 0.6282781969103353 0.1549251002887434
0 0.6329225352112676 0.015258215962441314 0.7083481855038682 0.16548400339438823
0 0.7108274647887324 0.01643192488262911 0.787539248475005 0.18191523948070268
0 0.7922535211267606 0.01936619718309859 0.8605667898234478 0.19423746115188786
0 0.17253521126760563 0.2605633802816901 0.28293462358659 0.4153400449646234
0 0.514524647887324 0.2875586854460094 0.6102488887993454 0.43351669091229694
0 0.6588908450704225 0.2963615023474178 0.7567522487477684 0.44524861414181494
0 0.19058098591549297 0.46068075117370894 0.2930499203407062 0.7356451404042408
0 0.34639084507042256 0.482981220657277 0.4443897927618528 0.7491297058564218
0 0.448943661971831 0.4964788732394366 0.5358939508530054 0.7579246016002116
0 0.5338908450704225 0.4964788732394366 0.6168424776210077 0.7579246016002116
0 0.6183978873239436 0.5088028169014085 0.7004320431833961 0.7491145523374992
0 0.2244718309859155 0.7992957746478874 0.3013976796518548 0.999
0 0.3058978873239437 0.8321596244131455 0.36870339001438207 0.999
0 0.37235915492957744 0.8169014084507042 0.45230089825927394 0.999
0 0.460387323943662 0.8204225352112676 0.5314875055792502 0.999
0 0.5325704225352113 0.8204225352112676 0.6058395376661377 0.999
0 0.6126760563380281 0.8157276995305164 0.6793078010315414 0.999
0 0.6826584507042254 0.8110328638497653 0.7541009425833168 0.999
0 0.8908450704225352 0.4213615023474178 0.9789212829795676 0.775574318367167
0 0.8578345070422535 0.8996478873239436 0.921717502417675 0.9971246197844343
0 0.9242957746478874 0.8937793427230047 0.9960720529160881 0.989498955784787
