0 0.445862676056338 0.06866197183098592 0.5160889688925808 0.49526486973484096
0 0.797975352112676 0.6343896713615024 0.8768494826795279 0.999
0 0.6971830985915493 0.6314553990610329 0.7822635637770284 0.9943477374418657
0 0.21214788732394366 0.0005868544600938967 0.31636789265522713 0.5041076368224999
0 0.6161971830985915 0.6050469483568075 0.6889893498313826 0.9491754419317154
0 0.8644366197183099 0.19131455399061034 0.9393202303610395 0.5010614351208975
0 0.09375 0.0005868544600938967 0.19538127200704225 0.4994128011417488
0 0.5519366197183099 0.6003521126760564 0.6119929856427296 0.9480044881967863
0 0.33494718309859156 0.018192488262910797 0.4386729985989883 0.498228760276841
0 0.4766725352112676 0.5991784037558685 0.5460049856799246 0.9433103413123499
0 0.516725352112676 0.06748826291079812 0.6133289060950209 0.48587588716965324
0 0.3529929577464789 0.596244131455399 0.4237002671840905 0.9327486830214463
0 0.16505281690140844 0.5938967136150235 0.2120752408376314 0.9550505300976437
0 0.07658450704225352 0.596830985915493 0.16237826386133705 0.9779361320505191
0 0.28433098591549294 0.6109154929577465 0.34406499516464983 0.9339137819877009
0 0.4300176056338028 0.6056338028169014 0.4764832668989288 0.932743172650929
0 0.00044014084507042255 0.0005868544600938967 0.08626741190983932 0.4994128011417488
0 0.8868838028169014 0.6185446009389671 0.99036668846707 0.999
0 0.9401408450704225 0.232981220657277 0.9916636704026979 0.495168438250788
0 0.2227112676056338 0.5991784037558685 0.2763104263786947 0.9227704352090635
0 0.6588908450704225 0.39730046948356806 0.8597452064942472 0.49624571568692283
0 0.6122359154929577 0.0715962441314554 0.6520192623611387 0.4964368566642421
