0 0.3956866197183099 0.09154929577464789 0.45581175764977183 0.37318571050717453
0 0.23283450704225353 0.44835680751173707 0.3225207594599286 0.5936335934228217
0 0.16461267605633803 0.06455399061032864 0.2191176880827217 0.33857713967687186
0 0.11047535211267606 0.0710093896713615 0.15752179782037293 0.32448884425488767
0 0.0448943661971831 0.0733568075117371 0.1020929162120611 0.32742173896272786
0 0.22799295774647887 0.07276995305164319 0.27542782000099186 0.3614596420463312
0 0.6558098591549296 0.07805164319248827 0.7307852949563579 0.3884518476272345
0 0.516725352112676 0.7529342723004695 0.5684345398978378 0.9596520338777579
0 0.06778169014084508 0.414906103286385 0.11220608200257885 0.6646626137891513
0 0.11443661971830986 0.4225352112676056 0.18040737824836342 0.6529210474112279
0 0.5413732394366197 0.08450704225352113 0.6089166491023607 0.38668749586722206
0 0.27816901408450706 0.08157276995305164 0.34186700307478673 0.368496729595098
0 0.010123239436619719 0.41784037558685444 0.06293568519390995 0.6529238025964866
0 0.49867957746478875 0.08392018779342723 0.5424741727211863 0.3655610797019992
0 0.4894366197183099 0.4301643192488263 0.5482000719103353 0.6816724387797836
0 0.45422535211267606 0.08744131455399061 0.4949585275738941 0.3684932856135247
0 0.34683098591549294 0.42018779342723006 0.4069776272069034 0.6576172606846085
0 0.5572183098591549 0.44835680751173707 0.6115505201100973 0.6752063633758734
0 0.7403169014084507 0.43779342723004694 0.8086530295328308 0.6922313418854285
0 0.45686619718309857 0.7359154929577465 0.5130031398780004 0.9373615519407525
0 0.39744718309859156 0.7359154929577465 0.4509694334581432 0.9385352608609403
0 0.00044014084507042255 0.08509389671361503 0.046654735853501286 0.3461941937225859
0 0.414612676056338 0.47007042253521125 0.47164849794187663 0.6393954985783245
0 0.3710387323943662 0.7376760563380281 0.40916767661426307 0.9238628661641209
0 0.1756161971830986 0.4125586854460094 0.2309966478005356 0.5913071838700434
0 0.6175176056338029 0.43485915492957744 0.6757845433073795 0.6816696835945248
0 0.032130281690140844 0.7012910798122066 0.08097177364362229 0.8229452517137252
0 0.0818661971830986 0.6942488262910798 0.1166012912864511 0.7707193375432564
0 0.33846830985915494 0.13556338028169015 0.3906960966946042 0.3373617585796469
0 0.7376760563380281 0.07981220657276995 0.8121753186371752 0.39079823227313804
0 0.9335387323943662 0.45129107981220656 0.9824236185156714 0.7145238902113779
0 0.8758802816901409 0.4647887323943662 0.9261109681858758 0.693389208490379
0 0.9172535211267606 0.125 0.9815505046121801 0.4042693661971831
0 0.8147007042253521 0.45305164319248825 0.8825639521548304 0.7027857678150279
0 0.3191021126760563 0.7194835680751174 0.37221870505604043 0.9174181434459654
0 0.8305457746478874 0.7664319248826291 0.885197823162567 0.9479070235182613
0 0.8890845070422535 0.7552816901408451 0.9375488184388018 0.9443924403226872
0 0.784330985915493 0.761150234741784 0.8310808402350724 0.9279570714584848
0 0.9581866197183099 0.7541079812206573 0.999 0.8634072136260442
0 0.29005281690140844 0.4231220657276995 0.3629885330911526 0.5220521584121316
0 0.6470070422535211 0.7458920187793427 0.735190577886332 0.9766749459983689
0 0.9612676056338029 0.19131455399061034 0.9969360617932949 0.4124464116467191
0 0.6205985915492958 0.06338028169014084 0.678864173155128 0.364399424717318
0 0.5827464788732394 0.7453051643192489 0.6243033686272564 0.9238583889880756
