0 0.3047975352112676 0.33568075117370894 0.0743838028169014 0.2981220657276995
0 0.7722271126760564 0.3568075117370892 0.05149647887323944 0.30633802816901406
0 0.38974471830985913 0.3268779342723005 0.07350352112676056 0.3039906103286385
0 0.6366637323943662 0.3400821596244131 0.06734154929577464 0.3163145539906103
0 0.9322183098591549 0.38380281690140844 0.04929577464788732 0.26173708920187794
0 0.4788732394366197 0.33568075117370894 0.06866197183098592 0.3192488262910798
0 0.5545774647887324 0.3400821596244131 0.0801056338028169 0.3163145539906103
0 0.03587147887323944 0.3130868544600939 0.07086267605633803 0.32805164319248825
0 0.7295334507042254 0.3444835680751174 0.04181338028169014 0.2746478873239437
0 0.09529049295774648 0.3028169014084507 0.06470070422535211 0.3039906103286385
0 0.683318661971831 0.3438967136150235 0.03389084507042254 0.2793427230046948
0 0.976012323943662 0.38497652582159625 0.05501760563380282 0.25586854460093894
0 0.8620158450704225 0.36795774647887325 0.06558098591549295 0.31103286384976525
0 0.954225352112676 0.7561619718309859 0.05985915492957746 0.2576291079812207
0 0.8873239436619719 0.7517605633802817 0.06866197183098592 0.289906103286385
0 0.7216109154929577 0.7403169014084507 0.07086267605633803 0.3703051643192488
0 0.6505281690140845 0.7365023474178404 0.07306338028169014 0.3626760563380282
0 0.26100352112676056 0.7188967136150235 0.05985915492957746 0.2934272300469484
0 0.32108274647887325 0.7095070422535211 0.04181338028169014 0.2875586854460094
0 0.3633362676056338 0.738849765258216 0.06998239436619719 0.29225352112676056
0 0.4278169014084507 0.7411971830985915 0.0721830985915493 0.323943661971831
0 0.5059419014084507 0.744131455399061 0.07350352112676056 0.31103286384976525
0 0.5693221830985915 0.7247652582159625 0.0488556338028169 0.3145539906103286
0 0.2286531690140845 0.32922535211267606 0.08846830985915492 0.14788732394366197
0 0.18727992957746478 0.39289906103286387 0.11487676056338028 0.12030516431924883
0 0.7533010563380281 0.054284037558685445 0.06205985915492958 0.10504694835680752
0 0.6736355633802817 0.0528169014084507 0.06998239436619719 0.10211267605633803
0 0.5440140845070423 0.05076291079812206 0.07394366197183098 0.10035211267605634
0 0.18111795774647887 0.042546948356807515 0.05501760563380282 0.08392018779342723
0 0.24691901408450703 0.04548122065727699 0.06426056338028169 0.0897887323943662
0 0.3785211267605634 0.04401408450704225 0.07130281690140845 0.08685446009389672
0 0.11157570422535211 0.03931924882629108 0.06294014084507042 0.07746478873239436
0 0.0528169014084507 0.04225352112676056 0.04753521126760563 0.07863849765258216
