0 0.30633802816901406 0.004694835680751174 0.3845482667129538 0.2758188410588728
0 0.6272007042253521 0.035211267605633804 0.6793014081407459 0.2799089135753488
0 0.23327464788732394 0.005868544600938967 0.2881895798204721 0.28168669686349707
0 0.8653169014084507 0.4084507042253521 0.9344782936173379 0.7086804866759241
0 0.516725352112676 0.022300469483568074 0.5772373567992461 0.2828507626352796
0 0.6813380281690141 0.03403755868544601 0.7356156082622496 0.28167016575194515
0 0.5801056338028169 0.03755868544600939 0.6238643901259671 0.27697326368225
0 0.3886443661971831 0.007629107981220657 0.4487726037120611 0.2769908279882739
0 0.7367957746478874 0.0017605633802816902 0.8095348610146796 0.32511633769754683
0 0.1430457746478873 0.7488262910798122 0.2600602791484824 0.9825417686085212
0 0.07878521126760564 0.0017605633802816902 0.15225405580489984 0.2887313611717252
0 0.1624119718309859 0.0005868544600938967 0.23012217782929972 0.29225317672860324
0 0.1487676056338028 0.39436619718309857 0.23452959172287244 0.5819281888514184
0 0.2944542253521127 0.7341549295774648 0.3836732155698274 0.8405315992197315
0 0.9388204225352113 0.4166666666666667 0.9947452374900814 0.716304773082942
0 0.8992077464788732 0.7646713615023474 0.9947626726467962 0.938518385351231
0 0.7878521126760564 0.7599765258215962 0.8834560510067446 0.9825352250435319
0 0.9533450704225352 0.11619718309859155 0.9960592671344971 0.34734964954043507
0 0.9018485915492958 0.06338028169014084 0.9542685525565363 0.33857782847318657
0 0.3125 0.5927230046948356 0.37442231514084506 0.6845113127906721
