0 0.9168133802816901 0.6167840375586855 0.9982760504488196 0.7273375680530758
0 0.2147887323943662 0.3438967136150235 0.3097646176353898 0.4880610934779255
0 0.4141725352112676 0.5874413145539906 0.4773705226517556 0.735570750402257
0 0.4903169014084507 0.5997652582159625 0.5627243323497322 0.7326292457404836
0 0.24779929577464788 0.5880281690140845 0.30710924326770483 0.71150937314025
0 0.8265845070422535 0.8327464788732394 0.9111678765373934 0.946107543146201
0 0.3301056338028169 0.5933098591549296 0.3911399182949811 0.7320461796601203
0 0.11267605633802817 0.3380281690140845 0.20461589962309065 0.4868908285393109
0 0.2794894366197183 0.07922535211267606 0.3546305064099385 0.25230092408913574
0 0.09066901408450705 0.10269953051643192 0.1535692477930966 0.2640242373647204
0 0.1522887323943662 0.6267605633802817 0.19227452080440388 0.7144209151623355
0 0.7988556338028169 0.5991784037558685 0.8812505036823052 0.6839206699508475
0 0.17209507042253522 0.08098591549295775 0.2389207328035112 0.2699055246974807
0 0.7794894366197183 0.10093896713615023 0.8324033937338822 0.24407221891599992
0 0.010123239436619719 0.09859154929577464 0.07658005139109304 0.2698951927527607
0 0.20158450704225353 0.6267605633802817 0.2455098659740131 0.7167683330027111
0 0.08670774647887323 0.6026995305164319 0.13684563919609205 0.6862660214022791
0 0.3226232394366197 0.3474178403755869 0.3942241975178536 0.42526559985893453
0 0.4141725352112676 0.4107981220657277 0.48969446631372743 0.4909561043884591
0 0.010123239436619719 0.34976525821596244 0.1012279387150367 0.4810153959752254
0 0.5814260563380281 0.3785211267605634 0.6559940906442174 0.48980133736692455
0 0.49119718309859156 0.40023474178403756 0.5592028181412418 0.4938965758557605
0 0.8529929577464789 0.12089201877934272 0.9049942812685974 0.25521074412043465
0 0.804137323943662 0.3274647887323944 0.8583608550510812 0.38361064272961715
0 0.8494718309859155 0.8133802816901409 0.9063162535955168 0.8756963730741255
0 0.0721830985915493 0.8327464788732394 0.27769710250942276 0.917938529061694
0 0.30941901408450706 0.8309859154929577 0.41667719233535017 0.8704043509885605
0 0.4432218309859155 0.8303990610328639 0.5513013988419956 0.8704046953867177
0 0.30369718309859156 0.8820422535211268 0.4246022459581432 0.9314072521986378
0 0.65625 0.37265258215962443 0.7294646786971831 0.49273905364896736
0 0.8014964788732394 0.3785211267605634 0.8693655385216227 0.413510257554718
0 0.9401408450704225 0.29460093896713613 0.999 0.48339518724239017
0 0.8036971830985915 0.41960093896713613 0.8737659783525095 0.5103171355991977
