0 0.0880281690140845 0.1942488262910798 0.16589435379884943 0.41831323425687145
0 0.19410211267605634 0.14730046948356806 0.26840048322505455 0.4230356217902092
0 0.2909330985915493 0.15669014084507044 0.3700303991643523 0.4259643837201614
0 0.4005281690140845 0.12206572769953052 0.4602110351368776 0.4271584121316317
0 0.46170774647887325 0.12323943661971831 0.5257650934214442 0.42598401441512923
0 0.528169014084507 0.12969483568075119 0.5965985171592938 0.4271539349555864
0 0.6003521126760564 0.12323943661971831 0.6634681548799841 0.43948166699728886
0 0.6637323943661971 0.1414319248826291 0.7255001177841698 0.4318418826731909
0 0.7279929577464789 0.15786384976525822 0.781809862254513 0.4347665118252551
0 0.7821302816901409 0.1643192488262911 0.8346029356154533 0.43769699574599397
0 0.8824823943661971 0.17488262910798122 0.9476749637348741 0.437690796579162
0 0.9480633802816901 0.24706572769953053 0.999 0.4710991398311622
0 0.11399647887323944 0.5780516431924883 0.20065405084556637 0.9175011434018823
0 0.23371478873239437 0.5721830985915493 0.2705837522936917 0.8441477798717186
0 0.2720070422535211 0.5721830985915493 0.34627112366097995 0.8905092822191365
0 0.34991197183098594 0.5721830985915493 0.42986359508282085 0.9175045873834557
0 0.43441901408450706 0.579225352112676 0.5165341465607022 0.9339323794881969
0 0.5237676056338029 0.5762910798122066 0.6036427079200556 0.9204364488968239
0 0.608274647887324 0.5762910798122066 0.6788695974261059 0.9133941953756971
0 0.6804577464788732 0.5856807511737089 0.7589434604989089 0.9145623939253675
0 0.7662852112676056 0.6514084507042254 0.9248387829175759 0.8992656053693051
0 0.9330985915492958 0.6426056338028169 0.996068178436818 0.9133552783839186
