0 0.08362676056338028 0.09507042253521127 0.19626600934834357 0.4365639258083714
0 0.20202464788732394 0.1068075117370892 0.3960378412641341 0.41543027728184445
0 0.3983274647887324 0.13849765258215962 0.6666380600947233 0.42128022438228746
0 0.417693661971831 0.0005868544600938967 0.6758724939868083 0.140257871564284
0 0.6782570422535211 0.0005868544600938967 0.8245254150342194 0.1701874490290727
0 0.6659330985915493 0.176056338028169 0.7985625294460424 0.3490750843086689
0 0.840669014084507 0.007629107981220657 0.999 0.2476481049835791
0 0.8045774647887324 0.25 0.999 0.4306044600938967
0 0.010123239436619719 0.5886150234741784 0.08802371336292403 0.8048188878970222
0 0.1500880281690141 0.6203051643192489 0.21076140491717912 0.8306218866406577
0 0.2108274647887324 0.6637323943661971 0.2763156569257092 0.8693287955432123
0 0.2640845070422535 0.5944835680751174 0.31370418815711165 0.7895572279530076
0 0.4590669014084507 0.6713615023474179 0.5843049881595913 0.9068830038131763
0 0.528169014084507 0.47183098591549294 0.7475668270184487 0.7139249818157773
0 0.7640845070422535 0.482981220657277 0.9939418642134497 0.7520639781568913
0 0.7821302816901409 0.7552816901408451 0.994814203221087 0.889228121073861
0 0.3125 0.5404929577464789 0.4580490757042254 0.6857156731468624
0 0.6263204225352113 0.704225352112676 0.7726116547436025 0.906276863056272
