0 0.183318661971831 0.19512910798122066 0.23107394366197184 0.3174882629107981
0 0.3615757042253521 0.21214788732394366 0.1210387323943662 0.27992957746478875
0 0.5330105633802817 0.23268779342723006 0.20422535211267606 0.2846244131455399
0 0.1991637323943662 0.6610915492957746 0.18617957746478872 0.3456572769953052
0 0.19300176056338028 0.9187206572769953 0.1738556338028169 0.1613849765258216
0 0.3701584507042254 0.6663732394366197 0.17165492957746478 0.335093896713615
0 0.36553697183098594 0.9181338028169014 0.1624119718309859 0.16255868544600938
0 0.5121038732394366 0.8133802816901409 0.12191901408450705 0.32629107981220656
0 0.6509683098591549 0.8210093896713615 0.0721830985915493 0.26291079812206575
0 0.7629841549295775 0.8538732394366197 0.06998239436619719 0.2664319248826291
0 0.8853433098591549 0.8629694835680751 0.07086267605633803 0.2634976525821596
0 0.7858714788732394 0.5592723004694836 0.11839788732394366 0.22417840375586853
0 0.9361795774647887 0.5724765258215962 0.07570422535211267 0.1942488262910798
0 0.04225352112676056 0.8480046948356808 0.07746478873239436 0.3028169014084507
0 0.7233714788732394 0.25616197183098594 0.17121478873239437 0.27992957746478875
0 0.7887323943661971 0.05663145539906103 0.1311619718309859 0.11208920187793427
0 0.0332306338028169 0.06572769953051644 0.05941901408450704 0.12206572769953052
0 0.028169014084507043 0.49061032863849763 0.05193661971830986 0.22887323943661972
