0 0.058758802816901406 0.36120892018779344 0.08582746478873239 0.20129107981220656
0 0.13754401408450703 0.3770539906103286 0.042693661971830985 0.1613849765258216
0 0.19058098591549297 0.3477112676056338 0.06073943661971831 0.22593896713615025
0 0.2590228873239437 0.340962441314554 0.05765845070422535 0.2335680751173709
0 0.319762323943662 0.34330985915492956 0.06205985915492958 0.25
0 0.38600352112676056 0.3447769953051643 0.06778169014084508 0.2857981220657277
0 0.45774647887323944 0.34125586854460094 0.07394366197183098 0.2975352112676056
0 0.5283890845070423 0.3403755868544601 0.07086267605633803 0.30164319248826293
0 0.5996919014084507 0.3456572769953052 0.06910211267605634 0.2934272300469484
0 0.6615316901408451 0.34419014084507044 0.06073943661971831 0.2822769953051643
0 0.7378961267605634 0.34125586854460094 0.09022887323943662 0.3057511737089202
0 0.9163732394366197 0.4043427230046948 0.06073943661971831 0.20305164319248825
0 0.027068661971830985 0.7335680751173709 0.04709507042253521 0.35093896713615025
0 0.1036531690140845 0.7464788732394366 0.09463028169014084 0.37910798122065725
0 0.3470510563380282 0.704518779342723 0.08670774647887323 0.306924882629108
0 0.5336707746478874 0.6916079812206573 0.06558098591549295 0.25410798122065725
0 0.41923415492957744 0.6921948356807511 0.05765845070422535 0.28931924882629106
0 0.5838468309859155 0.6869131455399061 0.030369718309859156 0.25997652582159625
0 0.6150968309859155 0.7012910798122066 0.02948943661971831 0.27699530516431925
0 0.6703345070422535 0.7532276995305164 0.07482394366197183 0.3597417840375587
0 0.7638644366197183 0.7511737089201878 0.08582746478873239 0.357981220657277
0 0.8886443661971831 0.761443661971831 0.10035211267605634 0.3550469483568075
0 0.1850792253521127 0.6907276995305164 0.061179577464788734 0.27699530516431925
0 0.9733714788732394 0.6367370892018779 0.053257042253521125 0.21948356807511737
0 0.9799735915492958 0.8057511737089202 0.037411971830985914 0.1068075117370892
