0 0.015184859154929578 0.23767605633802816 0.023327464788732395 0.39436619718309857
0 0.0664612676056338 0.23327464788732394 0.07658450704225352 0.39730046948356806
0 0.14150528169014084 0.2391431924882629 0.07086267605633803 0.4184272300469484
0 0.21214788732394366 0.24237089201877934 0.06514084507042253 0.40023474178403756
0 0.27860915492957744 0.23943661971830985 0.06338028169014084 0.3908450704225352
0 0.3457306338028169 0.2409037558685446 0.0664612676056338 0.3914319248826291
0 0.4077904929577465 0.24559859154929578 0.053257042253521125 0.39730046948356806
0 0.46610915492957744 0.24618544600938966 0.06073943661971831 0.40199530516431925
0 0.5732834507042254 0.27406103286384975 0.15096830985915494 0.357981220657277
0 0.7216109154929577 0.27699530516431925 0.13424295774647887 0.3615023474178404
0 0.8164612676056338 0.28374413145539906 0.0528169014084507 0.33274647887323944
0 0.8959066901408451 0.29782863849765256 0.08142605633802817 0.32805164319248825
0 0.9716109154929577 0.2890258215962441 0.05677816901408451 0.3245305164319249
0 0.06976232394366197 0.6734154929577465 0.13776408450704225 0.22711267605633803
0 0.07196302816901408 0.875 0.14216549295774647 0.16666666666666666
0 0.2596830985915493 0.7309272300469484 0.22799295774647887 0.26936619718309857
0 0.2636443661971831 0.9401408450704225 0.22535211267605634 0.11971830985915492
0 0.47161091549295775 0.8019366197183099 0.15096830985915494 0.3550469483568075
0 0.6540492957746479 0.8130868544600939 0.18661971830985916 0.3738262910798122
0 0.8158010563380281 0.5689553990610329 0.18265845070422534 0.10504694835680752
0 0.8474911971830986 0.738849765258216 0.18265845070422534 0.22535211267605634
0 0.8430897887323944 0.9257629107981221 0.1580105633802817 0.14847417840375587
0 0.9722711267605634 0.8215962441314554 0.05545774647887324 0.3427230046948357
