0 0.5959507042253521 0.47300469483568075 0.7440158667675065 0.5572341521743922
0 0.8182218309859155 0.22065727699530516 0.9067701488419957 0.3437672199078666
0 0.926056338028169 0.2323943661971831 0.999 0.3590185479071613
0 0.19850352112676056 0.0005868544600938967 0.27764150373189844 0.07159589973329807
0 0.28257042253521125 0.0005868544600938967 0.36123126301825037 0.07335646311357975
0 0.8397887323943662 0.4647887323943662 0.9802641774945446 0.5824737155326324
0 0.3644366197183099 0.0005868544600938967 0.43910015993850426 0.07042219081311027
0 0.06558098591549295 0.2793427230046948 0.22356268442521324 0.33727738103110055
0 0.38380281690140844 0.482981220657277 0.5464860022812934 0.5619231330864687
0 0.0994718309859155 0.05046948356807512 0.14608297894762945 0.1490314146223192
0 0.23151408450704225 0.7053990610328639 0.40086641105435433 0.8205954230862482
0 0.20026408450704225 0.48063380281690143 0.33221819362477684 0.5255395341532765
0 0.4234154929577465 0.23826291079812206 0.535465045997818 0.28507144195375694
0 0.014084507042253521 0.4818075117370892 0.14920154731204127 0.5683792209438162
0 0.09815140845070422 0.687793427230047 0.2235483488519143 0.8100423747492782
0 0.42649647887323944 0.29577464788732394 0.5262207321835944 0.3396151557230708
0 0.2755281690140845 0.25821596244131456 0.3907237992213846 0.2973836760783795
0 0.19278169014084506 0.5346244131455399 0.29304895172088874 0.5824327321519098
0 0.40933098591549294 0.7869718309859155 0.4901367381223964 0.8504771292071679
0 0.6742957746478874 0.7476525821596244 0.7488229331977783 0.7965095935550707
0 0.008802816901408451 0.004694835680751174 0.08406302692918072 0.08333057814807468
0 0.2834507042253521 0.31279342723004694 0.3898400304999008 0.3507554029182922
0 0.8983274647887324 0.744131455399061 0.9617524967144416 0.8428731622914324
0 0.5941901408450704 0.812206572769953 0.6722736839168816 0.8692416628094073
0 0.6839788732394366 0.8039906103286385 0.761142614932553 0.8668990665432345
0 0.4977992957746479 0.795774647887324 0.5886893489015076 0.8622090524366858
0 0.832306338028169 0.7406103286384976 0.9032428229146003 0.8270301582578413
0 0.00044014084507042255 0.6848591549295775 0.09595051050138861 0.8194337681015671
0 0.4128521126760563 0.7423708920187794 0.4998182869222376 0.7918178574577355
0 0.42297535211267606 0.6936619718309859 0.4962927045105138 0.7419638133968127
0 0.4273767605633803 0.6543427230046949 0.4954104855807379 0.6921042589653729
0 0.5022007042253521 0.7482394366197183 0.5886874116618727 0.7988566669972889
0 0.596830985915493 0.7435446009389671 0.6713922398829598 0.8006199855628292
0 0.5977112676056338 0.6907276995305164 0.6722721341251735 0.7460735166082567
0 0.6681338028169014 0.6543427230046949 0.7373819833614361 0.6932779678855606
0 0.7715669014084507 0.7687793427230047 0.8306463173849434 0.8475535332495757
0 0.9533450704225352 0.7335680751173709 0.999 0.8211657464347903
0 0.9247359154929577 0.6848591549295775 0.988149323980857 0.7343398713879521
0 0.8675176056338029 0.6983568075117371 0.9208329588003371 0.737266222530803
0 0.7913732394366197 0.0029342723004694834 0.8856552054403889 0.1320405315303401
0 0.9234154929577465 0.007042253521126761 0.9903506093780996 0.13321182966342657
0 0.02112676056338028 0.08509389671361503 0.09286041955961119 0.15957447541272676
0 0.19718309859154928 0.0733568075117371 0.28072307081928194 0.14373629295333817
0 0.2852112676056338 0.07746478873239436 0.35990967813925806 0.1361047741850162
0 0.3613556338028169 0.07629107981220658 0.4426226427668121 0.14960311556349049
0 0.460387323943662 0.005868544600938967 0.5358889140299544 0.07041909122969428
0 0.45598591549295775 0.0715962441314554 0.5336901470442373 0.13610821816658952
