0 0.8598151408450704 0.8518192488262911 0.04005281690140845 0.1813380281690141
0 0.30963908450704225 0.15434272300469484 0.07878521126760564 0.3039906103286385
0 0.4859154929577465 0.5372652582159625 0.06602112676056338 0.2975352112676056
0 0.6412852112676056 0.8620892018779343 0.05457746478873239 0.21009389671361503
0 0.6393045774647887 0.5123239436619719 0.06205985915492958 0.24647887323943662
0 0.5602992957746479 0.5293427230046949 0.06602112676056338 0.2981220657276995
0 0.5882482394366197 0.8453638497652582 0.04709507042253521 0.20363849765258216
0 0.6998239436619719 0.8482981220657277 0.05369718309859155 0.20363849765258216
0 0.46742957746478875 0.15463615023474178 0.07482394366197183 0.3034037558685446
0 0.7405369718309859 0.5140845070422535 0.0664612676056338 0.2793427230046948
0 0.3923855633802817 0.5211267605633803 0.047975352112676055 0.2535211267605634
0 0.545774647887324 0.15580985915492956 0.07658450704225352 0.29518779342723006
0 0.3340669014084507 0.5446009389671361 0.06514084507042253 0.2992957746478873
0 0.7502200704225352 0.8485915492957746 0.04973591549295775 0.20657276995305165
0 0.20180457746478872 0.5334507042253521 0.06029929577464789 0.2934272300469484
0 0.2654049295774648 0.5357981220657277 0.06073943661971831 0.29460093896713613
0 0.6256602112676056 0.15815727699530516 0.07878521126760564 0.30927230046948356
0 0.15889084507042253 0.13673708920187794 0.08098591549295775 0.2652582159624413
0 0.5431338028169014 0.8436032863849765 0.051056338028169015 0.17546948356807512
0 0.7504401408450704 0.15610328638497653 0.0801056338028169 0.29694835680751175
0 0.9005281690140845 0.14906103286384975 0.08890845070422536 0.2711267605633803
0 0.3923855633802817 0.14113849765258216 0.06382042253521127 0.2717136150234742
0 0.23481514084507044 0.1481807511737089 0.061179577464788734 0.27992957746478875
0 0.43375880281690143 0.5311032863849765 0.04533450704225352 0.25821596244131456
0 0.9397007042253521 0.5049882629107981 0.07482394366197183 0.2517605633802817
0 0.8287852112676056 0.5211267605633803 0.05897887323943662 0.2711267605633803
0 0.8213028169014085 0.1528755868544601 0.06426056338028169 0.2881455399061033
0 0.9716109154929577 0.1766431924882629 0.05677816901408451 0.22300469483568075
0 0.8705985915492958 0.5267018779342723 0.03345070422535211 0.25410798122065725
0 0.4452024647887324 0.8509389671361502 0.05501760563380282 0.20892018779342722
0 0.3930457746478873 0.8661971830985915 0.058098591549295774 0.22065727699530516
0 0.4949383802816901 0.8491784037558685 0.04357394366197183 0.18192488262910797
0 0.3345070422535211 0.863556338028169 0.04753521126760563 0.18955399061032863
0 0.2753080985915493 0.8600352112676056 0.05413732394366197 0.21185446009389672
0 0.1230193661971831 0.9234154929577465 0.23371478873239437 0.08509389671361503
0 0.10717429577464789 0.8089788732394366 0.207306338028169 0.13438967136150234
0 0.8091989436619719 0.8612089201877934 0.05677816901408451 0.21185446009389672
0 0.06558098591549295 0.33480046948356806 0.12411971830985916 0.23650234741784038
0 0.9524647887323944 0.8623826291079812 0.08098591549295775 0.20363849765258216
0 0.0840669014084507 0.6455399061032864 0.16549295774647887 0.17136150234741784
