0 0.16285211267605634 0.2106807511737089 0.09683098591549295 0.31690140845070425
0 0.3970070422535211 0.619131455399061 0.10475352112676056 0.2875586854460094
0 0.6091549295774648 0.6798708920187794 0.12764084507042253 0.3257042253521127
0 0.3025968309859155 0.22535211267605634 0.11399647887323944 0.3192488262910798
0 0.7475792253521126 0.6804577464788732 0.1192781690140845 0.3210093896713615
0 0.894806338028169 0.22476525821596244 0.09859154929577464 0.323943661971831
0 0.8710387323943662 0.6754694835680751 0.09595070422535211 0.29460093896713613
0 0.722931338028169 0.22535211267605634 0.10167253521126761 0.3438967136150235
0 0.2962147887323944 0.6226525821596244 0.09154929577464789 0.28169014084507044
0 0.07856514084507042 0.22476525821596244 0.05941901408450704 0.33215962441314556
0 0.4357394366197183 0.21508215962441316 0.12764084507042253 0.3397887323943662
0 0.5891285211267606 0.21889671361502347 0.12191901408450705 0.3474178403755869
0 0.06360035211267606 0.647593896713615 0.05765845070422535 0.3163145539906103
0 0.2106073943661972 0.6185446009389671 0.06998239436619719 0.2323943661971831
0 0.12720070422535212 0.630575117370892 0.05897887323943662 0.267018779342723
0 0.21280809859154928 0.21625586854460094 0.06294014084507042 0.2857981220657277
0 0.02244718309859155 0.6602112676056338 0.04401408450704225 0.3192488262910798
0 0.9790933098591549 0.2409037558685446 0.04181338028169014 0.2881455399061033
0 0.9808538732394366 0.6669600938967136 0.055897887323943664 0.27875586854460094
0 0.8087588028169014 0.2153755868544601 0.055897887323943664 0.318075117370892
