0 0.9278169014084507 0.7978286384976526 0.08362676056338028 0.36561032863849763
0 0.8336267605633803 0.4061032863849765 0.12147887323943662 0.1619718309859155
0 0.359375 0.8025234741784038 0.07702464788732394 0.38791079812206575
0 0.20422535211267606 0.3711854460093897 0.07658450704225352 0.2564553990610329
0 0.28125 0.3703051643192488 0.0801056338028169 0.24882629107981222
0 0.38028169014084506 0.4216549295774648 0.10827464788732394 0.15199530516431925
0 0.1212588028169014 0.37734741784037557 0.08230633802816902 0.25
0 0.7183098591549296 0.4028755868544601 0.10651408450704225 0.1742957746478873
0 0.5006602112676056 0.4175469483568075 0.11839788732394366 0.1602112676056338
0 0.3767605633802817 0.28843896713615025 0.0880281690140845 0.10974178403755869
0 0.613556338028169 0.41901408450704225 0.1056338028169014 0.15140845070422534
0 0.9575264084507042 0.1960093896713615 0.08494718309859155 0.15258215962441316
0 0.27442781690140844 0.8400821596244131 0.08142605633802817 0.3104460093896714
0 0.15140845070422534 0.8345070422535211 0.09154929577464789 0.318075117370892
0 0.5882482394366197 0.8007629107981221 0.07702464788732394 0.3738262910798122
0 0.4341989436619718 0.801349765258216 0.0761443661971831 0.3785211267605634
0 0.5070422535211268 0.8045774647887324 0.07042253521126761 0.3814553990610329
0 0.8811619718309859 0.7813967136150235 0.056338028169014086 0.37265258215962443
0 0.8268045774647887 0.7705399061032864 0.05677816901408451 0.3568075117370892
0 0.042693661971830985 0.8339201877934272 0.08450704225352113 0.2887323943661972
0 0.6949823943661971 0.8007629107981221 0.06690140845070422 0.3585680751173709
0 0.6382042253521126 0.8075117370892019 0.05721830985915493 0.3568075117370892
0 0.7431778169014085 0.7834507042253521 0.04973591549295775 0.3028169014084507
0 0.5299295774647887 0.2793427230046948 0.12852112676056338 0.13732394366197184
0 0.9529049295774648 0.4069835680751174 0.09154929577464789 0.1637323943661972
