0 0.43463908450704225 0.3415492957746479 0.0743838028169014 0.3415492957746479
0 0.17099471830985916 0.7948943661971831 0.10783450704225352 0.3045774647887324
0 0.3122799295774648 0.783744131455399 0.09639084507042253 0.31161971830985913
0 0.7015845070422535 0.7538145539906104 0.08450704225352113 0.34683098591549294
0 0.5101232394366197 0.7678990610328639 0.09683098591549295 0.3644366197183099
0 0.8127200704225352 0.7948943661971831 0.08670774647887323 0.301056338028169
0 0.8543133802816901 0.3597417840375587 0.08626760563380281 0.33215962441314556
0 0.6142165492957746 0.761150234741784 0.09286971830985916 0.3568075117370892
0 0.9069102112676056 0.789906103286385 0.0761443661971831 0.3086854460093897
0 0.6841989436619719 0.329518779342723 0.06382042253521127 0.3738262910798122
0 0.6087147887323944 0.32717136150234744 0.07306338028169014 0.3785211267605634
0 0.21522887323943662 0.3204225352112676 0.05897887323943662 0.3427230046948357
0 0.285431338028169 0.3230633802816901 0.05413732394366197 0.3444835680751174
0 0.3527728873239437 0.329518779342723 0.06382042253521127 0.3550469483568075
0 0.7504401408450704 0.33480046948356806 0.061619718309859156 0.36913145539906106
0 0.5248679577464789 0.3436032863849765 0.0761443661971831 0.3397887323943662
0 0.4119718309859155 0.7658450704225352 0.08450704225352113 0.3286384976525822
0 0.030149647887323945 0.7629107981220657 0.05941901408450704 0.3403755868544601
0 0.14348591549295775 0.35768779342723006 0.06514084507042253 0.2869718309859155
0 0.9564260563380281 0.3682511737089202 0.0801056338028169 0.31514084507042256
0 0.972931338028169 0.79518779342723 0.05941901408450704 0.31103286384976525
0 0.6806778169014085 0.03931924882629108 0.11223591549295775 0.07746478873239436
0 0.7847711267605634 0.04225352112676056 0.08450704225352113 0.08333333333333333
