0 0.10915492957746478 0.18720657276995306 0.24907167476691133 0.545664784875135
0 0.26188380281690143 0.20598591549295775 0.38940938212904186 0.5562171444157905
0 0.3961267605633803 0.2323943661971831 0.5015862118131322 0.54857253851749
0 0.5224471830985915 0.24295774647887325 0.6208087820496925 0.5561954473318786
0 0.6338028169014085 0.2505868544600939 0.7448794881967864 0.5702754771980868
0 0.753080985915493 0.26173708920187794 0.8429783974533823 0.5778980416143181
0 0.07306338028169014 0.6602112676056338 0.17162277139952392 0.990222880711499
0 0.21566901408450703 0.670774647887324 0.33969380765225154 0.9919772449249488
0 0.3683978873239437 0.6737089201877934 0.47034841642283276 0.9837595604928475
0 0.4903169014084507 0.6801643192488263 0.6045377126314223 0.9808214998126473
0 0.6060739436619719 0.6737089201877934 0.6832719744966276 0.963806508849655
0 0.9304577464788732 0.6907276995305164 0.9947489182453877 0.9761204649650642
0 0.3965669014084507 0.007042253521126761 0.5108289758356477 0.10386910665873174
0 0.5202464788732394 0.005868544600938967 0.6344541168666931 0.10269608653485861
0 0.6566901408450704 0.0005868544600938967 0.7836018089168816 0.14495270724503515
0 0.7852112676056338 0.002347417840375587 0.8715734105336242 0.14964650973131433
0 0.2482394366197183 0.0005868544600938967 0.36256679602261455 0.09683064151733563
