0 0.09154929577464789 0.19072769953051644 0.20506533921840905 0.5098645964204633
0 0.21346830985915494 0.19190140845070422 0.3300116776805197 0.5227747057462144
0 0.3455105633802817 0.20422535211267606 0.4611155323224559 0.5521101963896052
0 0.4762323943661972 0.2106807511737089 0.5975016582771275 0.5409561732680905
0 0.6197183098591549 0.21654929577464788 0.7294807577861536 0.5503424006480196
0 0.7482394366197183 0.19190140845070422 0.8372586974310653 0.5086901987039608
0 0.1795774647887324 0.6015258215962441 0.25740335498908945 0.8605624848464811
0 0.2632042253521127 0.6508215962441315 0.3709228854641936 0.9115898934294342
0 0.38028169014084506 0.6631455399061033 0.4910298055941281 0.9174512056690692
0 0.49119718309859156 0.6338028169014085 0.5605232406764531 0.865238378628579
0 0.579225352112676 0.670774647887324 0.6846042141936124 0.9203810007934934
0 0.7011443661971831 0.6566901408450704 0.7967864681486808 0.9192155574290816
0 0.8142605633802817 0.6613849765258216 0.9124937233435827 0.9115836942626022
0 0.929137323943662 0.6801643192488263 0.9925487951919263 0.9192017815027882
0 0.35563380281690143 0.005868544600938967 0.355477273854394 0.005865100619365646
0 0.34903169014084506 0.0005868544600938967 0.5051280670377901 0.10563345841874408
0 0.4982394366197183 0.0005868544600938967 0.654270141093037 0.10563345841874408
0 0.6544894366197183 0.0005868544600938967 0.7968070028888117 0.10856773071921356
0 0.7988556338028169 0.004107981220657277 0.9582751515696291 0.11267364555092683
