0 0.18089788732394366 0.21830985915492956 0.2481598160707201 0.43003620313429874
0 0.2539612676056338 0.22300469483568075 0.28377906634348343 0.4329677202495096
0 0.2852112676056338 0.18603286384976525 0.3489061570124975 0.4329894173334215
0 0.35563380281690143 0.16901408450704225 0.44130473864312636 0.4388679494809231
0 0.45202464788732394 0.1954225352112676 0.5248890736585002 0.44706841400515773
0 0.5422535211267606 0.18309859154929578 0.6243211912318984 0.4470756463664617
0 0.6351232394366197 0.08392018779342723 0.7712873577291213 0.4500681219555203
0 0.7830105633802817 0.08685446009389672 0.9147081819703432 0.44713212766426413
0 0.9313380281690141 0.09330985915492958 0.996068953332672 0.467081390927726
0 0.07570422535211267 0.5645539906103286 0.21343498933743305 0.9204433368599704
0 0.22711267605633803 0.562793427230047 0.35465355956159494 0.9298340414159448
0 0.43794014084507044 0.5704225352112676 0.5570255545154731 0.9163319116577399
0 0.5840669014084507 0.5686619718309859 0.6669964494271969 0.8993141655094888
0 0.6870598591549296 0.5751173708920188 0.8280426673155128 0.9409770437964249
0 0.8340669014084507 0.5733568075117371 0.9648617663286055 0.9486071849721175
