0 0.5889084507042254 0.7511737089201878 0.7004450226889506 0.9015544755229342
0 0.17209507042253522 0.06807511737089202 0.27325171871900417 0.20242483854614385
0 0.516725352112676 0.04636150234741784 0.5952831314471335 0.12908077376622804
0 0.3107394366197183 0.29988262910798125 0.38806745623388217 0.4129695524477066
0 0.9018485915492958 0.12030516431924883 0.9665924962185082 0.2229340932134277
0 0.5858274647887324 0.5293427230046949 0.785833702700357 0.6422949866649034
0 0.784330985915493 0.10152582159624413 0.8390033754463401 0.20416577123145763
0 0.2169894366197183 0.2811032863849765 0.30140097295923424 0.4165016999493046
0 0.43705985915492956 0.2564553990610329 0.5425012940760762 0.42238470927285154
0 0.1544894366197183 0.7793427230046949 0.2296855240155723 0.8622186955850911
0 0.5528169014084507 0.2623239436619718 0.6590876686173378 0.4264892465119355
0 0.22579225352112675 0.7588028169014085 0.32604498580390795 0.832888026515903
0 0.3380281690140845 0.6883802816901409 0.4193054453481452 0.7537040021821068
0 0.45598591549295775 0.5369718309859155 0.5152042315512796 0.6287928569066984
0 0.0409330985915493 0.49119718309859156 0.13026367381223963 0.613561504000529
0 0.2720070422535211 0.04753521126760563 0.3810422504215433 0.20654487370230776
0 0.1324823943661972 0.5 0.2226529566926205 0.6129694835680751
0 0.8499119718309859 0.7599765258215962 0.998745637336342 0.8915727837289779
0 0.05017605633802817 0.08568075117370892 0.15886876053858362 0.19361168970001544
0 0.7033450704225352 0.0005868544600938967 0.7791798657260465 0.055750829310762855
0 0.1192781690140845 0.27582159624413144 0.20505313460870858 0.42472076197403513
0 0.00044014084507042255 0.477112676056338 0.04577445416336044 0.5924430089929247
0 0.6879401408450704 0.3474178403755869 0.9068274911351915 0.42233132755846503
0 0.6131161971830986 0.11678403755868545 0.6793076073075779 0.19065916429720736
0 0.4027288732394366 0.5381455399061033 0.45668893975649666 0.6235104779695387
0 0.84375 0.1056338028169014 0.8869525748239436 0.19594739800304173
0 0.8045774647887324 0.5328638497652582 0.9882022106228924 0.5906497277876964
0 0.9102112676056338 0.051643192488262914 0.9780324774350327 0.12438283850206089
0 0.9181338028169014 0.3268779342723005 0.9916733566008727 0.3648316444047698
0 0.7222711267605634 0.7494131455399061 0.8544356201026583 0.8710390767925236
0 0.43045774647887325 0.7846244131455399 0.5834372985270779 0.9003611359077784
0 0.2381161971830986 0.846244131455399 0.41230716716673277 0.8926958661200378
0 0.3279049295774648 0.7588028169014085 0.4228310277598691 0.8311274631356212
0 0.5162852112676056 0.13028169014084506 0.5922023392556041 0.19945406004099714
0 0.7002640845070423 0.056924882629107984 0.7756600950332275 0.1214454666181754
0 0.6945422535211268 0.12441314553990611 0.7747823317546122 0.1935889594216315
0 0.926056338028169 0.36678403755868544 0.999 0.4047143286164562
0 0.522887323943662 0.5428403755868545 0.5789952080440389 0.6375922298265335
0 0.8050176056338029 0.5856807511737089 0.9886421577439991 0.6434356333619873
0 0.08846830985915492 0.7541079812206573 0.15092937134249157 0.8604729413255747
0 0.00044014084507042255 0.6713615023474179 0.07526389078307875 0.8446764310432233
