0 0.07790492957746478 0.20129107981220656 0.13204225352112675 0.38615023474178406
0 0.24119718309859156 0.20598591549295775 0.13908450704225353 0.38967136150234744
0 0.39172535211267606 0.20833333333333334 0.13204225352112675 0.3908450704225352
0 0.5418133802816901 0.22007042253521128 0.12852112676056338 0.392018779342723
0 0.6661531690140845 0.23386150234741784 0.09727112676056338 0.3738262910798122
0 0.8065580985915493 0.2268192488262911 0.12279929577464789 0.3937793427230047
0 0.05237676056338028 0.7288732394366197 0.09507042253521127 0.3814553990610329
0 0.1850792253521127 0.7479460093896714 0.1307218309859155 0.3890845070422535
0 0.3338468309859155 0.7517605633802817 0.13424295774647887 0.4061032863849765
0 0.4744718309859155 0.7417840375586855 0.11267605633802817 0.3767605633802817
0 0.6203785211267606 0.7549882629107981 0.13336267605633803 0.3996478873239437
0 0.757262323943662 0.7579225352112676 0.1307218309859155 0.4184272300469484
