0 0.9014084507042254 0.44190140845070425 0.9934412814917675 0.6141772879058387
0 0.7306338028169014 0.6907276995305164 0.8636748970938305 0.8781157701293835
0 0.230193661971831 0.45129107981220656 0.3555324851839913 0.6129980686151337
0 0.6536091549295775 0.45892018779342725 0.7778813339987105 0.6100593191386189
0 0.5576584507042254 0.232981220657277 0.6106700446959928 0.364299893649849
0 0.5 0.232981220657277 0.5600792253521126 0.36958158379069406
0 0.7830105633802817 0.4495305164319249 0.8966624073224558 0.6041962849081972
0 0.6100352112676056 0.23767605633802816 0.6647843154879984 0.36664455630496595
0 0.5955105633802817 0.6883802816901409 0.7316921168294981 0.8722486031210739
0 0.366637323943662 0.426056338028169 0.4787118673750248 0.60714433313496
0 0.16901408450704225 0.24178403755868544 0.2424432156318191 0.3044355727479116
0 0.014084507042253521 0.41960093896713613 0.10166633604443563 0.5866082154114043
0 0.17077464788732394 0.30985915492957744 0.24200229989089464 0.36073365073067515
0 0.8639964788732394 0.6919014084507042 0.9846549311272565 0.8916127339152284
0 0.6650528169014085 0.23884976525821597 0.7162565788658004 0.37075184872930855
0 0.3573943661971831 0.6866197183098591 0.47211382290220194 0.8681416550948886
0 0.7992957746478874 0.26467136150234744 0.8636446761555248 0.3695629862901982
0 0.4964788732394366 0.45715962441314556 0.6217004934536797 0.6071260800326214
0 0.47139084507042256 0.6883802816901409 0.595303085015374 0.8722486031210739
0 0.0994718309859155 0.2494131455399061 0.1588470634546717 0.3091259312526174
0 0.25132042253521125 0.7564553990610329 0.34672036953233487 0.8575372914324759
0 0.8697183098591549 0.2652582159624413 0.9331559338424915 0.35782555269016286
0 0.44278169014084506 0.24061032863849766 0.49540370524201544 0.36957710661464876
0 0.10211267605633803 0.31396713615023475 0.1588459011108907 0.3660129300844189
0 0.10959507042253522 0.4354460093896714 0.21253979090210276 0.599509714783222
0 0.7319542253521126 0.16490610328638497 0.7945722032458837 0.2639877311600432
0 0.9335387323943662 0.17018779342723006 0.9947475621776433 0.2551818146752188
0 0.7970950704225352 0.16490610328638497 0.8627653630852014 0.2669220034605127
0 0.9339788732394366 0.25821596244131456 0.9969480726790318 0.3636982300689898
0 0.2852112676056338 0.9184272300469484 0.3876385513786947 0.999
0 0.023767605633802816 0.8902582159624414 0.11486629946935133 0.9941958578544822
0 0.19058098591549297 0.9137323943661971 0.28644780766464983 0.999
0 0.1289612676056338 0.6613849765258216 0.2279361966251736 0.8517245393330247
0 0.03125 0.19072769953051644 0.09153554137323944 0.2757096668429985
0 0.03345070422535211 0.27699530516431925 0.09945710796468955 0.36662148162842473
0 0.37544014084507044 0.2347417840375587 0.43601433092392383 0.36371200599528314
0 0.7310739436619719 0.2623239436619718 0.7936923090036698 0.3613484014415129
0 0.866637323943662 0.16666666666666666 0.9322770082200953 0.26868153364632236
0 0.3899647887323944 0.9166666666666666 0.49102554366693113 0.9971146322378717
0 0.6285211267605634 0.9254694835680751 0.7250754748561794 0.9924146305847605
0 0.7407570422535211 0.937206572769953 0.8482655118652053 0.997102578302365
