0 0.09463028169014084 0.24471830985915494 0.15404929577464788 0.3767605633802817
0 0.2590228873239437 0.2476525821596244 0.144806338028169 0.3673708920187793
0 0.3923855633802817 0.12265258215962441 0.11223591549295775 0.23826291079812206
0 0.49713908450704225 0.10093896713615023 0.08582746478873239 0.2007042253521127
0 0.6232394366197183 0.12411971830985916 0.10211267605633803 0.23767605633802816
0 0.7361355633802817 0.1317488262910798 0.09375 0.2564553990610329
0 0.8428697183098591 0.12940140845070422 0.08714788732394366 0.2517605633802817
0 0.9493838028169014 0.1311619718309859 0.08450704225352113 0.25528169014084506
0 0.39920774647887325 0.5240610328638498 0.09859154929577464 0.21948356807511737
0 0.5057218309859155 0.5178990610328639 0.09154929577464789 0.2282863849765258
0 0.597931338028169 0.46068075117370894 0.0743838028169014 0.176056338028169
0 0.686399647887324 0.4800469483568075 0.08934859154929578 0.2112676056338028
0 0.7964348591549296 0.49735915492957744 0.07966549295774648 0.2517605633802817
0 0.898987676056338 0.5032276995305164 0.0761443661971831 0.24589201877934272
0 0.9766725352112676 0.5126173708920188 0.04401408450704225 0.232981220657277
0 0.050616197183098594 0.6376173708920188 0.08450704225352113 0.21185446009389672
0 0.1483274647887324 0.6748826291079812 0.10651408450704225 0.2734741784037559
0 0.2746478873239437 0.7118544600938967 0.125 0.31690140845070425
0 0.3981073943661972 0.8591549295774648 0.08934859154929578 0.18192488262910797
0 0.49889964788732394 0.7602699530516432 0.07966549295774648 0.12969483568075119
0 0.594850352112676 0.8130868544600939 0.07526408450704225 0.17312206572769953
0 0.6980633802816901 0.8415492957746479 0.08714788732394366 0.19014084507042253
0 0.8783010563380281 0.8286384976525821 0.07878521126760564 0.21009389671361503
0 0.9621478873239436 0.8283450704225352 0.061619718309859156 0.2130281690140845
