0 0.2462588028169014 0.43163145539906106 0.09639084507042253 0.2130281690140845
0 0.8890845070422535 0.4838615023474178 0.06778169014084508 0.09683098591549295
0 0.7970950704225352 0.4765258215962441 0.06778169014084508 0.09741784037558686
0 0.13776408450704225 0.42282863849765256 0.10123239436619719 0.2177230046948357
0 0.8954665492957746 0.35827464788732394 0.05237676056338028 0.10504694835680752
0 0.1485475352112676 0.7702464788732394 0.08142605633802817 0.15669014084507044
0 0.4546654929577465 0.42018779342723006 0.08890845070422536 0.21713615023474178
0 0.9238556338028169 0.801056338028169 0.037852112676056336 0.08215962441314555
0 0.5743838028169014 0.4735915492957746 0.04401408450704225 0.06807511737089202
0 0.19850352112676056 0.10240610328638497 0.0897887323943662 0.17077464788732394
0 0.6382042253521126 0.3835093896713615 0.04401408450704225 0.0733568075117371
0 0.8261443661971831 0.16666666666666666 0.05369718309859155 0.07629107981220658
0 0.5880281690140845 0.3826291079812207 0.0448943661971831 0.07394366197183098
0 0.7579225352112676 0.4979460093896714 0.04225352112676056 0.0733568075117371
0 0.308318661971831 0.09800469483568075 0.10431338028169014 0.18544600938967137
0 0.6190580985915493 0.4735915492957746 0.042693661971830985 0.0715962441314554
0 0.5699823943661971 0.76731220657277 0.04137323943661972 0.06631455399061033
0 0.07724471830985916 0.09477699530516431 0.10519366197183098 0.1789906103286385
0 0.8164612676056338 0.4979460093896714 0.03697183098591549 0.07687793427230047
0 0.06007922535211268 0.7244718309859155 0.061179577464788734 0.15199530516431925
0 0.6205985915492958 0.7640845070422535 0.03697183098591549 0.06572769953051644
0 0.8769806338028169 0.8019366197183099 0.03917253521126761 0.07805164319248827
0 0.7610035211267606 0.15845070422535212 0.058098591549295774 0.08568075117370892
0 0.6507482394366197 0.840962441314554 0.04181338028169014 0.06807511737089202
0 0.6639524647887324 0.7626173708920188 0.04181338028169014 0.06279342723004695
0 0.6883802816901409 0.4935446009389671 0.05721830985915493 0.07394366197183098
0 0.969850352112676 0.35181924882629106 0.04709507042253521 0.09565727699530517
0 0.9040492957746479 0.1681338028169014 0.058098591549295774 0.08392018779342723
0 0.23701584507042253 0.7855046948356808 0.07790492957746478 0.17312206572769953
0 0.328125 0.7940140845070423 0.06470070422535211 0.18779342723004694
0 0.4143926056338028 0.7819835680751174 0.07350352112676056 0.1637323943661972
0 0.6142165492957746 0.846244131455399 0.04005281690140845 0.06690140845070422
0 0.9746919014084507 0.8019366197183099 0.037411971830985914 0.08626760563380281
0 0.7136883802816901 0.7884389671361502 0.04973591549295775 0.06866197183098592
0 0.765625 0.8441901408450704 0.04621478873239437 0.04753521126760563
0 0.8226232394366197 0.7969483568075117 0.04753521126760563 0.06103286384976526
0 0.5743838028169014 0.835387323943662 0.035211267605633804 0.06044600938967136
0 0.7132482394366197 0.8509389671361502 0.04709507042253521 0.05985915492957746
0 0.7676056338028169 0.7884389671361502 0.05017605633802817 0.0698356807511737
