0 0.07878521126760564 0.18427230046948356 0.21695476003025194 0.5286477275231987
0 0.23987676056338028 0.4131455399061033 0.3361620260736957 0.6106730366549847
0 0.34419014084507044 0.33568075117370894 0.4307463951844872 0.4821973704511891
0 0.4529049295774648 0.36678403755868544 0.5420541791683198 0.5520147981000243
0 0.5536971830985915 0.38204225352112675 0.6463231966623686 0.5872171113535674
0 0.7460387323943662 0.35563380281690143 0.8174533280227138 0.5854720458903657
0 0.8375880281690141 0.35269953051643194 0.899719371466475 0.5719761152989927
0 0.2319542253521127 0.01584507042253521 0.34276762578109504 0.27111746181313234
0 0.34991197183098594 0.017605633802816902 0.45539176409690535 0.2711164286186603
0 0.46919014084507044 0.007042253521126761 0.538525884621107 0.1830944587714078
0 0.5550176056338029 0.00528169014084507 0.635759235208788 0.22124103187198307
0 0.6698943661971831 0.007042253521126761 0.7541065605782583 0.2646672287244594
0 0.7764084507042254 0.0035211267605633804 0.853531510365007 0.2676035674138729
0 0.8886443661971831 0.007042253521126761 0.9494328149796667 0.2693620644052106
0 0.10695422535211267 0.6461267605633803 0.22618531944306688 0.9203954655161013
0 0.002640845070422535 0.6566901408450704 0.09418897850128942 0.9421028813727436
0 0.24559859154929578 0.789906103286385 0.33351866259174767 0.948480102052062
0 0.33846830985915494 0.7740610328638498 0.41490384317347745 0.9220809500980847
0 0.43794014084507044 0.7634976525821596 0.5121311883182901 0.9162186046639776
0 0.5237676056338029 0.7576291079812206 0.5882377783425907 0.9021375416032974
0 0.5990316901408451 0.6942488262910798 0.6507046515448324 0.8481841262756508
0 0.6778169014084507 0.7188967136150235 0.7342967355187463 0.8880757648394277
0 0.7566021126760564 0.7142018779342723 0.8117268476616742 0.8833836843439352
0 0.8340669014084507 0.7235915492957746 0.8939990902722674 0.8851387373536996
0 0.9141725352112676 0.7077464788732394 0.9679074944827414 0.8698898201415063
