0 0.5748239436619719 0.014671361502347418 0.6357505176304304 0.29224491117282725
0 0.2944542253521127 0.5727699530516432 0.3616661733163063 0.7185605810134673
0 0.37455985915492956 0.5645539906103286 0.4412964085126959 0.7138705669069187
0 0.051056338028169015 0.5164319248826291 0.19143879562586788 0.7291570235182613
0 0.6029929577464789 0.5416666666666666 0.6581853023953581 0.7397055946791862
0 0.6756161971830986 0.5434272300469484 0.7364984083639159 0.7355965802640569
0 0.53125 0.534037558685446 0.5851534991197183 0.7520340155172034
0 0.4432218309859155 0.01643192488262911 0.5028859058842491 0.288135896757698
0 0.7513204225352113 0.5393192488262911 0.8121693131943067 0.7620074417553836
0 0.7121478873239436 0.01584507042253521 0.7712534560355089 0.3063287294187661
0 0.644806338028169 0.015258215962441314 0.7008605605906566 0.29107085785448217
0 0.3789612676056338 0.008802816901408451 0.43557264028714543 0.2863798105534616
0 0.17781690140845072 0.01643192488262911 0.23627736932156315 0.27522509863563227
0 0.4564260563380282 0.5328638497652582 0.5218061505033724 0.7520347043135179
0 0.238556338028169 0.00528169014084507 0.3049126072455862 0.27699220558090326
0 0.31161971830985913 0.007042253521126761 0.3731022800535608 0.2816860080671824
0 0.5105633802816901 0.01584507042253521 0.569757674568538 0.2922442223765126
0 0.02464788732394366 0.040492957746478875 0.08405605286649474 0.25819219896845863
0 0.10299295774647887 0.02699530516431925 0.16808847140944255 0.27111091824814304
0 0.2262323943661972 0.5674882629107981 0.28335113010811347 0.720911098437259
0 0.3305457746478873 0.40669014084507044 0.3774953583738345 0.5191275292600674
0 0.3846830985915493 0.4084507042253521 0.43777082610097207 0.516192223765126
0 0.8842429577464789 0.03873239436619718 0.9481143296840904 0.3027941711300668
0 0.778169014084507 0.018192488262910797 0.8266821439198572 0.3063273518261368
0 0.823943661971831 0.5504694835680751 0.8816796022614561 0.7549586446692675
0 0.8397887323943662 0.035211267605633804 0.8834331915790519 0.29164600277722674
0 0.9625880281690141 0.0528169014084507 0.999 0.30806759571513587
0 0.5893485915492958 0.8615023474178404 0.6436666599509027 0.999
0 0.5382922535211268 0.857981220657277 0.5864708220715136 0.999
0 0.4907570422535211 0.8345070422535211 0.5363156879215433 0.9959891390597103
0 0.43309859154929575 0.812206572769953 0.48088331928188854 0.9185374374572945
0 0.10783450704225352 0.8339201877934272 0.1685264812909145 0.9824918308757081
0 0.17517605633802816 0.8339201877934272 0.24332078518647093 0.9813181219555203
0 0.02068661971830986 0.8315727699530516 0.09770216257934934 0.9772115183274923
0 0.36795774647887325 0.8116197183098591 0.42633452563975405 0.9156035095549825
0 0.9317781690140845 0.7423708920187794 0.999 0.9649399231854351
0 0.4392605633802817 0.40199530516431925 0.48308131137175164 0.5267593924265468
0 0.1795774647887324 0.3626760563380282 0.27853011555246976 0.509763687760365
