0 0.753080985915493 0.6830985915492958 0.8187706509745091 0.8411484163195134
0 0.1329225352112676 0.45305164319248825 0.21032881930668518 0.5678092419934316
0 0.5849471830985915 0.6907276995305164 0.6361862028243404 0.869899807688069
0 0.5321302816901409 0.7130281690140845 0.5763502947703829 0.8692998660979965
0 0.4766725352112676 0.3767605633802817 0.5231176617362626 0.5696145771341665
0 0.6685739436619719 0.392018779342723 0.7175754516093037 0.5666713504816064
0 0.6399647887323944 0.6795774647887324 0.6894190295824241 0.8722537690934339
0 0.6351232394366197 0.007042253521126761 0.6916218647713748 0.20598178271506976
0 0.47183098591549294 0.715962441314554 0.5138768349533823 0.8804483788489939
0 0.7913732394366197 0.37734741784037557 0.8385601350178536 0.5578771435341312
0 0.7235915492957746 0.3902582159624413 0.7822519403392184 0.5537615855540127
0 0.6034330985915493 0.3890845070422535 0.6515829959953382 0.5561096921907028
0 0.41901408450704225 0.38438967136150237 0.46328388464590353 0.5490701938548348
0 0.6980633802816901 0.6913145539906104 0.7395695143572704 0.8663783365293483
0 0.7033450704225352 0.002347417840375587 0.7501305699513985 0.21830848156230023
0 0.5277288732394366 0.38791079812206575 0.5886761756719896 0.5613920711278626
0 0.13556338028169015 0.052230046948356805 0.2120882203431859 0.19363132039498337
0 0.06073943661971831 0.06690140845070422 0.11837115341698076 0.20183867288236462
0 0.49295774647887325 0.004107981220657277 0.5380752826820075 0.1549271666776874
0 0.45026408450704225 0.008802816901408451 0.49496027108956553 0.14142675891026912
0 0.5523767605633803 0.01056338028169014 0.5987885665666534 0.1431862890960788
0 0.06470070422535211 0.3192488262910798 0.1210102549717318 0.42704269435076814
0 0.0761443661971831 0.45715962441314556 0.13552986603600475 0.5654594133659547
0 0.13732394366197184 0.3022300469483568 0.19844307925014879 0.42822639081751857
0 0.292693661971831 0.4254694835680751 0.34054018764878 0.5414169780026009
0 0.3595950704225352 0.28169014084507044 0.41005299512745486 0.38715863254645244
0 0.3516725352112676 0.43485915492957744 0.400813524412319 0.5384771953316141
0 0.34991197183098594 0.04401408450704225 0.4113776795898631 0.18307276168749584
0 0.23503521126760563 0.33215962441314556 0.2917099316851815 0.40121352134717536
0 0.00528169014084507 0.0698356807511737 0.0545751401011704 0.20007638751129625
0 0.301056338028169 0.3315727699530516 0.3533005914005158 0.4006270112852388
0 0.7755281690140845 0.008802816901408451 0.8240424611932157 0.20011220491965878
0 0.8265845070422535 0.02640845070422535 0.8825587216078159 0.2018624363552205
0 0.40933098591549294 0.7288732394366197 0.45668603389704426 0.8851356377702837
0 0.15580985915492956 0.772887323943662 0.21251944988593532 0.8921520614296106
0 0.28125 0.7752347417840375 0.33174240757042256 0.8892164115365117
0 0.22887323943661972 0.7717136150234741 0.27718799593334653 0.8892184779254557
0 0.08890845070422536 0.7910798122065728 0.14520734663261256 0.8921413850867332
0 0.3472711267605634 0.7576291079812206 0.400815461651954 0.8904004524014194
0 0.035651408450704226 0.8086854460093896 0.07964980131670303 0.8909573442218255
0 0.9348591549295775 0.7934272300469484 0.9868244457944851 0.8897925896537283
0 0.2794894366197183 0.036384976525821594 0.34406712612824836 0.18601151116401066
0 0.21566901408450703 0.03169014084507042 0.2758733851170403 0.18131943066851816
0 0.0048415492957746475 0.44366197183098594 0.07438167185330291 0.5748570058850757
0 0.00044014084507042255 0.29401408450704225 0.060299102050684394 0.44055515605369305
0 0.2319542253521127 0.4084507042253521 0.28510917507686967 0.5437743833895391
