0 0.45994718309859156 0.3882042253521127 0.05721830985915493 0.20363849765258216
0 0.5970510563380281 0.3835093896713615 0.05501760563380282 0.2106807511737089
0 0.735475352112676 0.3899647887323944 0.05721830985915493 0.21889671361502347
0 0.5261883802816901 0.37910798122065725 0.0488556338028169 0.19248826291079812
0 0.6681338028169014 0.3846830985915493 0.056338028169014086 0.22593896713615025
0 0.1500880281690141 0.420481220657277 0.061619718309859156 0.16725352112676056
0 0.17121478873239437 0.7238849765258216 0.05721830985915493 0.11208920187793427
0 0.3805017605633803 0.42869718309859156 0.06205985915492958 0.15434272300469484
0 0.7024647887323944 0.761443661971831 0.0625 0.11091549295774648
0 0.3492517605633803 0.7755281690140845 0.04973591549295775 0.1273474178403756
0 0.28587147887323944 0.7652582159624414 0.058538732394366196 0.09859154929577464
0 0.06910211267605634 0.4184272300469484 0.07306338028169014 0.15258215962441316
0 0.10519366197183098 0.7200704225352113 0.05897887323943662 0.12323943661971831
0 0.23393485915492956 0.4166666666666667 0.06734154929577464 0.15375586854460094
0 0.39370598591549294 0.24853286384976525 0.05413732394366197 0.1437793427230047
0 0.2616637323943662 0.24853286384976525 0.06294014084507042 0.13086854460093897
0 0.15118838028169015 0.22007042253521128 0.05501760563380282 0.13615023474178403
0 0.3050176056338028 0.4198943661971831 0.06426056338028169 0.14730046948356806
0 0.3305457746478873 0.24735915492957747 0.05721830985915493 0.13321596244131456
0 0.20466549295774647 0.22535211267605634 0.040492957746478875 0.13380281690140844
0 0.5002200704225352 0.7626173708920188 0.06294014084507042 0.1402582159624413
0 0.8336267605633803 0.03286384976525822 0.05721830985915493 0.06103286384976526
0 0.8692781690140845 0.2676056338028169 0.06866197183098592 0.13380281690140844
0 0.7658450704225352 0.03286384976525822 0.05193661971830986 0.05985915492957746
0 0.5649207746478874 0.7403169014084507 0.05149647887323944 0.07805164319248827
0 0.8633362676056338 0.42576291079812206 0.05765845070422535 0.1414319248826291
0 0.7988556338028169 0.3911384976525822 0.05017605633802817 0.22593896713615025
0 0.8133802816901409 0.7640845070422535 0.125 0.16314553990610328
0 0.15140845070422534 0.9055164319248826 0.05721830985915493 0.11619718309859155
0 0.08824823943661972 0.8987676056338029 0.05765845070422535 0.12147887323943662
0 0.35233274647887325 0.9175469483568075 0.050616197183098594 0.12147887323943662
0 0.8133802816901409 0.9166666666666666 0.1329225352112676 0.1267605633802817
0 0.6309419014084507 0.909330985915493 0.061179577464788734 0.11091549295774648
0 0.6925616197183099 0.9184272300469484 0.05501760563380282 0.11502347417840375
0 0.42231514084507044 0.9216549295774648 0.05237676056338028 0.10974178403755869
0 0.6327024647887324 0.7714201877934272 0.06470070422535211 0.10856807511737089
0 0.214568661971831 0.9040492957746479 0.055897887323943664 0.11091549295774648
0 0.42561619718309857 0.7893192488262911 0.05897887323943662 0.12089201877934272
0 0.5633802816901409 0.9116784037558685 0.05721830985915493 0.0897887323943662
0 0.49537852112676056 0.9125586854460094 0.06382042253521127 0.12206572769953052
0 0.2878521126760563 0.9248826291079812 0.06073943661971831 0.10328638497652583
0 0.5627200704225352 0.7890258215962441 0.061179577464788734 0.09565727699530517
0 0.971830985915493 0.9046361502347418 0.061619718309859156 0.1414319248826291
