0 0.4920774647887324 0.5181924882629108 0.09595070422535211 0.289906103286385
0 0.5897887323943662 0.5146713615023474 0.07570422535211267 0.284037558685446
0 0.7810299295774648 0.5240610328638498 0.08142605633802817 0.284037558685446
0 0.684419014084507 0.5249413145539906 0.07746478873239436 0.26467136150234744
0 0.4003080985915493 0.5129107981220657 0.08582746478873239 0.289906103286385
0 0.30149647887323944 0.4994131455399061 0.09066901408450705 0.3075117370892019
0 0.45400528169014087 0.12529342723004694 0.0682218309859155 0.20246478873239437
0 0.5332306338028169 0.13233568075117372 0.06205985915492958 0.20011737089201878
0 0.9119718309859155 0.1517018779342723 0.05985915492957746 0.23650234741784038
0 0.2827904929577465 0.11208920187793427 0.07878521126760564 0.19014084507042253
0 0.3767605633802817 0.125 0.06954225352112677 0.19131455399061034
0 0.9139524647887324 0.4932511737089202 0.050616197183098594 0.22711267605633803
0 0.8307658450704225 0.15316901408450703 0.05413732394366197 0.21948356807511737
0 0.6826584507042254 0.12940140845070422 0.04753521126760563 0.2153755868544601
0 0.608274647887324 0.13761737089201878 0.05017605633802817 0.2153755868544601
0 0.20598591549295775 0.4923708920187793 0.05545774647887324 0.11737089201877934
0 0.8536531690140845 0.4979460093896714 0.04621478873239437 0.2564553990610329
0 0.08164612676056338 0.49970657276995306 0.06998239436619719 0.12969483568075119
0 0.7539612676056338 0.14348591549295775 0.04401408450704225 0.22711267605633803
0 0.056117957746478875 0.7053990610328639 0.05413732394366197 0.12323943661971831
0 0.13006161971830985 0.3488849765258216 0.03917253521126761 0.10856807511737089
0 0.7918133802816901 0.7617370892018779 0.04401408450704225 0.09154929577464789
0 0.12367957746478873 0.698943661971831 0.03873239436619718 0.11267605633802817
0 0.19454225352112675 0.3500586854460094 0.05897887323943662 0.11443661971830986
0 0.1742957746478873 0.6883802816901409 0.04665492957746479 0.10093896713615023
0 0.07746478873239436 0.3559272300469484 0.04753521126760563 0.11443661971830986
0 0.06800176056338028 0.08656103286384977 0.04621478873239437 0.1402582159624413
0 0.12323943661971831 0.08890845070422536 0.043133802816901406 0.10974178403755869
0 0.7123679577464789 0.8095657276995305 0.04445422535211268 0.14612676056338028
0 0.7495598591549296 0.7737676056338029 0.03961267605633803 0.09330985915492958
0 0.1483274647887324 0.500293427230047 0.04841549295774648 0.12969483568075119
0 0.9702904929577465 0.4779929577464789 0.04533450704225352 0.23415492957746478
0 0.8450704225352113 0.7593896713615024 0.03873239436619718 0.08450704225352113
0 0.563600352112676 0.875293427230047 0.08670774647887323 0.23415492957746478
0 0.46500880281690143 0.8876173708920188 0.07878521126760564 0.24237089201877934
0 0.3650968309859155 0.8879107981220657 0.09110915492957747 0.24530516431924881
0 0.670774647887324 0.875293427230047 0.0977112676056338 0.2482394366197183
0 0.14920774647887325 0.8870305164319249 0.06602112676056338 0.13438967136150234
0 0.07592429577464789 0.891725352112676 0.06734154929577464 0.15434272300469484
0 0.2836707746478873 0.8711854460093896 0.06029929577464789 0.22711267605633803
0 0.2167693661971831 0.8858568075117371 0.05413732394366197 0.14730046948356806
0 0.8694982394366197 0.9163732394366197 0.0664612676056338 0.15316901408450703
0 0.7691461267605634 0.9110915492957746 0.050616197183098594 0.15082159624413147
0 0.9368397887323944 0.9231220657276995 0.042693661971830985 0.13849765258215962
0 0.01738556338028169 0.08568075117370892 0.03389084507042254 0.1596244131455399
