0 0.8316461267605634 0.35944835680751175 0.06558098591549295 0.2764084507042254
0 0.37213908450704225 0.7755281690140845 0.08230633802816902 0.25528169014084506
0 0.45774647887323944 0.755575117370892 0.06514084507042253 0.2881455399061033
0 0.6956426056338029 0.7461854460093896 0.07086267605633803 0.31279342723004694
0 0.2814700704225352 0.7579225352112676 0.0682218309859155 0.2846244131455399
0 0.7632042253521126 0.3700117370892019 0.056338028169014086 0.198943661971831
0 0.9124119718309859 0.3799882629107981 0.06602112676056338 0.2576291079812207
0 0.06756161971830986 0.7153755868544601 0.05413732394366197 0.13497652582159625
0 0.1991637323943662 0.47681924882629106 0.050616197183098594 0.12030516431924883
0 0.6078345070422535 0.4624413145539906 0.05897887323943662 0.08685446009389672
0 0.3644366197183099 0.4442488262910798 0.07482394366197183 0.08450704225352113
0 0.6987235915492958 0.3333333333333333 0.047975352112676055 0.16314553990610328
0 0.13622359154929578 0.7142018779342723 0.05501760563380282 0.11971830985915492
0 0.4529049295774648 0.4498239436619718 0.07306338028169014 0.0710093896713615
0 0.05941901408450704 0.4779929577464789 0.04665492957746479 0.13204225352112675
0 0.12940140845070422 0.47975352112676056 0.040492957746478875 0.1238262910798122
0 0.44432218309859156 0.3626760563380282 0.0761443661971831 0.07276995305164319
0 0.35893485915492956 0.3506455399061033 0.07702464788732394 0.08509389671361503
0 0.2125880281690141 0.7139084507042254 0.04401408450704225 0.13086854460093897
0 0.13028169014084506 0.36208920187793425 0.04225352112676056 0.05868544600938967
0 0.6049735915492958 0.36414319248826293 0.055897887323943664 0.07453051643192488
0 0.667693661971831 0.4668427230046948 0.03873239436619718 0.07805164319248827
0 0.355193661971831 0.2634976525821596 0.07130281690140845 0.09272300469483569
0 0.7691461267605634 0.7400234741784038 0.06734154929577464 0.27582159624413144
0 0.8538732394366197 0.7312206572769953 0.06954225352112677 0.25938967136150237
0 0.922975352112676 0.7247652582159625 0.0528169014084507 0.25938967136150237
0 0.9766725352112676 0.3779342723004695 0.04665492957746479 0.25586854460093894
0 0.535431338028169 0.750293427230047 0.07174295774647887 0.3104460093896714
0 0.623899647887324 0.7467723004694836 0.0664612676056338 0.3057511737089202
0 0.207306338028169 0.8647300469483568 0.05545774647887324 0.11913145539906103
0 0.07130281690140845 0.8764671361502347 0.05721830985915493 0.12617370892018778
0 0.13930457746478872 0.8726525821596244 0.04445422535211268 0.13380281690140844
