0 0.00044014084507042255 0.19014084507042253 0.08406670768448721 0.45352691264960654
0 0.3173415492957746 0.6185446009389671 0.4056701841772466 0.9286276146708105
0 0.44058098591549294 0.17018779342723006 0.5407391809040866 0.49461843439352865
0 0.5519366197183099 0.17312206572769953 0.6533662250793493 0.4975509847032114
0 0.6628521126760564 0.1572769953051643 0.7677540263588574 0.49932084683374106
0 0.17825704225352113 0.1414319248826291 0.28293210517506445 0.482311366241266
0 0.31294014084507044 0.15669014084507044 0.42503831859998015 0.48406297526945713
0 0.7962147887323944 0.14847417840375587 0.8997375815190438 0.5069551207873217
0 0.207306338028169 0.6220657276995305 0.2930425588300932 0.937428365183275
0 0.6514084507042254 0.5897887323943662 0.7620372321959928 0.9286444901805198
0 0.07966549295774648 0.6109154929577465 0.16633817539922635 0.9133738758844145
0 0.10871478873239436 0.22652582159624413 0.1685260938429875 0.45526612334413363
0 0.5294894366197183 0.6120892018779343 0.5970380768324737 0.8916595720646255
0 0.7768485915492958 0.5886150234741784 0.890503147626959 0.9562273386012475
0 0.41725352112676056 0.6226525821596244 0.5222635327811942 0.9391885841653993
