0 0.6483274647887324 0.11971830985915492 0.735630137559512 0.4852583812735568
0 0.5374119718309859 0.17018779342723006 0.6370874067025392 0.48874988979258965
0 0.534330985915493 0.5803990610328639 0.6278458050238048 0.9409739442130088
0 0.24339788732394366 0.5845070422535211 0.3299985044510018 0.9421452423460953
0 0.7548415492957746 0.1960093896713615 0.8522205803040072 0.4975375531750755
0 0.6351232394366197 0.5985915492957746 0.7329951042079945 0.9345078688090986
0 0.7579225352112676 0.5938967136150235 0.8544199284616147 0.9456608587361414
0 0.1800176056338028 0.2992957746478873 0.24507921760315415 0.47224219731534745
0 0.44058098591549294 0.5786384976525821 0.5257743921716922 0.9409749774074809
0 0.1641725352112676 0.5809859154929577 0.2389242198348542 0.9421473087350394
0 0.34419014084507044 0.29107981220657275 0.40213724025490977 0.472833873349644
0 0.4471830985915493 0.26173708920187794 0.5072855708192819 0.4751985110978862
0 0.2676056338028169 0.29577464788732394 0.32910756794286844 0.4869156252066389
0 0.10431338028169014 0.2875586854460094 0.16104563671642533 0.4792913387996209
0 0.4044894366197183 0.3057511737089202 0.44568464373388217 0.4739989723158985
0 0.863556338028169 0.20422535211267606 0.9648487868230511 0.49459845930040336
0 0.9053697183098591 0.5886150234741784 0.956907847835251 0.8828705310895104
0 0.8622359154929577 0.573943661971831 0.9045500722202936 0.8846397044237255
0 0.33846830985915494 0.5815727699530516 0.42634750514530845 0.9374521286561308
