0 0.2011443661971831 0.35093896713615025 0.2934854118106527 0.6999114207939341
0 0.4766725352112676 0.002347417840375587 0.5596493518771077 0.265256838369812
0 0.5444542253521126 0.38028169014084506 0.6309223352881372 0.6717251868015605
0 0.43133802816901406 0.3703051643192488 0.5222573336143622 0.684054985232207
0 0.32350352112676056 0.38380281690140844 0.41403014809809563 0.6928498809759969
0 0.3591549295774648 0.0005868544600938967 0.45406727335846064 0.2664315804844718
0 0.6738556338028169 0.017605633802816902 0.7580660846682206 0.28285351782053825
0 0.2517605633802817 0.0005868544600938967 0.3564032743999207 0.248239092221561
0 0.5748239436619719 0.017018779342723004 0.6656800950952192 0.27229048193700545
0 0.702024647887324 0.3644366197183099 0.7518917145035707 0.48628847616213716
0 0.14128521126760563 0.004694835680751174 0.2472969695372942 0.21185170490863806
0 0.7601232394366197 0.5187793427230047 0.8196478330812339 0.6751650355969935
0 0.547975352112676 0.7652582159624414 0.5961496587358659 0.8792457404835902
0 0.7566021126760564 0.3767605633802817 0.8068852983658996 0.4833469715003637
0 0.6839788732394366 0.7629107981220657 0.7259313473269192 0.8798339725363133
0 0.053257042253521125 0.3796948356807512 0.11969486925957153 0.5596363293217836
0 0.8397887323943662 0.5269953051643192 0.8873944591846856 0.674573359562697
0 0.6580105633802817 0.3703051643192488 0.6955730587309066 0.4874587411007516
0 0.136443661971831 0.3374413145539906 0.1971230441628645 0.6101306095571866
0 0.7962147887323944 0.7546948356807511 0.8341565956035508 0.8804256485706099
0 0.6720950704225352 0.5152582159624414 0.7206548877330887 0.6575614681831207
0 0.06382042253521127 0.0017605633802816902 0.12805289594078556 0.12030413112477682
0 0.9036091549295775 0.02992957746478873 0.967472003012795 0.2628932338160418
0 0.03301056338028169 0.2177230046948357 0.09637631577316008 0.35315861326015563
0 0.03829225352112676 0.7470657276995305 0.10077539953630232 0.8898197971081576
0 0.7742077464788732 0.022887323943661973 0.8262437465904583 0.2652447844343054
0 0.8380281690140845 0.03227699530516432 0.8917966425312438 0.3045585228900791
0 0.9282570422535211 0.7717136150234741 0.9727428446116843 0.8874579145451741
0 0.8331866197183099 0.4125586854460094 0.8790346889878 0.4950630524146444
0 0.36047535211267606 0.8169014084507042 0.42193641049642927 0.9736990015208622
0 0.4449823943661972 0.8215962441314554 0.5125682295799444 0.9596117392933502
0 0.733274647887324 0.7640845070422535 0.7853286643275144 0.9097628612047873
0 0.29005281690140844 0.8333333333333334 0.3462631809784765 0.985426447574335
0 0.1624119718309859 0.8661971830985915 0.2155975299419758 0.9877545791178999
0 0.6100352112676056 0.7652582159624414 0.6775483999950407 0.874550904802839
0 0.22579225352112675 0.869131455399061 0.27322808439545726 0.9789500402257048
0 0.11267605633802817 0.8767605633802817 0.15928139258083712 0.9877483799510679
0 0.04665492957746479 0.9049295774647887 0.10957453568240429 0.9889055577597038
0 0.00044014084507042255 0.0005868544600938967 0.060739242895754816 0.12147852884127928
0 0.0013204225352112676 0.3884976525821596 0.051055756856278514 0.551415200908109
