0 0.8358274647887324 0.7323943661971831 0.9248081745313431 0.99663591879918
0 0.0030809859154929575 0.28169014084507044 0.07262188336887522 0.5567595715135886
0 0.5840669014084507 0.2981220657276995 0.6621549001314223 0.6195433555952302
0 0.6628521126760564 0.3403755868544601 0.7492681108658996 0.6559035354537239
0 0.7640845070422535 0.3215962441314554 0.8504559487204919 0.63654835901166
0 0.25132042253521125 0.2916666666666667 0.3396781160112081 0.5872701486697965
0 0.47491197183098594 0.30164319248826293 0.5636113943785955 0.5884380028213096
0 0.07526408450704225 0.2652582159624413 0.1540161689768895 0.5286002005774868
0 0.3829225352112676 0.2846244131455399 0.46990188268696687 0.5397390701800788
0 0.17737676056338028 0.27875586854460094 0.23715784473566753 0.4857519038330137
0 0.09286971830985916 0.011150234741784037 0.17865630734229318 0.20011082732702948
0 0.3182218309859155 0.009976525821596244 0.4056697967293196 0.18544015462099672
0 0.42561619718309857 0.004694835680751174 0.5147774576596906 0.2012883246269479
0 0.20290492957746478 0.017605633802816902 0.29172407353451696 0.20069389340739271
0 0.8595950704225352 0.3174882629107981 0.9454843331556239 0.6265742439771651
0 0.7438380281690141 0.7400234741784038 0.830658521994644 0.9925234604024775
0 0.4397007042253521 0.7447183098591549 0.5363381599013093 0.9895864329167494
0 0.6342429577464789 0.7699530516431925 0.7285940832052172 0.9948533139368292
0 0.3397887323943662 0.7241784037558685 0.4267870648184884 0.9831430877912232
0 0.5360915492957746 0.744131455399061 0.5930739033673874 0.9408778571271131
0 0.12544014084507044 0.7177230046948356 0.21561380275490974 0.9948839653728317
0 0.704225352112676 0.7529342723004695 0.7422076472922039 0.9972107193237673
