0 0.34088908450704225 0.4536384976525822 0.08230633802816902 0.2546948356807512
0 0.3543133802816901 0.8177816901408451 0.09683098591549295 0.24002347417840375
0 0.2460387323943662 0.4838615023474178 0.09066901408450705 0.2822769953051643
0 0.8813820422535211 0.4988262910798122 0.11223591549295775 0.3039906103286385
0 0.1580105633802817 0.4914906103286385 0.07482394366197183 0.27523474178403756
0 0.44432218309859156 0.4339788732394366 0.07878521126760564 0.23884976525821597
0 0.6758362676056338 0.49471830985915494 0.07790492957746478 0.284037558685446
0 0.18397887323943662 0.7831572769953051 0.04753521126760563 0.15669014084507044
0 0.7929137323943662 0.11003521126760564 0.09903169014084508 0.1954225352112676
0 0.4610475352112676 0.13057511737089203 0.10431338028169014 0.23415492957746478
0 0.3419894366197183 0.11942488262910798 0.10211267605633803 0.23767605633802816
0 0.905149647887324 0.09917840375586855 0.0761443661971831 0.18896713615023475
0 0.5988116197183099 0.4392605633802817 0.04973591549295775 0.20715962441314553
0 0.025528169014084508 0.6203051643192489 0.05017605633802817 0.20657276995305165
0 0.6720950704225352 0.07365023474178403 0.07306338028169014 0.14612676056338028
0 0.577024647887324 0.07423708920187794 0.06426056338028169 0.1437793427230047
0 0.13754401408450703 0.10944835680751173 0.10695422535211267 0.20363849765258216
0 0.9713908450704225 0.5102699530516432 0.056338028169014086 0.2869718309859155
0 0.8030369718309859 0.3937793427230047 0.053257042253521125 0.10328638497652583
0 0.6423855633802817 0.8477112676056338 0.08230633802816902 0.27523474178403756
0 0.45004401408450706 0.8503521126760564 0.0840669014084507 0.25821596244131456
0 0.5473151408450704 0.8500586854460094 0.07790492957746478 0.24706572769953053
0 0.9311179577464789 0.8594483568075117 0.09639084507042253 0.26115023474178406
0 0.7387764084507042 0.8456572769953051 0.08758802816901408 0.2546948356807512
0 0.8261443661971831 0.8459507042253521 0.08098591549295775 0.23650234741784038
0 0.03653169014084507 0.8700117370892019 0.04841549295774648 0.17781690140845072
0 0.08758802816901408 0.8764671361502347 0.045774647887323945 0.14964788732394366
0 0.24977992957746478 0.10005868544600939 0.07262323943661972 0.19307511737089203
