0 0.14920774647887325 0.5897887323943662 0.2591772853228526 0.999
0 0.35651408450704225 0.5639671361502347 0.46859308358956553 0.8969695028543719
0 0.20026408450704225 0.040492957746478875 0.3080104471459036 0.4671123867618859
0 0.5246478873239436 0.03286384976525822 0.6401740106129736 0.4277976151116401
0 0.34639084507042256 0.03873239436619718 0.4461503561421345 0.4571368941347616
0 0.4788732394366197 0.6109154929577465 0.5675709184685579 0.864664955696621
0 0.05193661971830986 0.05046948356807512 0.16282925324836342 0.474148785514338
0 0.6637323943661971 0.06044600938967136 0.7646726529954374 0.4295419917785272
0 0.5743838028169014 0.5944835680751174 0.672282401495239 0.8529375096431485
0 0.25616197183098594 0.5774647887323944 0.3304330273011307 0.8693794220723401
0 0.7293133802816901 0.5715962441314554 0.8473902669981155 0.9327631477440543
0 0.4595070422535211 0.056924882629107984 0.5165231042947828 0.40020133516277634
0 0.8547535211267606 0.57981220657277 0.9428456190487998 0.9163264012872225
0 0.0880281690140845 0.573943661971831 0.15224998760166633 0.8952030847054157
0 0.8622359154929577 0.04870892018779343 0.9600078186991668 0.43835169664308227
