0 0.6452464788732394 0.6126760563380281 0.7602793809512001 0.92804420419229
0 0.34110915492957744 0.5563380281690141 0.4386702864634993 0.9057767969318258
0 0.4964788732394366 0.05516431924882629 0.6159786624677643 0.4324793636624127
0 0.3455105633802817 0.027582159624413145 0.47784088443513195 0.4424720761974035
0 0.18265845070422534 0.023474178403755867 0.3278245341326126 0.4330848156230025
0 0.0528169014084507 0.036384976525821594 0.16590985171592937 0.40080024355837685
0 0.6461267605633803 0.04284037558685446 0.7651205427990477 0.44774481198615795
0 0.5255281690140845 0.5815727699530516 0.6348919330242015 0.9298230206749102
0 0.4397007042253521 0.5721830985915493 0.515211399337929 0.9374576390266481
0 0.852112676056338 0.6120892018779343 0.9578115701249751 0.9591478349754237
0 0.8811619718309859 0.09565727699530517 0.9776051223715534 0.45299550629284313
0 0.7636443661971831 0.11326291079812206 0.8117237480782583 0.4136659255218321
0 0.1817781690140845 0.5475352112676056 0.3058178793270184 0.9873547328572373
0 0.05193661971830986 0.539906103286385 0.16943136592441974 0.985598646653001
