0 0.0035211267605633804 0.6073943661971831 0.06998084457448918 0.9914275854658466
0 0.14348591549295775 0.11913145539906103 0.23541219810057526 0.47293478200974237
0 0.6351232394366197 0.636150234741784 0.7294739774474311 0.9749787850735083
0 0.06382042253521127 0.6150234741784038 0.15842261425064472 0.9215874275386278
0 0.46346830985915494 0.6156103286384976 0.5490917833143226 0.9855542192907051
0 0.3732394366197183 0.6267605633802817 0.460663186867685 0.9949373470872181
0 0.5550176056338029 0.6338028169014085 0.6331183901383655 0.9808487072670766
0 0.41725352112676056 0.11032863849765258 0.4839712792600675 0.4993483986863277
0 0.02068661971830986 0.107981220657277 0.08273737384695497 0.40017137252308843
0 0.628080985915493 0.15610328638497653 0.7052693305519738 0.4887581553483656
0 0.48899647887323944 0.10915492957746478 0.5675664628173973 0.501109650862924
0 0.565580985915493 0.1449530516431925 0.6221102196364809 0.49169897121382444
0 0.2539612676056338 0.11267605633802817 0.3225114607096806 0.49641274879322883
0 0.3336267605633803 0.11208920187793427 0.40610315723566753 0.5022816377923252
0 0.7253521126760564 0.14084507042253522 0.7980962358658996 0.5257389406863717
