0 0.5211267605633803 0.7570422535211268 0.6027635885736957 0.9314806090061496
0 0.11575704225352113 0.33392018779342725 0.22178003651309264 0.6400622534109194
0 0.28213028169014087 0.2981220657276995 0.3757561046295378 0.6529940598205823
0 0.002640845070422535 0.2963615023474178 0.10079109117734576 0.6394974404328947
0 0.40536971830985913 0.3075117370892019 0.500701861919758 0.5432467654125064
0 0.7720070422535211 0.011737089201877934 0.8940264053511208 0.20421846414952943
0 0.40360915492957744 0.7341549295774648 0.48353714385786545 0.9080198621305297
0 0.8701584507042254 0.3268779342723005 0.9234726415269787 0.44347014205735197
0 0.6712147887323944 0.3368544600938967 0.7532256977162269 0.44991968634971014
0 0.4326584507042254 0.017018779342723004 0.5178553439917676 0.15374588099803832
0 0.16593309859154928 0.004107981220657277 0.25652907874181713 0.16314312911900195
0 0.6663732394366197 0.0029342723004694834 0.764231349806586 0.15492785547400206
0 0.772887323943662 0.3315727699530516 0.8566140460722079 0.45696503945425293
0 0.167693661971831 0.7200704225352113 0.26665154328258284 0.9825586441182306
0 0.2772887323943662 0.727112676056338 0.36827584122693907 0.9807939479600608
0 0.6223591549295775 0.7300469483568075 0.7356415672733584 0.9825527893495558
0 0.746919014084507 0.7312206572769953 0.85222406733535 0.9878337906940863
0 0.28036971830985913 0.00528169014084507 0.380158287976096 0.15492647788137273
0 0.5435739436619719 0.0005868544600938967 0.6520494832994446 0.15962406874738258
