0 0.36025528169014087 0.8048708920187794 0.09286971830985916 0.2811032863849765
0 0.2462588028169014 0.801056338028169 0.09991197183098592 0.2793427230046948
0 0.7720070422535211 0.3333333333333333 0.09066901408450705 0.3075117370892019
0 0.22997359154929578 0.3198356807511737 0.10167253521126761 0.34507042253521125
0 0.4753521126760563 0.3403755868544601 0.09154929577464789 0.31338028169014087
0 0.5875880281690141 0.3345070422535211 0.08714788732394366 0.3204225352112676
0 0.3571742957746479 0.3198356807511737 0.09110915492957747 0.318075117370892
0 0.4892165492957746 0.7649647887323944 0.09463028169014084 0.3057511737089202
0 0.6727552816901409 0.3274647887323944 0.06029929577464789 0.2711267605633803
0 0.6060739436619719 0.7731807511737089 0.08890845070422536 0.3174882629107981
0 0.06910211267605634 0.32805164319248825 0.11443661971830986 0.36971830985915494
0 0.8639964788732394 0.7849178403755869 0.11091549295774648 0.3057511737089202
0 0.125 0.7511737089201878 0.09154929577464789 0.22065727699530516
0 0.9513644366197183 0.346537558685446 0.08846830985915492 0.33392018779342725
0 0.8580545774647887 0.3268779342723005 0.06205985915492958 0.25234741784037557
0 0.9702904929577465 0.7473591549295775 0.06998239436619719 0.22593896713615025
0 0.7108274647887324 0.8430164319248826 0.11267605633802817 0.27406103286384975
