0 0.47139084507042256 0.5487089201877934 0.5512890005083317 0.9239737623707818
0 0.8992077464788732 0.1467136150234742 0.9714352078580638 0.45120498027287353
0 0.8177816901408451 0.1467136150234742 0.8896048496082126 0.4470969990522163
0 0.7367957746478874 0.13849765258215962 0.8055735934090459 0.4482755295466067
0 0.34639084507042256 0.08744131455399061 0.41622077867734575 0.43832896636469837
0 0.16109154929577466 0.09096244131455399 0.24772839280400716 0.4265898107738764
0 0.2574823943661972 0.08274647887323944 0.32911202359402897 0.4218997966673279
0 0.659330985915493 0.15669014084507044 0.7180196606576077 0.4547202522647623
0 0.7196302816901409 0.5815727699530516 0.7791726979393969 0.9174990770129383
0 0.5620598591549296 0.57981220657277 0.6273934595690339 0.9239555092684432
0 0.4251760563380282 0.1396713615023474 0.48924948236956955 0.43301662478785075
0 0.5840669014084507 0.15023474178403756 0.6515915198497322 0.4424000969825211
0 0.4982394366197183 0.1437793427230047 0.5732842256000793 0.4429907398223457
0 0.2777288732394366 0.528755868544601 0.3304235348269193 0.8664737348189293
0 0.6408450704225352 0.5880281690140845 0.7026228674866098 0.9192558520134895
0 0.3314260563380282 0.5604460093896714 0.38585764698224556 0.8823002077409685
0 0.7922535211267606 0.5915492957746479 0.8583660855980957 0.9163195133240759
0 0.20158450704225353 0.5534037558685446 0.2736788800585201 0.895801993101016
0 0.38776408450704225 0.5616197183098591 0.47210045594872047 0.9222056222310387
0 0.14788732394366197 0.5522300469483568 0.20416026086094027 0.8928684095968613
0 0.866637323943662 0.5856807511737089 0.9173122194877009 0.8975436145826445
0 0.9454225352112676 0.6015258215962441 0.9982634583911921 0.9315718745178426
