0 0.3164612676056338 0.8711854460093896 0.25 0.22593896713615025
0 0.913512323943662 0.7634976525821596 0.17297535211267606 0.15258215962441316
0 0.9170334507042254 0.9275234741784038 0.16593309859154928 0.12617370892018778
0 0.5970510563380281 0.2420774647887324 0.08142605633802817 0.32335680751173707
0 0.6740757042253521 0.24735915492957747 0.0761443661971831 0.3315727699530516
0 0.5112235915492958 0.24178403755868544 0.07878521126760564 0.3274647887323944
0 0.36795774647887325 0.1880868544600939 0.05457746478873239 0.301056338028169
0 0.7473591549295775 0.24031690140845072 0.0721830985915493 0.3456572769953052
0 0.9007482394366197 0.2881455399061033 0.07526408450704225 0.289906103286385
0 0.6927816901408451 0.7432511737089202 0.2244718309859155 0.15199530516431925
0 0.23987676056338028 0.17253521126760563 0.058098591549295774 0.29225352112676056
0 0.4390404929577465 0.21919014084507044 0.06029929577464789 0.3257042253521127
0 0.30941901408450706 0.681631455399061 0.24031690140845072 0.13908450704225353
0 0.3023767605633803 0.1772300469483568 0.04841549295774648 0.2805164319248826
0 0.8252640845070423 0.24706572769953053 0.07042253521126761 0.33215962441314556
0 0.9722711267605634 0.289612676056338 0.05545774647887324 0.27992957746478875
0 0.6740757042253521 0.9058098591549296 0.21786971830985916 0.1414319248826291
0 0.5024207746478874 0.801349765258216 0.08846830985915492 0.1273474178403756
0 0.0741637323943662 0.8303990610328639 0.1430457746478873 0.3051643192488263
