0 0.4722711267605634 0.4782863849765258 0.6019048102435033 0.7039446676144503
0 0.3301056338028169 0.49295774647887325 0.4624427351963896 0.6992412219797659
0 0.02772887323943662 0.26173708920187794 0.09725892215086293 0.3531327833983557
0 0.5985915492957746 0.3374413145539906 0.6625886480856973 0.42409774570742137
0 0.43705985915492956 0.3386150234741784 0.5028886180197382 0.4323130193524213
0 0.2460387323943662 0.3438967136150235 0.32163466605088276 0.4381784643699443
0 0.5946302816901409 0.2335680751173709 0.6617101099112279 0.32850142718596403
0 0.10123239436619719 0.5176056338028169 0.21606459841797263 0.6951187760365007
0 0.8459507042253521 0.3568075117370892 0.9384480850773657 0.420565253807666
0 0.43882042253521125 0.23884976525821597 0.5050885473492362 0.3402354168044259
0 0.22227112676056338 0.5164319248826291 0.32604653559561597 0.6892509202318764
0 0.6742957746478874 0.2312206572769953 0.7492630740428486 0.3267422413983116
0 0.007482394366197183 0.5152582159624414 0.09154600246726839 0.6980544259295995
0 0.5154049295774648 0.2306338028169014 0.5798787830415593 0.3355454026978774
0 0.772887323943662 0.5164319248826291 0.9199943277623488 0.6951194648328153
0 0.12059859154929578 0.2705399061032864 0.18524621540864908 0.34901963620533843
0 0.25 0.2494131455399061 0.3203125 0.3443371988582512
0 0.75 0.2834507042253521 0.827574823943662 0.36074914864775504
0 0.7477992957746479 0.3609154929577465 0.8284560742536203 0.42349711532103423
0 0.8389084507042254 0.2805164319248826 0.9450532973368378 0.3548823260376028
0 0.9295774647887324 0.5052816901408451 0.9978302916088079 0.6904311727170535
0 0.0840669014084507 0.7629107981220657 0.1949453930891688 0.9778386673719941
0 0.21346830985915494 0.7664319248826291 0.308444776272069 0.9719680563821111
0 0.026848591549295774 0.3591549295774648 0.0928579011480857 0.44990659921973153
0 0.12015845070422536 0.34624413145539906 0.18172528237204918 0.43817708677731493
0 0.18529929577464788 0.2640845070422535 0.2433163295353105 0.3501971335052569
0 0.18397887323943662 0.3532863849765258 0.24683803746776434 0.4458020619806476
0 0.31954225352112675 0.3315727699530516 0.3929051310503868 0.43407771551059093
0 0.5176056338028169 0.3386150234741784 0.5789975327316009 0.4264444747514823
0 0.6716549295774648 0.3286384976525822 0.7426621237105733 0.4223423482994996
0 0.6241197183098591 0.48826291079812206 0.7594083980113072 0.6875068879631466
0 0.44938380281690143 0.7699530516431925 0.5939923486783376 0.999
0 0.7816901408450704 0.772887323943662 0.9318742560999802 0.999
0 0.31954225352112675 0.8890845070422535 0.4360389338672882 0.9953702555709846
0 0.007042253521126761 0.7775821596244131 0.0818630975996826 0.9572901513147744
