0 0.21566901408450703 0.0005868544600938967 0.35553887807478673 0.1942484818929225
0 0.38380281690140844 0.0005868544600938967 0.5266796642531244 0.23004660395865018
0 0.5519366197183099 0.004694835680751174 0.6744929856427296 0.24530240913399015
0 0.690580985915493 0.018192488262910797 0.7998721034392978 0.25761843163834336
0 0.8622359154929577 0.02992957746478873 0.950764860952688 0.25878525259538454
0 0.02596830985915493 0.2711267605633803 0.15095688014530848 0.5990192918071812
0 0.1500880281690141 0.28169014084507044 0.2763423908326721 0.6230741255041989
0 0.28213028169014087 0.2846244131455399 0.40832652716474904 0.6424386006965108
0 0.4163732394366197 0.29225352112676056 0.5359082864263043 0.5579270812669443
0 0.5440140845070423 0.3028169014084507 0.6555704163360444 0.6752917741188917
0 0.6747359154929577 0.30985915492957744 0.7818333028540965 0.6694190967400647
0 0.7944542253521126 0.3174882629107981 0.9147031451472921 0.6529826946813904
0 0.9185739436619719 0.38380281690140844 0.9969548530177543 0.5989531673609734
0 0.03169014084507042 0.6895539906103286 0.15227478426899424 0.9538206842778107
0 0.1544894366197183 0.6995305164319249 0.26621721415641736 0.9761152989927043
0 0.272887323943662 0.6936619718309859 0.37884115874826424 0.9866821232559677
0 0.4581866197183099 0.7059859154929577 0.5719814319455465 0.9203603369040535
0 0.38116197183098594 0.7059859154929577 0.4588991364560603 0.8364401491106263
0 0.6038732394366197 0.7136150234741784 0.7149630839615156 0.9896046860190879
0 0.7231514084507042 0.7147887323943662 0.8179035425138861 0.9884302883025855
0 0.827024647887324 0.7147887323943662 0.92173106309512 0.999
0 0.9401408450704225 0.7177230046948356 0.999 0.9907759841521744
