0 0.17165492957746478 0.23943661971830985 0.42862163075282683 0.553850095880447
0 0.0035211267605633804 0.2300469483568075 0.16461112626463004 0.5626584231523727
0 0.542693661971831 0.24706572769953053 0.6375252228600476 0.6336578252771716
0 0.6725352112676056 0.2605633802816901 0.7827145531640548 0.6213259604575813
0 0.7856514084507042 0.27230046948356806 0.8944605407533227 0.6172110912737773
0 0.9018485915492958 0.27523474178403756 0.97891643988048 0.6230779138839295
0 0.5462147887323944 0.6514084507042254 0.6194778984204523 0.8922233518481784
0 0.636443661971831 0.6801643192488263 0.7048255089515969 0.9027698566201591
0 0.7108274647887324 0.6754694835680751 0.7998631921369768 0.8951435038241972
0 0.8080985915492958 0.6754694835680751 0.8755246044931562 0.8816458512420375
0 0.8745598591549296 0.6789906103286385 0.9542805634422733 0.8875123294540325
0 0.2482394366197183 0.6203051643192489 0.47040130306486805 0.8106688349974652
0 0.00044014084507042255 0.6185446009389671 0.22579205979716327 0.8106698681919372
