0 0.0008802816901408451 0.26936619718309857 0.11487637311545329 0.5720250198373339
0 0.13996478873239437 0.2681924882629108 0.33972712817397344 0.5943261781172166
0 0.35651408450704225 0.3192488262910798 0.42501913992759377 0.5972304877779981
0 0.4278169014084507 0.3204225352112676 0.4817659256595913 0.606032615883092
0 0.5338908450704225 0.2136150234741784 0.62960656212805 0.6231140756904494
0 0.6351232394366197 0.20598591549295775 0.7197908788558818 0.6307476608477155
0 0.7222711267605634 0.22007042253521128 0.8179039299618132 0.6201760150102493
0 0.8169014084507042 0.21830985915492956 0.9261369271969848 0.6137216491436884
0 0.5369718309859155 0.6936619718309859 0.6159608398631223 0.999
0 0.6465669014084507 0.7012910798122066 0.7492752786525491 0.999
0 0.7671654929577465 0.6954225352112676 0.859257409554156 0.9972444703431859
0 0.8560739436619719 0.6965962441314554 0.924799263229022 0.993135800326214
0 0.9251760563380281 0.6983568075117371 0.9978322288484428 0.999
0 0.1795774647887324 0.6561032863849765 0.4228963127355683 0.9520797515924971
0 0.11839788732394366 0.7975352112676056 0.11834577557776234 0.7970671741717913
0 0.0008802816901408451 0.6426056338028169 0.17033411959432654 0.9655853253322754
