0 0.07724471830985916 0.21097417840375587 0.10167253521126761 0.4137323943661972
0 0.23877640845070422 0.22359154929577466 0.13424295774647887 0.39906103286384975
0 0.3798415492957746 0.23268779342723006 0.11619718309859155 0.40199530516431925
0 0.5292693661971831 0.21332159624413147 0.14656690140845072 0.4254694835680751
0 0.6815580985915493 0.21390845070422534 0.13336267605633803 0.42664319248826293
0 0.8305457746478874 0.21390845070422534 0.1426056338028169 0.4242957746478873
0 0.9665492957746479 0.2972417840375587 0.06690140845070422 0.26936619718309857
0 0.23745598591549297 0.704518779342723 0.07350352112676056 0.3703051643192488
0 0.0897887323943662 0.761443661971831 0.10475352112676056 0.4665492957746479
0 0.3457306338028169 0.7564553990610329 0.13424295774647887 0.43779342723004694
0 0.4918573943661972 0.7652582159624414 0.14656690140845072 0.426056338028169
0 0.6346830985915493 0.7737676056338029 0.12764084507042253 0.4242957746478873
0 0.7764084507042254 0.7546948356807511 0.13996478873239437 0.43779342723004694
0 0.9253961267605634 0.7482394366197183 0.14920774647887325 0.4460093896713615
