0 0.6331426056338029 0.24442488262910797 0.1131161971830986 0.3714788732394366
0 0.46258802816901406 0.6584507042253521 0.11971830985915492 0.35093896713615025
0 0.5059419014084507 0.22652582159624413 0.13424295774647887 0.3626760563380282
0 0.7566021126760564 0.24442488262910797 0.13468309859154928 0.36561032863849763
0 0.5754841549295775 0.6575704225352113 0.1034330985915493 0.35269953051643194
0 0.2205105633802817 0.6552230046948356 0.10475352112676056 0.31161971830985913
0 0.10123239436619719 0.6449530516431925 0.09066901408450705 0.3380281690140845
0 0.3402288732394366 0.6455399061032864 0.11883802816901408 0.36971830985915494
0 0.15074823943661972 0.21390845070422534 0.14568661971830985 0.3515258215962441
0 0.6890404929577465 0.6666666666666666 0.11839788732394366 0.35563380281690143
0 0.0409330985915493 0.2062793427230047 0.07482394366197183 0.36678403755868544
0 0.02222711267605634 0.6493544600938967 0.04357394366197183 0.29284037558685444
