0 0.10607394366197183 0.20598591549295775 0.20417866463747272 0.47875235568339614
0 0.20642605633802816 0.2153755868544601 0.2807190026160484 0.4799205542330667
0 0.28080985915492956 0.20950704225352113 0.36299260129438604 0.4787502892944521
0 0.36883802816901406 0.2153755868544601 0.41268977199464396 0.472291446251846
0 0.46170774647887325 0.18544600938967137 0.538089037083416 0.5838113579757103
0 0.5448943661971831 0.18661971830985916 0.6577707331134696 0.5791158334986445
0 0.7099471830985915 0.20305164319248825 0.7782966781764531 0.5521108851859199
0 0.7887323943661971 0.2106807511737089 0.8561669311644515 0.572059459653067
0 0.855193661971831 0.22007042253521128 0.921718664761456 0.565598550221517
0 0.12279929577464789 0.5762910798122066 0.20769242988742312 0.7731359794132558
0 0.21214788732394366 0.5762910798122066 0.2886390194157905 0.7790045240141947
0 0.28433098591549294 0.534037558685446 0.35198753037591746 0.7807898840618043
0 0.029049295774647887 0.6484741784037559 0.1241069325282682 0.7642908015384954
0 0.49295774647887325 0.664906103286385 0.5944133108510217 0.999
0 0.6012323943661971 0.6754694835680751 0.6916367815165642 0.999
0 0.6949823943661971 0.6772300469483568 0.7796236873264233 0.9943208743855937
0 0.7821302816901409 0.6713615023474179 0.867613498995735 0.999
0 0.8688380281690141 0.6619718309859155 0.9507619550932354 0.9925692653574026
