0 0.42099471830985913 0.7632042253521126 0.2777288732394366 0.2857981220657277
0 0.6859595070422535 0.7344483568075117 0.230193661971831 0.2494131455399061
0 0.905149647887324 0.6974765258215962 0.18265845070422534 0.18485915492957747
0 0.9242957746478874 0.426056338028169 0.15140845070422534 0.22300469483568075
0 0.5162852112676056 0.4363262910798122 0.23591549295774647 0.23767605633802816
0 0.3265845070422535 0.4410211267605634 0.13908450704225353 0.24354460093896713
0 0.4022887323943662 0.1613849765258216 0.4551056338028169 0.2347417840375587
0 0.7046654929577465 0.19718309859154928 0.05985915492957746 0.11150234741784038
0 0.7836707746478874 0.2039319248826291 0.07526408450704225 0.10974178403755869
0 0.9170334507042254 0.16784037558685447 0.16593309859154928 0.07981220657276995
0 0.9456426056338029 0.06836854460093897 0.10871478873239436 0.08509389671361503
0 0.06470070422535211 0.8629694835680751 0.12059859154929578 0.18485915492957747
0 0.05413732394366197 0.6349765258215962 0.09683098591549295 0.18661971830985916
0 0.045994718309859156 0.3931924882629108 0.09110915492957747 0.1772300469483568
0 0.905149647887324 0.8999413145539906 0.18970070422535212 0.198943661971831
