0 0.5272887323943662 0.4166666666666667 0.6406129891142631 0.5449432707355243
0 0.6474471830985915 0.3949530516431925 0.7483946095144812 0.5408480322466883
0 0.5154049295774648 0.7910798122065728 0.7673787830415593 0.8504747184200665
0 0.4044894366197183 0.15786384976525822 0.5051036578183892 0.30917965736516123
0 0.7473591549295775 0.37265258215962443 0.8451816200902599 0.52325548557385
0 0.24163732394366197 0.39436619718309857 0.3335204061074192 0.5531723203068174
0 0.6892605633802817 0.5880281690140845 0.8020733888365404 0.7332229881637241
0 0.2852112676056338 0.5938967136150235 0.3814765795477088 0.7361538164826202
0 0.4432218309859155 0.36678403755868544 0.5262133706729816 0.5279537652361745
0 0.10299295774647887 0.18016431924882628 0.19493706295873833 0.32677220403799956
0 0.8331866197183099 0.11032863849765258 0.9318515903962508 0.3021653000947784
0 0.2984154929577465 0.1437793427230047 0.392034148110494 0.3091879229209372
0 0.7275528169014085 0.14788732394366197 0.838588224992561 0.3033169675328969
0 0.5162852112676056 0.12441314553990611 0.6238924801006744 0.3150678326610681
0 0.08934859154929578 0.5985915492957746 0.17073532192273358 0.7349773523771738
0 0.3397887323943662 0.3755868544600939 0.43162861411426307 0.5326434349445657
0 0.20202464788732394 0.8374413145539906 0.3260554468979369 0.8786165250501443
0 0.5818661971830986 0.5927230046948356 0.6832826293146201 0.7431967588000618
0 0.1817781690140845 0.6056338028169014 0.27676858355237055 0.728517820538253
0 0.0022007042253521128 0.21244131455399062 0.08846734123933743 0.32968753443981574
0 0.04005281690140845 0.4137323943661972 0.13114434295030747 0.5525741007075315
0 0.9326584507042254 0.142018779342723 0.999 0.30038613921400076
0 0.7992957746478874 0.8421361502347418 0.9490320000991866 0.8674635351231017
0 0.7935739436619719 0.8708920187793427 0.9930486030177543 0.966038208909167
0 0.15184859154929578 0.9078638497652582 0.3141937286128744 0.9325658075999029
0 0.12764084507042253 0.9395539906103286 0.30584170737452887 0.9918195105688906
0 0.2051056338028169 0.20833333333333334 0.2886421189992065 0.3226476917057903
0 0.15977112676056338 0.41960093896713613 0.23452474862378495 0.5496363844254888
0 0.8485915492957746 0.36678403755868544 0.9507708663955565 0.519150948334766
0 0.9476232394366197 0.3503521126760563 0.999 0.5232685727038285
0 0.011443661971830986 0.6555164319248826 0.08494214627554056 0.7343570912958187
0 0.5162852112676056 0.9002347417840375 0.7911460012274351 0.9818660594238356
0 0.514524647887324 0.852112676056338 0.7841045226021622 0.9102980559412815
0 0.15933098591549297 0.8773474178403756 0.31859184375619914 0.906175265599859
