0 0.21654929577464788 0.0005868544600938967 0.3709434202043246 0.1701874490290727
0 0.42649647887323944 0.02112676056338028 0.5460270702117634 0.17604393969450505
0 0.6588908450704225 0.0029342723004694834 0.7409071783252331 0.18074945171813353
0 0.7447183098591549 0.0005868544600938967 0.8209750359551676 0.17899026593048117
0 0.8283450704225352 0.0017605633802816902 0.8944417495288634 0.181923849434636
0 0.9106514084507042 0.0017605633802816902 0.9701097484998017 0.181923849434636
0 0.21566901408450703 0.25586854460093894 0.37006352596211073 0.3566573541404924
0 0.18705985915492956 0.357981220657277 0.36435428703382267 0.4616443772179241
0 0.3710387323943662 0.26173708920187794 0.5086395076001786 0.4558323139147876
0 0.516725352112676 0.35093896713615025 0.6577831314471335 0.4499114207939342
0 0.6659330985915493 0.27699530516431925 0.7457456280375918 0.46345246754391767
0 0.746919014084507 0.2904929577464789 0.8086501236733783 0.4681393820670502
0 0.8045774647887324 0.23943661971830985 0.8935719289327514 0.4693430536269259
0 0.894806338028169 0.24237089201877934 0.9529512296047412 0.4681676227159514
0 0.21786971830985916 0.5404929577464789 0.3960308672014481 0.779025532301792
0 0.394806338028169 0.5387323943661971 0.5742100324216425 0.7749185842756067
0 0.21654929577464788 0.8339201877934272 0.3938307441479865 0.999
0 0.3926056338028169 0.8380281690140845 0.6094222686470938 0.999
0 0.6069542253521126 0.835093896713615 0.7946272208515175 0.999
0 0.8371478873239436 0.8339201877934272 0.9529766074439594 0.9989237557583373
0 0.7931338028169014 0.835093896713615 0.8315171066008727 0.999
