0 0.18970070422535212 0.1789906103286385 0.3361841106055346 0.2980170242897132
0 0.34066901408450706 0.1807511737089202 0.5121740013142233 0.3126873525975887
0 0.1624119718309859 0.2981220657276995 0.3067066848715532 0.5731818532478123
0 0.3058978873239437 0.31161971830985913 0.5121893055073399 0.6019298006347946
0 0.5110035211267606 0.18368544600938966 0.5944053681685182 0.6125682597147832
0 0.5911091549295775 0.1789906103286385 0.6709546174494148 0.6108104515197602
0 0.6712147887323944 0.17488262910798122 0.7637890779979171 0.6213762425885516
0 0.769806338028169 0.16842723004694835 0.8359287824216425 0.6108166506865922
0 0.8340669014084507 0.15669014084507044 0.9204075409764928 0.61551837433049
0 0.922975352112676 0.15082159624413147 0.9938719298626265 0.6243246352134717
0 0.00044014084507042255 0.6713615023474179 0.08802797529012102 0.9051224404328947
0 0.10035211267605634 0.6684272300469484 0.21782554924618133 0.9086452891842447
0 0.2130281690140845 0.6637323943661971 0.29304004041856774 0.899258373008001
0 0.29005281690140844 0.6684272300469484 0.39159768802073003 0.9385748666490334
0 0.3970070422535211 0.6725352112676056 0.4976245567595715 0.9268353666600543
0 0.4977992957746479 0.6801643192488263 0.6045344193240428 0.9385679786858868
0 0.6047535211267606 0.6742957746478874 0.7149626965135886 0.9268343334655823
0 0.7121478873239436 0.6742957746478874 0.8121865546270581 0.9462005306486808
0 0.815580985915493 0.687793427230047 0.9067713111857767 0.9397372104300293
0 0.909330985915493 0.6895539906103286 0.9916772310801428 0.9356281960149
0 0.06426056338028169 0.39436619718309857 0.13069354728724458 0.5549328836870991
0 0.05765845070422535 0.551056338028169 0.05763307286500694 0.5595357650598426
0 0.00044014084507042255 0.3984741784037559 0.05281670768448721 0.5490619282990589
