0 0.5717429577464789 0.5616197183098591 0.6207870849657806 0.8089427114329167
0 0.5669014084507042 0.1789906103286385 0.6225497793096607 0.46057570973572265
0 0.46170774647887325 0.17018779342723006 0.5138812906045428 0.45471233110714365
0 0.522887323943662 0.5598591549295775 0.56975225029756 0.7983803643456986
0 0.12411971830985916 0.16842723004694835 0.17688198956060305 0.46703730796358744
0 0.22975352112676056 0.19248826291079812 0.2683847915840111 0.4453095726156627
0 0.40184859154929575 0.17781690140845072 0.45712946804949417 0.46351067083250674
0 0.5189260563380281 0.176056338028169 0.5697539938132316 0.46703283078754215
0 0.477112676056338 0.5686619718309859 0.5129942285756794 0.8030700340540897
0 0.417693661971831 0.5475352112676056 0.46328446581779414 0.8060167046882233
0 0.6205985915492958 0.15492957746478872 0.6718219196340013 0.45120015869867086
0 0.1756161971830986 0.17136150234741784 0.22791566188504264 0.44590882540942056
0 0.6302816901408451 0.602112676056338 0.6748986436222971 0.7942475864577134
0 0.167693661971831 0.005868544600938967 0.21955647286004762 0.11619373911701823
0 0.2323943661971831 0.0029342723004694834 0.28907024895854 0.1115006254270537
0 0.29313380281690143 0.0029342723004694834 0.34978295167129536 0.11032691650686592
0 0.13512323943661972 0.6490610328638498 0.17907785068686768 0.7378820064361128
0 0.6430457746478874 0.0017605633802816902 0.6969000678808769 0.11091445976327448
0 0.10871478873239436 0.011150234741784037 0.16632538961763538 0.11443007615332054
0 0.3644366197183099 0.0035211267605633804 0.40917058247371557 0.10915286318852079
0 0.5752640845070423 0.0029342723004694834 0.6273876478501289 0.10387151744583305
0 0.05237676056338028 0.2535211267605634 0.09460722853848443 0.45818455332936586
0 0.7081866197183099 0.0005868544600938967 0.7571706925089268 0.11326256639996474
0 0.5044014084507042 0.004694835680751174 0.555235738816703 0.10563104763164276
0 0.909330985915493 0.4272300469483568 0.9965187803759176 0.5795614847142322
0 0.4194542253521127 0.0029342723004694834 0.4712062261332077 0.1115006254270537
0 0.8529929577464789 0.6637323943661971 0.9485682249305692 0.8288358377967334
0 0.6822183098591549 0.15786384976525822 0.7254919813777029 0.46645665267032554
0 0.09419014084507042 0.24530516431924881 0.12495854307181116 0.4558419570631929
0 0.09551056338028169 0.6578638497652582 0.1377220464069629 0.7437453850646917
0 0.045774647887323945 0.6713615023474179 0.08756788087681015 0.7589956798695143
0 0.679137323943662 0.5868544600938967 0.7162503796989684 0.8018856487910246
0 0.8908450704225352 0.008802816901408451 0.9467910012894267 0.073938495999471
0 0.003961267605633803 0.6731220657276995 0.04885389028714541 0.7830556795388922
0 0.8534330985915493 0.43896713615023475 0.9080750734601268 0.5883574136524939
0 0.05413732394366197 0.011737089201877934 0.10428955223417972 0.1173640040556327
0 0.7381161971830986 0.14847417840375587 0.8381434347723666 0.2105936184399039
0 0.8846830985915493 0.1789906103286385 0.9859662486361832 0.3795897942427649
0 0.16153169014084506 0.8397887323943662 0.2402458047138465 0.9912912037955433
0 0.488556338028169 0.8503521126760564 0.5446793325976989 0.9942192769291807
0 0.09110915492957747 0.8339201877934272 0.1478472230832176 0.983078685335802
0 0.24031690140845072 0.8491784037558685 0.28554563516663356 0.9924594023452138
0 0.417693661971831 0.8503521126760564 0.4861717897614561 0.999
0 0.2913732394366197 0.8532863849765259 0.3475830223417972 0.9959781183186757
0 0.027288732394366196 0.8480046948356808 0.07965348207200952 0.977788729639181
0 0.5506161971830986 0.8562206572769953 0.6168351161103948 0.9936289784875135
0 0.35079225352112675 0.8444835680751174 0.4118174329870065 0.9936358664506602
0 0.6201584507042254 0.8632629107981221 0.6700615499776831 0.999
0 0.00044014084507042255 0.004694835680751174 0.05193642599434636 0.12206297251427187
0 0.29005281690140844 0.6062206572769953 0.41756599787988496 0.783681795388922
0 0.20774647887323944 0.6097417840375586 0.27983813975401706 0.749055315854438
