0 0.061179577464788734 0.1255868544600939 0.13773715687611585 0.32504366968634973
0 0.272887323943662 0.6038732394366197 0.36167566579051774 0.7138474922303776
0 0.45774647887323944 0.11678403755868545 0.5350097946835944 0.278100478851198
0 0.547975352112676 0.13028169014084506 0.6348820531020631 0.2833742478344244
0 0.8824823943661971 0.11913145539906103 0.9723228510588178 0.2910098993806344
0 0.6496478873239436 0.12793427230046947 0.7422316690636779 0.2780939352862086
0 0.355193661971831 0.12323943661971831 0.44878732673328703 0.2962891787343781
0 0.1487676056338028 0.12323943661971831 0.25037466214540766 0.31741593929775835
0 0.8428697183098591 0.6232394366197183 0.9036783143845467 0.7461131223963499
0 0.1483274647887324 0.36971830985915494 0.22572696854542748 0.5297126066256694
0 0.8098591549295775 0.5158450704225352 0.9138160831184289 0.5765752082920056
0 0.3956866197183099 0.3796948356807512 0.4707765463821662 0.5349884419978399
0 0.4784330985915493 0.3796948356807512 0.5552471685305496 0.5467255311997179
0 0.28125 0.1273474178403756 0.3449466329225352 0.28278911536511714
0 0.5699823943661971 0.3855633802816901 0.6269498316926205 0.5566986130397408
0 0.16637323943661972 0.6062206572769953 0.25960987093334653 0.7161935324781239
0 0.9141725352112676 0.6244131455399061 0.9595448184264034 0.753741541581256
0 0.7689260563380281 0.11795774647887323 0.8640981839540766 0.2775129355947894
0 0.9625880281690141 0.6232394366197183 0.999 0.7431788500958805
0 0.7561619718309859 0.6150234741784038 0.8403361963152152 0.7355545636888625
0 0.9172535211267606 0.7946009389671361 0.9815505046121801 0.9027026989794794
0 0.8565140845070423 0.8814553990610329 0.9133554075332275 0.9572291928409267
0 0.4040492957746479 0.8245305164319249 0.45580807689446534 0.9490466370208733
0 0.6056338028169014 0.8204225352112676 0.6687475203332671 0.9197063248032797
0 0.6773767605633803 0.812793427230047 0.7580645348765126 0.926166201040358
0 0.5462147887323944 0.806924882629108 0.5979109970120016 0.9068034478388327
0 0.7627640845070423 0.8169014084507042 0.8275692059487204 0.9279243536335383
0 0.48063380281690143 0.8421361502347418 0.5442426787839714 0.9108907651700501
0 0.3261443661971831 0.8169014084507042 0.40038461955713156 0.9326191893142894
0 0.36311619718309857 0.5944835680751174 0.4298577833639159 0.7308717819436179
0 0.4762323943661972 0.6514084507042254 0.4760227850376909 0.6510261687495867
0 0.4467429577464789 0.602112676056338 0.5130075955291609 0.7355621404483238
0 0.5202464788732394 0.6032863849765259 0.5798766520779607 0.7373220150322907
0 0.59375 0.6396713615023474 0.655548525528169 0.7373006623465361
0 0.664612676056338 0.6473004694835681 0.7378236739982147 0.7431647297714299
0 0.46830985915492956 0.7764084507042254 0.546008666435231 0.8363988213317464
0 0.8939260563380281 0.352112676056338 0.9868424621230907 0.5056619057065397
