0 0.5338908450704225 0.1396713615023474 0.6278459987477684 0.3191668595296348
0 0.19410211267605634 0.4025821596244131 0.27412231421097005 0.5836839306574974
0 0.6443661971830986 0.12969483568075119 0.7470755430470145 0.32973609457999953
0 0.0022007042253521128 0.40316901408450706 0.10035114405623885 0.6341530698274152
0 0.679137323943662 0.3855633802816901 0.7703877036426304 0.5748911013026515
0 0.19014084507042253 0.1267605633802817 0.29657124082523306 0.32973781657078627
0 0.28213028169014087 0.3914319248826291 0.3700342736436223 0.5866247465229562
0 0.3789612676056338 0.39906103286384975 0.4813472881744693 0.5807517247459719
0 0.301056338028169 0.13673708920187794 0.4140400280202341 0.3232765627410787
0 0.4220950704225352 0.13673708920187794 0.5200606975922436 0.31916858152042143
0 0.02464788732394366 0.14612676056338028 0.1047426725848046 0.3232710523705614
0 0.17693661971830985 0.6367370892018779 0.3397108553610395 0.8241568444312195
0 0.10959507042253522 0.1414319248826291 0.1817299317471732 0.31916582633516277
0 0.7592429577464789 0.12206572769953052 0.8627820233460624 0.33091428067623263
0 0.35563380281690143 0.6338028169014085 0.5130476963896052 0.8270928387224757
0 0.690580985915493 0.6349765258215962 0.8394847794956358 0.8259184410059732
0 0.10519366197183098 0.4061032863849765 0.19493609433892084 0.6241748220150324
0 0.5101232394366197 0.6285211267605634 0.6868353330812339 0.8317907739866429
0 0.7750880281690141 0.3902582159624413 0.8244827957622496 0.5719540738169234
0 0.9172535211267606 0.13204225352112675 0.999 0.3179976277854923
0 0.43221830985915494 0.8791079812206573 0.5345808898284071 0.9983103826401287
0 0.3217429577464789 0.8714788732394366 0.420633035670006 0.999
0 0.016725352112676055 0.9043427230046949 0.11310883567248561 0.999
0 0.125 0.92018779342723 0.20813160211267606 0.999
0 0.2169894366197183 0.8697183098591549 0.3159256208465582 0.9989027474707399
0 0.7244718309859155 0.8726525821596244 0.8267057782434041 0.9989010254799533
0 0.5418133802816901 0.8832159624413145 0.627402370871355 0.999
0 0.6430457746478874 0.8773474178403756 0.7219880960498909 0.999
