0 0.7966549295774648 0.015258215962441314 0.9384697821612775 0.3626671019859375
0 0.6518485915492958 0.5469483568075117 0.8597483060776632 0.7397024950957702
0 0.11575704225352113 0.06279342723004695 0.21605820552717717 0.366160332495757
0 0.5330105633802817 0.5029342723004695 0.6164027242238643 0.882333958760387
0 0.027288732394366196 0.4677230046948357 0.12630841164947432 0.8266034489409068
0 0.4185739436619718 0.4818075117370892 0.5152206980881769 0.8911491739954595
0 0.02420774647887324 0.04107981220657277 0.10122173954820472 0.35032800480504306
0 0.16461267605633803 0.4800469483568075 0.24552613878694704 0.8248356531993211
0 0.3045774647887324 0.04342723004694836 0.37882721062289226 0.35502146289316494
0 0.6549295774647887 0.7699530516431925 0.8557856824042849 0.9015434547818996
0 0.230193661971831 0.03051643192488263 0.3013951612403293 0.33448913354933985
0 0.3983274647887324 0.02171361502347418 0.4615324262919064 0.3215835013996341
0 0.25044014084507044 0.49061032863849763 0.31503061613519145 0.752059500980846
0 0.49119718309859156 0.04342723004694836 0.6419492970144812 0.35678202627344663
