0 0.6571302816901409 0.33039906103286387 0.7545523194182702 0.5555572775463422
0 0.19674295774647887 0.3403755868544601 0.2472725603178933 0.5479223147964469
0 0.53125 0.05868544600938967 0.5807520906690141 0.23353363530163768
0 0.47491197183098594 0.04225352112676056 0.5279599859278913 0.2576043113138927
0 0.3076584507042254 0.3550469483568075 0.35769909399176747 0.5655193386453304
0 0.8111795774647887 0.022300469483568074 0.8636394456085102 0.24118409596861293
0 0.702024647887324 0.04518779342723005 0.7510114328134299 0.2405838099803831
0 0.5972711267605634 0.07981220657276995 0.6458638771449118 0.22354471114637747
0 0.37059859154929575 0.05516431924882629 0.4170904055494941 0.2617047157750887
0 0.41505281690140844 0.34330985915492956 0.4654863323869272 0.5496811561859419
0 0.4238556338028169 0.051056338028169015 0.4690035846682206 0.24997003736031212
0 0.653169014084507 0.06631455399061033 0.6964554713846459 0.2458531017875642
0 0.3613556338028169 0.3392018779342723 0.4131332061470938 0.5661154918556723
0 0.23899647887323944 0.636150234741784 0.29038776563429874 0.7719271418810201
0 0.25880281690140844 0.34683098591549294 0.30446355509819484 0.549092235336904
0 0.4735915492957746 0.3444835680751174 0.5173971868180917 0.5443987772487822
0 0.3085387323943662 0.6343896713615024 0.38586772062834757 0.7742755929158677
0 0.3204225352112676 0.06455399061032864 0.3625350252926007 0.26287291432475923
0 0.5334507042253521 0.3532863849765258 0.6274060516266614 0.5402856300557649
0 0.272887323943662 0.056338028169014086 0.31237989114263043 0.26053031805858623
0 0.8697183098591549 0.04870892018779343 0.912909454969252 0.23530005345059402
0 0.14348591549295775 0.34330985915492956 0.19095797274846263 0.5127093252000264
0 0.09903169014084508 0.3503521126760563 0.13992120084060702 0.4704516712953779
0 0.10035211267605634 0.16549295774647887 0.2094628731898433 0.2563582787806652
0 0.4128521126760563 0.6273474178403756 0.48441335734477287 0.7789745613745068
0 0.18529929577464788 0.6443661971830986 0.2305522450282682 0.7537298320439066
0 0.01584507042253521 0.7822769953051644 0.062052885092243604 0.9021230768806894
0 0.14920774647887325 0.636150234741784 0.18787446842144417 0.76136376159933
0 0.5704225352112676 0.06279342723004695 0.6097841450109105 0.21709929963190727
0 0.21038732394366197 0.09448356807511737 0.251667963325729 0.2522919697370451
0 0.10651408450704225 0.6508215962441315 0.1509214286599881 0.7683974051665233
0 0.7618838028169014 0.031103286384976527 0.8055625511431264 0.2482211835173797
0 0.9124119718309859 0.29870892018779344 0.9868343257166238 0.5162566262205471
0 0.886443661971831 0.647887323943662 0.9850851920501884 0.8088920849037889
0 0.491637323943662 0.784037558685446 0.5697660046989684 0.9572863629350438
0 0.19762323943661972 0.7975352112676056 0.2833637221657409 0.940846516894796
0 0.28433098591549294 0.789906103286385 0.38499809375619914 0.9555223555731888
0 0.7786091549295775 0.7875586854460094 0.8544108234353303 0.9402655172033768
0 0.09463028169014084 0.8139671361502347 0.17953581413658007 0.9402500192862968
0 0.8868838028169014 0.8403755868544601 0.9947680969177742 0.9795537701955079
0 0.40316901408450706 0.7922535211267606 0.47561480237056136 0.9426101798584937
0 0.6179577464788732 0.7699530516431925 0.6986716735270779 0.9191490885847164
