0 0.5070422535211268 0.5158450704225352 0.6199352806982742 0.8066221566488131
0 0.647887323943662 0.5686619718309859 0.7329894862130529 0.7807695645705217
0 0.9000880281690141 0.4061032863849765 0.9481073556214044 0.6077428971324033
0 0.8397887323943662 0.4014084507042254 0.8961972760860941 0.6147879058387886
0 0.352112676056338 0.29870892018779344 0.41137671097004563 0.4205993492252419
0 0.49955985915492956 0.11443661971830986 0.5842871655549494 0.26166993156119817
0 0.4212147887323944 0.27875586854460094 0.4883709441951002 0.41591622308184
0 0.5902288732394366 0.12265258215962441 0.6691944415170601 0.24053834942361524
0 0.23591549295774647 0.13321596244131456 0.3181179949414799 0.26048520189997576
0 0.7852112676056338 0.7294600938967136 0.8368022837730609 0.86459538726884
0 0.13424295774647887 0.13262910798122066 0.21693035081085102 0.2728094899601049
0 0.49559859154929575 0.27816901408450706 0.5759262330142829 0.40417947827811945
0 0.1742957746478873 0.5064553990610329 0.23231765150763736 0.7925431599770769
0 0.22315140845070422 0.2963615023474178 0.30139826082374527 0.4153190366770262
0 0.38380281690140844 0.4818075117370892 0.43336980509819484 0.791383915779497
0 0.9537852112676056 0.7206572769953051 0.999 0.8552108818796976
0 0.13468309859154928 0.29401408450704225 0.20900762187561991 0.42177581333068836
0 0.7904929577464789 0.1813380281690141 0.8416415083812736 0.2956682288567083
0 0.8622359154929577 0.11795774647887323 0.9173141567273358 0.30450824075910865
0 0.5977112676056338 0.289906103286385 0.6757932608857369 0.4000646090943155
0 0.022887323943661973 0.2634976525821596 0.08581739114263044 0.4212068675747757
0 0.6857394366197183 0.2676056338028169 0.7470573329944455 0.3959697150036368
0 0.8996478873239436 0.7259389671361502 0.9432660000495933 0.846991819854967
0 0.4375 0.5041079812206573 0.4905644806338028 0.7855022840485795
0 0.31954225352112675 0.49061032863849763 0.3700178071067248 0.7796416606052591
0 0.2367957746478873 0.5123239436619719 0.2978711286203134 0.8001688239767242
0 0.03301056338028169 0.48826291079812206 0.09153476647738544 0.8001829443011749
0 0.9119718309859155 0.07922535211267606 0.9604260687363619 0.2927938818356146
0 0.8446302816901409 0.732981220657277 0.887392328221087 0.8827858091428068
0 0.9493838028169014 0.4055164319248826 0.9894588979741122 0.6042221147699971
0 0.7852112676056338 0.5234741784037559 0.8288797485617933 0.6329087592849743
0 0.7852112676056338 0.4137323943661972 0.8337212978575679 0.5226445232427428
0 0.9700704225352113 0.09154929577464789 0.999 0.2722467433710243
0 0.698943661971831 0.8873239436619719 0.758935324092442 0.9842210540236725
0 0.6461267605633803 0.8843896713615024 0.6924973033624281 0.999
0 0.29225352112676056 0.8738262910798122 0.35770587433048995 0.9854026841014789
0 0.42869718309859156 0.8926056338028169 0.4830859607468756 0.9977156070224162
0 0.20774647887323944 0.8773474178403756 0.2604719425709185 0.9924428712336617
0 0.8882042253521126 0.8955399061032864 0.973200614337433 0.9906716315105027
0 0.10915492957746478 0.8697183098591549 0.16236392828803808 0.9906867850294254
0 0.5801056338028169 0.9143192488262911 0.6366284746330093 0.999
0 0.16637323943661972 0.8726525821596244 0.20899367375024797 0.9918587719588265
0 0.03389084507042254 0.869131455399061 0.08361184381819083 0.9877528571271131
0 0.778169014084507 0.9061032863849765 0.8623335523705613 0.9871443055831074
0 0.4894366197183099 0.9160798122065728 0.5495204944455465 0.985964741894245
0 0.38028169014084506 0.8679577464788732 0.4408537492561 0.9854061280830523
0 0.11707746478873239 0.5041079812206573 0.16588156801725848 0.7960656643302696
