0 0.011003521126760563 0.01056338028169014 0.16812895971781391 0.17018159426039808
0 0.17913732394366197 0.008802816901408451 0.40176974589615155 0.17018262745487006
0 0.40625 0.004694835680751174 0.6397859815140845 0.17605358284291034
0 0.6558098591549296 0.0017605633802816902 0.8676690977732593 0.1789895771341665
0 0.005721830985915493 0.30985915492957744 0.12983903088424917 0.6166021953316141
0 0.1329225352112676 0.30985915492957744 0.26842741085598093 0.6242313033128347
0 0.27508802816901406 0.306924882629108 0.4149317394242214 0.6230593163834336
0 0.42077464788732394 0.306924882629108 0.5596739548204721 0.6166039173224007
0 0.5642605633802817 0.3028169014084507 0.6846108008083713 0.5990006943066851
0 0.7130281690140845 0.27699530516431925 0.8302319418270184 0.5461989464171572
0 0.90625 0.2934272300469484 0.9969602772887324 0.601940476977672
0 0.8428697183098591 0.27992957746478875 0.8909142298775045 0.5373944075249619
0 0.2720070422535211 0.7617370892018779 0.4149330954919659 0.9749050838678393
0 0.0044014084507042256 0.7582159624413145 0.09902975290121008 0.9807756948577223
0 0.45026408450704225 0.7030516431924883 0.5618616795402698 0.9297517302563424
0 0.5699823943661971 0.7030516431924883 0.686808986622198 0.9338597114769996
0 0.8080985915492958 0.7089201877934272 0.9375844636480857 0.9373773942559898
