0 0.48525528169014087 0.6396713615023474 0.0664612676056338 0.15845070422535212
0 0.7136883802816901 0.6804577464788732 0.04445422535211268 0.24002347417840375
0 0.6553697183098591 0.6822183098591549 0.056338028169014086 0.24354460093896713
0 0.5677816901408451 0.6197183098591549 0.04225352112676056 0.13497652582159625
0 0.4898767605633803 0.3268779342723005 0.04841549295774648 0.11032863849765258
0 0.39172535211267606 0.31778169014084506 0.043133802816901406 0.10152582159624413
0 0.42891725352112675 0.3286384976525822 0.042693661971830985 0.11267605633802817
0 0.37764084507042256 0.6602112676056338 0.0721830985915493 0.20774647887323944
0 0.6683538732394366 0.386443661971831 0.04709507042253521 0.13673708920187794
0 0.5994718309859155 0.38967136150234744 0.0448943661971831 0.13028169014084506
0 0.579225352112676 0.19190140845070422 0.03873239436619718 0.09859154929577464
0 0.5349911971830986 0.20011737089201878 0.03653169014084507 0.10446009389671361
0 0.24119718309859156 0.6446596244131455 0.09154929577464789 0.13204225352112675
0 0.320862676056338 0.6294014084507042 0.03961267605633803 0.16607981220657278
0 0.3362676056338028 0.31015258215962443 0.040492957746478875 0.09683098591549295
0 0.5389524647887324 0.34683098591549294 0.04005281690140845 0.10446009389671361
0 0.2748679577464789 0.323943661971831 0.04621478873239437 0.10446009389671361
0 0.4284771126760563 0.6396713615023474 0.04005281690140845 0.18192488262910797
0 0.9564260563380281 0.602112676056338 0.07746478873239436 0.2136150234741784
0 0.8657570422535211 0.24618544600938966 0.11707746478873239 0.10974178403755869
0 0.8257042253521126 0.920774647887324 0.05545774647887324 0.13262910798122066
0 0.11663732394366197 0.9419014084507042 0.09683098591549295 0.09859154929577464
0 0.44850352112676056 0.9468896713615024 0.10387323943661972 0.09565727699530517
0 0.6978433098591549 0.9325117370892019 0.04709507042253521 0.0892018779342723
0 0.3529929577464789 0.7649647887323944 0.0977112676056338 0.07453051643192488
0 0.320862676056338 0.965669014084507 0.1153169014084507 0.056924882629107984
0 0.7189700704225352 0.75 0.05149647887323944 0.07746478873239436
0 0.9022887323943662 0.9122652582159625 0.05721830985915493 0.14964788732394366
0 0.957306338028169 0.9058098591549296 0.04753521126760563 0.17077464788732394
0 0.11465669014084508 0.32511737089201875 0.20202464788732394 0.27699530516431925
0 0.8536531690140845 0.12206572769953052 0.10959507042253522 0.1267605633802817
0 0.866637323943662 0.36795774647887325 0.12411971830985916 0.11032863849765258
0 0.866637323943662 0.4791666666666667 0.0994718309859155 0.08274647887323944
0 0.829225352112676 0.5710093896713615 0.10387323943661972 0.09154929577464789
0 0.6122359154929577 0.9448356807511737 0.10035211267605634 0.09624413145539906
0 0.08516725352112677 0.664612676056338 0.13424295774647887 0.20011737089201878
