0 0.15558978873239437 0.64231220657277 0.0664612676056338 0.2282863849765258
0 0.12654049295774647 0.28726525821596244 0.06294014084507042 0.3045774647887324
0 0.2845510563380282 0.2805164319248826 0.0682218309859155 0.3086854460093897
0 0.20158450704225353 0.29313380281690143 0.05897887323943662 0.29284037558685444
0 0.8961267605633803 0.22593896713615025 0.07306338028169014 0.10915492957746478
0 0.890625 0.375 0.07350352112676056 0.09976525821596244
0 0.5838468309859155 0.36971830985915494 0.06998239436619719 0.13732394366197184
0 0.9652288732394366 0.23562206572769953 0.056338028169014086 0.11678403755868545
0 0.8162411971830986 0.2007042253521127 0.04973591549295775 0.09859154929577464
0 0.06470070422535211 0.3089788732394366 0.04225352112676056 0.272887323943662
0 0.8842429577464789 0.6696009389671361 0.04841549295774648 0.25938967136150237
0 0.021346830985915492 0.29401408450704225 0.03829225352112676 0.2934272300469484
0 0.7900528169014085 0.36795774647887325 0.035211267605633804 0.11502347417840375
0 0.9518045774647887 0.6602112676056338 0.05765845070422535 0.25938967136150237
0 0.8039172535211268 0.6613849765258216 0.055897887323943664 0.28169014084507044
0 0.7508802816901409 0.36120892018779344 0.051056338028169015 0.11091549295774648
0 0.8356073943661971 0.9301643192488263 0.04621478873239437 0.12089201877934272
0 0.8939260563380281 0.9342723004694836 0.043133802816901406 0.11502347417840375
0 0.9474031690140845 0.9278169014084507 0.042693661971830985 0.1056338028169014
0 0.7691461267605634 0.9245892018779343 0.04005281690140845 0.10622065727699531
