0 0.370818661971831 0.6085680751173709 0.08230633802816902 0.2535211267605634
0 0.6637323943661971 0.9081572769953051 0.0625 0.1637323943661972
0 0.8505721830985915 0.5701291079812206 0.08582746478873239 0.15669014084507044
0 0.6496478873239436 0.630575117370892 0.07130281690140845 0.20011737089201878
0 0.7205105633802817 0.2546948356807512 0.09859154929577464 0.2828638497652582
0 0.2913732394366197 0.6071009389671361 0.051056338028169015 0.267018779342723
0 0.49889964788732394 0.6226525821596244 0.0488556338028169 0.25938967136150237
0 0.18595950704225353 0.5801056338028169 0.04973591549295775 0.21185446009389672
0 0.6005721830985915 0.2511737089201878 0.1307218309859155 0.289906103286385
0 0.5675616197183099 0.6258802816901409 0.05413732394366197 0.20950704225352113
0 0.24933978873239437 0.25616197183098594 0.06294014084507042 0.29988262910798125
0 0.4390404929577465 0.2567488262910798 0.04533450704225352 0.2658450704225352
0 0.7108274647887324 0.5504694835680751 0.05369718309859155 0.142018779342723
0 0.11047535211267606 0.5666079812206573 0.043133802816901406 0.14612676056338028
0 0.7665052816901409 0.5448943661971831 0.050616197183098594 0.13438967136150234
0 0.4570862676056338 0.6015258215962441 0.0409330985915493 0.2335680751173709
0 0.03455105633802817 0.6071009389671361 0.05501760563380282 0.2517605633802817
0 0.9559859154929577 0.3882042253521127 0.0448943661971831 0.12030516431924883
0 0.238556338028169 0.5880281690140845 0.04137323943661972 0.1960093896713615
0 0.31294014084507044 0.26173708920187794 0.05545774647887324 0.27699530516431925
0 0.5004401408450704 0.26848591549295775 0.051056338028169015 0.26115023474178406
0 0.383362676056338 0.2652582159624413 0.05457746478873239 0.26173708920187794
0 0.7632042253521126 0.6654929577464789 0.045774647887323945 0.13849765258215962
0 0.9504841549295775 0.5727699530516432 0.07878521126760564 0.15140845070422534
0 0.9075704225352113 0.11707746478873239 0.04753521126760563 0.21185446009389672
0 0.9124119718309859 0.8098591549295775 0.04929577464788732 0.15140845070422534
0 0.9685299295774648 0.11707746478873239 0.0488556338028169 0.21654929577464788
0 0.8992077464788732 0.4028755868544601 0.03961267605633803 0.13673708920187794
0 0.8193221830985915 0.8083920187793427 0.042693661971830985 0.12265258215962441
0 0.8494718309859155 0.12001173708920188 0.03873239436619718 0.20833333333333334
0 0.851012323943662 0.38116197183098594 0.03653169014084507 0.12147887323943662
0 0.5321302816901409 0.9058098591549296 0.05545774647887324 0.1414319248826291
0 0.45620598591549294 0.9049295774647887 0.05677816901408451 0.1396713615023474
0 0.38930457746478875 0.9116784037558685 0.050616197183098594 0.15669014084507044
0 0.7367957746478874 0.9119718309859155 0.043133802816901406 0.14788732394366197
0 0.5963908450704225 0.9028755868544601 0.04841549295774648 0.14730046948356806
0 0.8606954225352113 0.8136737089201878 0.04181338028169014 0.09800469483568075
0 0.9685299295774648 0.8198356807511737 0.042693661971830985 0.11854460093896714
0 0.28983274647887325 0.9231220657276995 0.04709507042253521 0.12910798122065728
0 0.23129401408450703 0.9198943661971831 0.05677816901408451 0.13321596244131456
0 0.12477992957746478 0.9157863849765259 0.05149647887323944 0.1273474178403756
0 0.061399647887323945 0.9245892018779343 0.04533450704225352 0.13556338028169015
0 0.17693661971830985 0.908744131455399 0.040492957746478875 0.12969483568075119
0 0.09815140845070422 0.2649647887323944 0.07658450704225352 0.29518779342723006
0 0.030589788732394367 0.2605633802816901 0.05413732394366197 0.2828638497652582
0 0.18111795774647887 0.2643779342723005 0.05501760563380282 0.2904929577464789
