0 0.05237676056338028 0.16255868544600938 0.13554032713003372 0.3209139913817805
0 0.24119718309859156 0.17370892018779344 0.3247177829299742 0.31210463091538276
0 0.4441021126760563 0.14964788732394366 0.5482200254785756 0.3385272019440587
0 0.5501760563380281 0.13791079812206572 0.6560078450456259 0.3267970007053274
0 0.5497359154929577 0.38967136150234744 0.6604094472202936 0.5525882210319822
0 0.448943661971831 0.38791079812206575 0.546897471979766 0.5525892542264541
0 0.3516725352112676 0.38791079812206575 0.4479085948348542 0.5467207096255152
0 0.6641725352112676 0.38204225352112675 0.7681935860320372 0.5690246230906566
0 0.8622359154929577 0.6291079812206573 0.9582472553188852 0.7654758755978752
0 0.17121478873239437 0.38967136150234744 0.2578471765894664 0.542611695210386
0 0.07394366197183098 0.38438967136150237 0.165460412120611 0.5455490670942714
0 0.46742957746478875 0.6115023474178404 0.5776991947282285 0.7508148460402477
0 0.26276408450704225 0.38380281690140844 0.35463786792055146 0.5437888481121471
0 0.3415492957746479 0.1467136150234742 0.44351164203531046 0.32092329013202847
0 0.5752640845070423 0.6068075117370892 0.6832855351740725 0.7519913101456942
0 0.6553697183098591 0.125 0.7492714041732791 0.3168280516431925
0 0.6681338028169014 0.6126760563380281 0.7734735326572109 0.746119321563182
0 0.28389084507042256 0.6091549295774648 0.3700334987477683 0.7244077729286518
0 0.7623239436619719 0.39906103286384975 0.867182075729022 0.551409001741277
0 0.1368838028169014 0.15845070422535212 0.23233411804453483 0.31798212986841234
0 0.7720070422535211 0.6343896713615024 0.8548538701398531 0.7537356868125813
0 0.25880281690140844 0.892018779342723 0.4250621466474906 0.9983028058806673
0 0.2596830985915493 0.8086854460093896 0.4360652803263242 0.8886099263814499
0 0.4652288732394366 0.8345070422535211 0.597506501376215 0.8962238808437479
0 0.08934859154929578 0.9014084507042254 0.22487264586639555 0.999
0 0.8402288732394366 0.9336854460093896 0.9947886316579051 0.9953440813110274
0 0.11575704225352113 0.8215962441314554 0.25126947313281095 0.8956446031431154
0 0.827024647887324 0.863849765258216 0.9934740208415989 0.9220282571800128
0 0.7561619718309859 0.13204225352112675 0.8561812667377504 0.3326689892878397
0 0.8705985915492958 0.13321596244131456 0.9538421661128744 0.3432316807732152
0 0.8617957746478874 0.3914319248826291 0.9441629420005951 0.5555214601379797
0 0.0048415492957746475 0.3902582159624413 0.06733941833217616 0.5338085339108202
0 0.10475352112676056 0.6015258215962441 0.17733065426006744 0.7167831421234764
0 0.18529929577464788 0.5938967136150235 0.2807283013662964 0.7302852718816812
0 0.37235915492957744 0.6056338028169014 0.4677058278367387 0.7343863651391919
0 0.0035211267605633804 0.8169014084507042 0.10387168964491172 0.8886051048072472
0 0.0013204225352112676 0.8931924882629108 0.06954167234923626 0.9777622109810664
0 0.46346830985915494 0.9166666666666666 0.6261164312016465 0.9953540688575899
