0 0.030369718309859156 0.2476525821596244 0.056338028169014086 0.2992957746478873
0 0.11971830985915492 0.2564553990610329 0.0721830985915493 0.2934272300469484
0 0.21148767605633803 0.26731220657276994 0.06205985915492958 0.2634976525821596
0 0.4203345070422535 0.22652582159624413 0.07130281690140845 0.3474178403755869
0 0.501100352112676 0.22417840375586853 0.08142605633802817 0.34624413145539906
0 0.5816461267605634 0.22711267605633803 0.0664612676056338 0.34624413145539906
0 0.6639524647887324 0.21889671361502347 0.07350352112676056 0.3568075117370892
0 0.7442781690140845 0.22359154929577466 0.07130281690140845 0.34507042253521125
0 0.8261443661971831 0.22652582159624413 0.06073943661971831 0.3415492957746479
0 0.9005281690140845 0.23620892018779344 0.07922535211267606 0.32805164319248825
0 0.9817341549295775 0.24706572769953053 0.03389084507042254 0.32511737089201875
0 0.08626760563380281 0.6109154929577465 0.07306338028169014 0.33098591549295775
0 0.16307218309859156 0.6132629107981221 0.06910211267605634 0.33215962441314556
0 0.24031690140845072 0.6179577464788732 0.06514084507042253 0.3415492957746479
0 0.5037411971830986 0.6296948356807511 0.0664612676056338 0.3415492957746479
0 0.5834066901408451 0.6261737089201878 0.06998239436619719 0.33098591549295775
0 0.6421654929577465 0.6156103286384976 0.05193661971830986 0.31572769953051644
0 0.7682658450704225 0.6214788732394366 0.06998239436619719 0.352112676056338
0 0.9253961267605634 0.6270539906103286 0.10607394366197183 0.3386150234741784
