0 0.30061619718309857 0.13615023474178403 0.38631134850476095 0.30508441887632526
0 0.40889084507042256 0.3714788732394366 0.5227073543815711 0.49978199596640877
0 0.48811619718309857 0.14788732394366197 0.5966161460399723 0.3062512398333664
0 0.3930457746478873 0.13321596244131456 0.48970376506397545 0.30919412208776914
0 0.5933098591549296 0.13262910798122066 0.720689564322555 0.30508648526526927
0 0.4845950704225352 0.676056338028169 0.6789240338598492 0.7625140514448191
0 0.20906690140845072 0.15610328638497653 0.29172136139902793 0.3109412539399149
0 0.31117957746478875 0.5815727699530516 0.46773275546766513 0.6522408610504971
0 0.5215669014084507 0.36971830985915494 0.6186084652722674 0.5115201183627587
0 0.3067781690140845 0.6508215962441315 0.4756572279185678 0.7901110201899976
0 0.11355633802816902 0.13086854460093897 0.21253804738643126 0.3109560630606802
0 0.14084507042253522 0.67018779342723 0.27194505058520135 0.7754282935484582
0 0.5022007042253521 0.590962441314554 0.6714338905351122 0.6862729093654257
0 0.7086267605633803 0.38204225352112675 0.8033852875173576 0.5162077216822059
0 0.8076584507042254 0.38791079812206575 0.9032536714565562 0.5220728223015715
0 0.6153169014084507 0.37089201877934275 0.7087960753074787 0.5308856267495426
0 0.03917253521126761 0.1402582159624413 0.11573980082076969 0.31095055269016286
0 0.00044014084507042255 0.6578638497652582 0.1289610738816703 0.7548956198064757
0 0.15889084507042253 0.602112676056338 0.293944150156219 0.6774635488990279
0 0.823943661971831 0.19307511737089203 0.944179602261456 0.2962481953536556
0 0.13776408450704225 0.3685446009389671 0.22353091369519934 0.49567573673653814
0 0.23151408450704225 0.3738262910798122 0.3150389462656219 0.49684634607330996
0 0.3217429577464789 0.3609154929577465 0.41183021876859754 0.4792482890299544
0 0.9036091549295775 0.3873239436619718 0.9925600311818091 0.5279417113006679
0 0.02464788732394366 0.5751173708920188 0.14875675709184685 0.6581131940311666
0 0.852112676056338 0.6367370892018779 0.9947834011108906 0.82122257213075
0 0.7143485915492958 0.13615023474178403 0.8099848817818885 0.32855859728008113
0 0.07966549295774648 0.0011737089201877935 0.1553346542724658 0.0792246633163614
0 0.167693661971831 0.011737089201877934 0.2521268953952589 0.06748137494765148
0 0.26672535211267606 0.007042253521126761 0.3678403497569927 0.08919774515638432
0 0.3767605633802817 0.005868544600938967 0.47870741172386433 0.08332988935176001
0 0.4845950704225352 0.005868544600938967 0.5878148789302717 0.08215618043157222
0 0.5946302816901409 0.004107981220657277 0.7154072930098195 0.07746237794529304
0 0.7143485915492958 0.007042253521126761 0.8086644592466773 0.07746065595450638
0 0.8125 0.007042253521126761 0.927459286971831 0.090958308536666
0 0.007042253521126761 0.36678403755868544 0.0761412666137671 0.4616392112455642
