0 0.4876760563380282 0.03755868544600939 0.5785705651160484 0.42720800546628757
0 0.08274647887323944 0.10387323943661972 0.15885442496528468 0.4183662715731005
0 0.7482394366197183 0.03931924882629108 0.8425403875719103 0.4301412445722851
0 0.6117957746478874 0.562793427230047 0.690311709606229 0.9492002385990435
0 0.167693661971831 0.10328638497652583 0.24156351511356874 0.4183666159712579
0 0.4159330985915493 0.061619718309859156 0.48969369141787344 0.4230859039211796
0 0.690580985915493 0.5610328638497653 0.7717030893547907 0.9644594877559567
0 0.5818661971830986 0.04225352112676056 0.6621558687512399 0.4272052502810289
0 0.5462147887323944 0.5575117370892019 0.6053933913781988 0.9404005212810509
0 0.23371478873239437 0.5721830985915493 0.31019642835002975 0.938631347946836
0 0.8446302816901409 0.10035211267605634 0.9146810606154533 0.42893171824373466
0 0.24559859154929578 0.15610328638497653 0.3035890851269589 0.42303045581784915
0 0.0017605633802816902 0.10211267605633803 0.07878443637175163 0.41836730476757256
0 0.06866197183098592 0.579225352112676 0.15181837061098988 0.9309981071877274
0 0.3050176056338028 0.1607981220657277 0.3629819464763936 0.4165723015715577
0 0.31382042253521125 0.5809859154929577 0.39510835368726444 0.9356919096740065
0 0.6654929577464789 0.04284037558685446 0.744425399226344 0.424857488042496
0 0.46919014084507044 0.5545774647887324 0.5429272930718112 0.9509656235535278
0 0.3970070422535211 0.5927230046948356 0.4659344159145011 0.9444878386122684
0 0.18309859154929578 0.5821596244131455 0.24023631223963499 0.9239541316758139
0 0.03169014084507042 0.5897887323943662 0.07436985469152946 0.8981280582556371
0 0.9172535211267606 0.10974178403755869 0.9859519130628843 0.4336210435539686
0 0.878080985915493 0.7646713615023474 0.9428353516787344 0.9508423290132028
0 0.769806338028169 0.7805164319248826 0.8398900500272762 0.9625701194648327
0 0.9163732394366197 0.5041079812206573 0.9621846948770084 0.6393755234851992
0 0.9647887323943662 0.4982394366197183 0.999 0.6429000942273358
