0 0.32526408450704225 0.06103286384976526 0.08362676056338028 0.11619718309859155
0 0.332306338028169 0.4574530516431925 0.2632042253521127 0.18016431924882628
0 0.6054137323943662 0.4709507042253521 0.28125 0.15316901408450703
0 0.5985915492957746 0.7411971830985915 0.2764084507042254 0.23591549295774647
0 0.25110035211267606 0.7144953051643192 0.3147007042253521 0.20715962441314553
0 0.5871478873239436 0.3171948356807512 0.25616197183098594 0.10856807511737089
0 0.3417693661971831 0.3089788732394366 0.23283450704225353 0.1073943661971831
0 0.8587147887323944 0.7206572769953051 0.15316901408450703 0.22652582159624413
0 0.40669014084507044 0.06543427230046948 0.06866197183098592 0.12852112676056338
0 0.08142605633802817 0.43045774647887325 0.1619718309859155 0.31866197183098594
0 0.484375 0.05604460093896713 0.05941901408450704 0.11091549295774648
0 0.2638644366197183 0.891725352112676 0.28653169014084506 0.1426056338028169
0 0.5783450704225352 0.920481220657277 0.2790492957746479 0.15199530516431925
0 0.8525528169014085 0.914906103286385 0.14788732394366197 0.1443661971830986
0 0.8705985915492958 0.39289906103286387 0.07306338028169014 0.1954225352112676
0 0.5787852112676056 0.0710093896713615 0.11267605633802817 0.13849765258215962
0 0.7154489436619719 0.10856807511737089 0.1307218309859155 0.1983568075117371
0 0.8316461267605634 0.12881455399061034 0.13776408450704225 0.11326291079812206
