0 0.32438380281690143 0.02640845070422535 0.37925863388960523 0.31629905607353037
0 0.366637323943662 0.5164319248826291 0.5209653885017853 0.6675373052084022
0 0.5484154929577465 0.48532863849765256 0.7501987607865503 0.7403255113623841
0 0.5589788732394366 0.03169014084507042 0.6414793226790318 0.3051457217483304
0 0.7680457746478874 0.5017605633802817 0.9195563178808769 0.7508792484956689
0 0.055897887323943664 0.6115023474178404 0.2966303266341004 0.7584439540214684
0 0.7508802816901409 0.04107981220657277 0.8218526055098195 0.3286143897815689
0 0.17517605633802816 0.02699530516431925 0.24728205279210475 0.3121907304547158
0 0.6571302816901409 0.03169014084507042 0.721101615192918 0.3145353931098327
0 0.04181338028169014 0.4184272300469484 0.3036787793220591 0.5866089042077189
0 0.2579225352112676 0.02523474178403756 0.31898859043344574 0.316299744869845
0 0.46786971830985913 0.022887323943661973 0.5398468883282087 0.289892671758249
0 0.3886443661971831 0.029342723004694836 0.451853589627554 0.3074945171813353
0 0.8331866197183099 0.02523474178403756 0.9102846889878001 0.3415344866538826
0 0.00044014084507042255 0.02523474178403756 0.08934839782533228 0.3432950500341643
0 0.10519366197183098 0.007629107981220657 0.1570839816628645 0.3133758045140955
0 0.7447183098591549 0.7676056338028169 0.9041616556734774 0.9655119685247636
0 0.9119718309859155 0.02992957746478873 0.9951971954969253 0.3509214028301263
0 0.5462147887323944 0.7476525821596244 0.7264321237725649 0.9625894057616434
0 0.09419014084507042 0.7969483568075117 0.30981769800138864 0.9367388800722961
0 0.9071302816901409 0.8609154929577465 0.999 0.9672177725980295
0 0.9185739436619719 0.7605633802816901 0.999 0.8581217351054685
0 0.3600352112676056 0.7089201877934272 0.5359330830936322 0.8587388966034076
