0 0.28080985915492956 0.8480046948356808 0.4998764041112874 0.999
0 0.4555457746478873 0.008215962441314555 0.5367713266836938 0.3133754601159382
0 0.18441901408450703 0.02640845070422535 0.2670843226170403 0.32568872743503274
0 0.27244718309859156 0.02699530516431925 0.36387656373983335 0.3028010590932134
0 0.5492957746478874 0.03345070422535211 0.6362018944653839 0.31746863221583016
0 0.3595950704225352 0.01584507042253521 0.4492255303387225 0.312784128479799
0 0.28257042253521125 0.653755868544601 0.5007559109055743 0.8376445094668166
0 0.1073943661971831 0.020539906103286387 0.1861323088176949 0.3098471009940708
0 0.6465669014084507 0.028169014084507043 0.7083421800609998 0.3204060040997157
0 0.26848591549295775 0.4688967136150235 0.5166071804949415 0.639396187374639
0 0.5272887323943662 0.4225352112676056 0.6859474961565166 0.6992825497586458
0 0.0030809859154929575 0.023474178403755867 0.06954089745338227 0.30221627102206355
0 0.8463908450704225 0.5416666666666666 0.999 0.6422877543035993
0 0.7605633802816901 0.01056338028169014 0.8394539773854395 0.30867924684255765
0 0.8591549295774648 0.00528169014084507 0.9384422733584606 0.2992926750644713
0 0.8617957746478874 0.738849765258216 0.9916981532682008 0.862242459057947
0 0.860475352112676 0.42370892018779344 0.9983008471161476 0.5144227060327536
0 0.5215669014084507 0.7053990610328639 0.6709852258356477 0.9960649066543233
0 0.0528169014084507 0.778169014084507 0.26406126016663356 0.9925010745222508
0 0.6914612676056338 0.7869718309859155 0.8315618568364411 0.999
0 0.0035211267605633804 0.4078638497652582 0.11267450654632016 0.6318028968017809
0 0.11179577464788733 0.4166666666666667 0.2605141743949613 0.6605535993740219
