0 0.06382042253521127 0.4113849765258216 0.10915492957746478 0.3403755868544601
0 0.24515845070422534 0.43896713615023475 0.07130281690140845 0.3380281690140845
0 0.4722711267605634 0.4539319248826291 0.07570422535211267 0.3198356807511737
0 0.17297535211267606 0.4380868544600939 0.06602112676056338 0.33392018779342725
0 0.6316021126760564 0.45129107981220656 0.058098591549295774 0.2828638497652582
0 0.5578785211267606 0.45980046948356806 0.06029929577464789 0.31161971830985913
0 0.8316461267605634 0.42634976525821594 0.07878521126760564 0.30927230046948356
0 0.3226232394366197 0.4565727699530516 0.0625 0.29694835680751175
0 0.39326584507042256 0.4621478873239437 0.06205985915492958 0.2975352112676056
0 0.7440580985915493 0.4533450704225352 0.07350352112676056 0.2576291079812207
0 0.3813820422535211 0.8004694835680751 0.21434859154929578 0.12089201877934272
0 0.84375 0.06866197183098592 0.05985915492957746 0.12793427230046947
0 0.5688820422535211 0.7796361502347418 0.12808098591549297 0.16490610328638497
0 0.20620598591549297 0.755868544600939 0.11223591549295775 0.18779342723004694
0 0.9526848591549296 0.46332159624413144 0.09463028169014084 0.3761737089201878
0 0.8824823943661971 0.7816901408450704 0.20598591549295775 0.09507042253521127
0 0.36883802816901406 0.9237089201877934 0.19014084507042253 0.11854460093896714
0 0.5591989436619719 0.9351525821596244 0.13424295774647887 0.11208920187793427
0 0.8886443661971831 0.9647887323943662 0.22007042253521128 0.07276995305164319
0 0.08648767605633803 0.06719483568075117 0.07878521126760564 0.125
0 0.16175176056338028 0.07453051643192488 0.06205985915492958 0.13380281690140844
0 0.245818661971831 0.07834507042253522 0.0743838028169014 0.1449530516431925
0 0.33340669014084506 0.07247652582159625 0.07086267605633803 0.1414319248826291
0 0.4102112676056338 0.07306338028169014 0.07570422535211267 0.13438967136150234
0 0.7623239436619719 0.0710093896713615 0.07570422535211267 0.14084507042253522
0 0.9716109154929577 0.0880281690140845 0.05677816901408451 0.15492957746478872
0 0.05039612676056338 0.9014084507042254 0.09991197183098592 0.19248826291079812
0 0.19080105633802816 0.9151995305164319 0.14216549295774647 0.1414319248826291
0 0.7070862676056338 0.9181338028169014 0.12544014084507044 0.13556338028169015
