0 0.44938380281690143 0.522887323943662 0.07746478873239436 0.2934272300469484
0 0.6159771126760564 0.5346244131455399 0.06998239436619719 0.29460093896713613
0 0.28829225352112675 0.5149647887323944 0.05985915492957746 0.31514084507042256
0 0.26122359154929575 0.14084507042253522 0.08494718309859155 0.2300469483568075
0 0.08846830985915492 0.5267018779342723 0.07834507042253522 0.3045774647887324
0 0.5294894366197183 0.5466549295774648 0.05457746478873239 0.2916666666666667
0 0.6965228873239436 0.5481220657276995 0.07262323943661972 0.33098591549295775
0 0.1580105633802817 0.5328638497652582 0.06073943661971831 0.29460093896713613
0 0.7755281690140845 0.5534037558685446 0.07482394366197183 0.3204225352112676
0 0.8591549295774648 0.5299295774647887 0.07306338028169014 0.34624413145539906
0 0.16637323943661972 0.14172535211267606 0.08714788732394366 0.2494131455399061
0 0.34815140845070425 0.13761737089201878 0.0801056338028169 0.21889671361502347
0 0.3633362676056338 0.5079225352112676 0.06734154929577464 0.2576291079812207
0 0.22381161971830985 0.5214201877934272 0.05237676056338028 0.31161971830985913
0 0.42649647887323944 0.13086854460093897 0.0721830985915493 0.22652582159624413
0 0.4909771126760563 0.13468309859154928 0.04533450704225352 0.20011737089201878
0 0.08450704225352113 0.12294600938967136 0.0448943661971831 0.22946009389671362
0 0.03389084507042254 0.5132042253521126 0.056338028169014086 0.2846244131455399
0 0.592649647887324 0.12265258215962441 0.05941901408450704 0.2300469483568075
0 0.02970950704225352 0.12147887323943662 0.05149647887323944 0.22887323943661972
0 0.9654489436619719 0.13468309859154928 0.06205985915492958 0.23884976525821597
0 0.829225352112676 0.13204225352112675 0.08362676056338028 0.23591549295774647
0 0.9190140845070423 0.4750586854460094 0.037852112676056336 0.22946009389671362
0 0.7438380281690141 0.13204225352112675 0.07922535211267606 0.23826291079812206
0 0.9071302816901409 0.1402582159624413 0.06778169014084508 0.215962441314554
0 0.7024647887323944 0.8893779342723005 0.15933098591549297 0.19307511737089203
0 0.49911971830985913 0.9248826291079812 0.20246478873239437 0.14084507042253522
0 0.8683978873239436 0.8656103286384976 0.14788732394366197 0.09741784037558686
0 0.09220950704225352 0.869424882629108 0.17649647887323944 0.1449530516431925
0 0.8727992957746479 0.9565727699530516 0.16549295774647887 0.06690140845070422
0 0.3142605633802817 0.9052230046948356 0.1522887323943662 0.1613849765258216
