0 0.8483714788732394 0.7056924882629108 0.07878521126760564 0.28931924882629106
0 0.05545774647887324 0.2549882629107981 0.06954225352112677 0.31161971830985913
0 0.20466549295774647 0.25704225352112675 0.07394366197183098 0.3227699530516432
0 0.6285211267605634 0.6921948356807511 0.056338028169014086 0.32805164319248825
0 0.14942781690140844 0.7030516431924883 0.07086267605633803 0.318075117370892
0 0.1274207746478873 0.2632042253521127 0.06558098591549295 0.2834507042253521
0 0.22975352112676056 0.7065727699530516 0.07570422535211267 0.3028169014084507
0 0.29225352112676056 0.24266431924882628 0.07570422535211267 0.3057511737089202
0 0.448943661971831 0.2420774647887324 0.07482394366197183 0.3257042253521127
0 0.9634683098591549 0.2318075117370892 0.07042253521126761 0.31338028169014087
0 0.6701144366197183 0.25440140845070425 0.05677816901408451 0.301056338028169
0 0.6018926056338029 0.24589201877934272 0.06910211267605634 0.29694835680751175
0 0.8886443661971831 0.23943661971830985 0.06690140845070422 0.31338028169014087
0 0.7029049295774648 0.6561032863849765 0.04665492957746479 0.24530516431924881
0 0.7552816901408451 0.6678403755868545 0.051056338028169015 0.2746478873239437
0 0.3730193661971831 0.2420774647887324 0.07086267605633803 0.3163145539906103
0 0.04753521126760563 0.6634389671361502 0.05193661971830986 0.26936619718309857
0 0.3783010563380282 0.6757629107981221 0.04533450704225352 0.24119718309859156
0 0.8120598591549296 0.2438380281690141 0.07570422535211267 0.3104460093896714
0 0.32372359154929575 0.6742957746478874 0.04973591549295775 0.24530516431924881
0 0.7244718309859155 0.2602699530516432 0.04929577464788732 0.2717136150234742
0 0.2871919014084507 0.6895539906103286 0.047975352112676055 0.2335680751173709
0 0.5446742957746479 0.255575117370892 0.03477112676056338 0.2681924882629108
0 0.5088028169014085 0.908744131455399 0.09683098591549295 0.17077464788732394
0 0.9209947183098591 0.698650234741784 0.053257042253521125 0.27875586854460094
0 0.9647887323943662 0.6728286384976526 0.02464788732394366 0.25528169014084506
0 0.42495598591549294 0.6889671361502347 0.04621478873239437 0.2852112676056338
0 0.5099031690140845 0.6229460093896714 0.11751760563380281 0.15316901408450703
0 0.5134242957746479 0.4011150234741784 0.07878521126760564 0.125
