0 0.27838908450704225 0.6505281690140845 0.061179577464788734 0.2764084507042254
0 0.10431338028169014 0.6801643192488263 0.07570422535211267 0.3274647887323944
0 0.20818661971830985 0.6561032863849765 0.056338028169014086 0.2852112676056338
0 0.09330985915492958 0.2805164319248826 0.061619718309859156 0.23708920187793428
0 0.8679577464788732 0.6851525821596244 0.06954225352112677 0.2764084507042254
0 0.03367077464788732 0.6810446009389671 0.06382042253521127 0.31396713615023475
0 0.7253521126760564 0.6801643192488263 0.08362676056338028 0.31572769953051644
0 0.17209507042253522 0.2828638497652582 0.07130281690140845 0.20774647887323944
0 0.6443661971830986 0.6907276995305164 0.06778169014084508 0.2676056338028169
0 0.49713908450704225 0.6678403755868545 0.05941901408450704 0.284037558685446
0 0.5691021126760564 0.6660798122065728 0.0528169014084507 0.24061032863849766
0 0.717649647887324 0.28169014084507044 0.0409330985915493 0.1643192488262911
0 0.238556338028169 0.272887323943662 0.0625 0.18309859154929578
0 0.9427816901408451 0.2711267605633803 0.04401408450704225 0.19483568075117372
0 0.7700264084507042 0.28257042253521125 0.053257042253521125 0.16960093896713616
0 0.4628080985915493 0.23415492957746478 0.06294014084507042 0.29577464788732394
0 0.31536091549295775 0.261443661971831 0.050616197183098594 0.20011737089201878
0 0.03411091549295775 0.27406103286384975 0.04709507042253521 0.25586854460093894
0 0.672975352112676 0.28433098591549294 0.040492957746478875 0.16255868544600938
0 0.5391725352112676 0.22857981220657278 0.05897887323943662 0.29518779342723006
0 0.6161971830985915 0.2312206572769953 0.06514084507042253 0.289906103286385
0 0.9348591549295775 0.6696009389671361 0.06426056338028169 0.3039906103286385
0 0.7933538732394366 0.6722417840375586 0.05413732394366197 0.3174882629107981
0 0.8336267605633803 0.27142018779342725 0.04753521126760563 0.18838028169014084
0 0.9852552816901409 0.67018779342723 0.04533450704225352 0.3028169014084507
0 0.9795334507042254 0.25410798122065725 0.0409330985915493 0.22652582159624413
0 0.2147887323943662 0.954225352112676 0.06866197183098592 0.08098591549295775
0 0.285431338028169 0.9518779342723005 0.058538732394366196 0.08568075117370892
