0 0.6857394366197183 0.5757042253521126 0.7967932484874033 0.7655072158301924
0 0.3600352112676056 0.5845070422535211 0.4611091394316604 0.7608072141770812
0 0.5730633802816901 0.31279342723004694 0.695610447455862 0.5291591587868368
0 0.5783450704225352 0.008215962441314555 0.7030905171344971 0.23004212678260486
0 0.46919014084507044 0.5815727699530516 0.5776984198323746 0.7520061192664594
0 0.6910211267605634 0.31220657276995306 0.8042733181660385 0.5397228834666843
0 0.9084507042253521 0.29694835680751175 0.9956388861337037 0.5045205702131411
0 0.7068661971830986 0.028169014084507043 0.8143895835399723 0.23589896184619455
0 0.46786971830985913 0.004694835680751174 0.5812201277648283 0.24178128237342678
0 0.797975352112676 0.5745305164319249 0.9010572291584011 0.754944524344817
0 0.5779049295774648 0.5786384976525821 0.6832843728302916 0.7596369492384668
0 0.2266725352112676 0.3051643192488263 0.34144952793344574 0.5133185655403469
0 0.8111795774647887 0.3532863849765258 0.9098542343409045 0.4986189633890983
0 0.25616197183098594 0.5727699530516432 0.35684147800535604 0.7508375763186317
0 0.34066901408450706 0.29870892018779344 0.4567162548353501 0.5056932459388569
0 0.4621478873239437 0.32629107981220656 0.5733001109650863 0.5221089841080914
0 0.06998239436619719 0.3022300469483568 0.1289304654954374 0.36073812790672044
0 0.3287852112676056 0.009976525821596244 0.46112289383306887 0.2271068212876634
0 0.0488556338028169 0.5774647887323944 0.11001370790765722 0.6463747272366593
0 0.20466549295774647 0.02523474178403756 0.3335366789203531 0.23766124721726287
0 0.040492957746478875 0.1613849765258216 0.11221809288831582 0.21410716844100597
0 0.8133802816901409 0.029342723004694836 0.9375821389605237 0.22709545614847143
0 0.6861795774647887 0.823943661971831 0.7756662942000595 0.9660657607617537
0 0.3732394366197183 0.8233568075117371 0.46990614461416386 0.9572632882585025
0 0.5871478873239436 0.8280516431924883 0.6788788961763539 0.956086824153056
0 0.1386443661971831 0.7981220657276995 0.21692841357121603 0.8457757499614273
0 0.2706866197183099 0.8227699530516432 0.3700393104666733 0.9543293603561903
0 0.05765845070422535 0.7687793427230047 0.1390591292030351 0.8475535332495757
0 0.0409330985915493 0.232981220657277 0.12146085691083118 0.2932905039784875
0 0.002640845070422535 0.15845070422535212 0.03873123202241619 0.2211511439529194
0 0.0013204225352112676 0.22887323943661972 0.04225293995487006 0.29740089598624614
0 0.0013204225352112676 0.3034037558685446 0.04665434840557429 0.36777969263153254
0 0.03653169014084507 0.45011737089201875 0.1003360335870859 0.5132334991954859
0 0.035651408450704226 0.5223004694835681 0.11486106892233684 0.5642474762503031
0 0.11795774647887323 0.5164319248826291 0.17292343409045824 0.5730537371332848
0 0.12367957746478873 0.5868544600938967 0.18392443680569331 0.6451955079459543
0 0.06294014084507042 0.852112676056338 0.14125750874082524 0.9149928916220327
0 0.00044014084507042255 0.8714788732394366 0.05809839782533228 0.919089507703498
0 0.1368838028169014 0.7247652582159625 0.21472848424171792 0.8006310063038639
0 0.13908450704225353 0.857981220657277 0.22353033252330887 0.9267265368423373
0 0.7825704225352113 0.8303990610328639 0.8724548545675461 0.9367192493773281
0 0.8763204225352113 0.8333333333333334 0.9824488026309264 0.94552034428795
0 0.9027288732394366 0.5956572769953051 0.999 0.7296973842271154
0 0.00044014084507042255 0.5164319248826291 0.03257022881124777 0.5642509202318764
0 0.00044014084507042255 0.5692488262910798 0.03477093303659988 0.6399241497498291
0 0.00044014084507042255 0.8303990610328639 0.05237656683941678 0.8668835686261543
0 0.00044014084507042255 0.7200704225352113 0.039172341487304106 0.7777464375454606
0 0.0008802816901408451 0.778755868544601 0.04709468297460821 0.8270077723776147
