0 0.1797975352112676 0.6141431924882629 0.06029929577464789 0.29518779342723006
0 0.8941461267605634 0.5997652582159625 0.09198943661971831 0.3051643192488263
0 0.7691461267605634 0.1643192488262911 0.07350352112676056 0.2981220657276995
0 0.4055897887323944 0.6200117370892019 0.05941901408450704 0.3245305164319249
0 0.8488116197183099 0.15815727699530516 0.0743838028169014 0.31279342723004694
0 0.2548415492957746 0.6159037558685446 0.05897887323943662 0.29870892018779344
0 0.109375 0.6147300469483568 0.058538732394366196 0.3057511737089202
0 0.3314260563380282 0.6132629107981221 0.05721830985915493 0.2992957746478873
0 0.9357394366197183 0.14994131455399062 0.08274647887323944 0.29870892018779344
0 0.46346830985915494 0.17987089201877934 0.061619718309859156 0.26936619718309857
0 0.6355633802816901 0.6038732394366197 0.06690140845070422 0.2793427230046948
0 0.7051056338028169 0.5871478873239436 0.06073943661971831 0.27523474178403756
0 0.7748679577464789 0.5856807511737089 0.06029929577464789 0.289906103286385
0 0.17627640845070422 0.20481220657276994 0.04621478873239437 0.19131455399061034
0 0.5369718309859155 0.18163145539906103 0.0721830985915493 0.2717136150234742
0 0.6841989436619719 0.17634976525821597 0.07790492957746478 0.2857981220657277
0 0.10409330985915492 0.19307511737089203 0.04973591549295775 0.20774647887323944
0 0.47821302816901406 0.6167840375586855 0.06910211267605634 0.30164319248826293
0 0.2326144366197183 0.2007042253521127 0.05413732394366197 0.19248826291079812
0 0.5470950704225352 0.596830985915493 0.06073943661971831 0.3086854460093897
0 0.6133362676056338 0.17693661971830985 0.0664612676056338 0.27523474178403756
0 0.30567781690140844 0.2092136150234742 0.05413732394366197 0.20129107981220656
0 0.36069542253521125 0.2106807511737089 0.03477112676056338 0.19248826291079812
0 0.058318661971830985 0.6097417840375586 0.04357394366197183 0.2828638497652582
0 0.05259683098591549 0.18896713615023475 0.04357394366197183 0.2605633802816901
0 0.018705985915492957 0.5897887323943662 0.03653169014084507 0.29577464788732394
0 0.017825704225352113 0.1880868544600939 0.032130281690140844 0.25880281690140844
0 0.3981073943661972 0.20011737089201878 0.03653169014084507 0.21948356807511737
0 0.9731514084507042 0.5941901408450704 0.06338028169014084 0.335093896713615
0 0.8358274647887324 0.596244131455399 0.045774647887323945 0.2734741784037559
0 0.7786091549295775 0.9404342723004695 0.07658450704225352 0.10856807511737089
