0 0.7574823943661971 0.5205399061032864 0.8381349109179727 0.8365489789283431
0 0.2746478873239437 0.09330985915492958 0.3497910880777624 0.36262129703101237
0 0.5448943661971831 0.4841549295774648 0.6304820007191033 0.8336360593136283
0 0.641725352112676 0.4823943661971831 0.7321119166584011 0.8483084540104476
0 0.7288732394366197 0.10974178403755869 0.8201017283277128 0.3896069590469263
0 0.8912852112676056 0.0733568075117371 0.9701182723541956 0.4019522553946528
0 0.8459507042253521 0.5369718309859155 0.9124797752182107 0.8441684437611585
0 0.5862676056338029 0.058098591549295774 0.6533511146101963 0.3567734163195133
0 0.11399647887323944 0.4982394366197183 0.20417517760612974 0.8306935214573827
0 0.01056338028169014 0.05985915492957746 0.08010098442769291 0.3896362328902996
0 0.26848591549295775 0.47007042253521125 0.331748025565364 0.7203814140712822
0 0.19586267605633803 0.47183098591549294 0.2697201308644118 0.7221409442570919
0 0.09551056338028169 0.03403755868544601 0.17249317316752627 0.3820222784280015
0 0.5105633802816901 0.04753521126760563 0.5710780971037492 0.3673429957680355
0 0.6580105633802817 0.10387323943661972 0.7175801009844277 0.38667613072803014
0 0.055897887323943664 0.5017605633802817 0.10825004494395954 0.8107384034252464
0 0.49559859154929575 0.4923708920187793 0.5446762330142829 0.7972462612136041
0 0.0044014084507042256 0.4982394366197183 0.058536795154731196 0.8259986857766316
0 0.19718309859154928 0.0539906103286385 0.26927940884745094 0.36733920738830483
0 0.917693661971831 0.5223004694835681 0.978909465817794 0.8183554574709604
0 0.8195422535211268 0.10211267605633803 0.8865230887968657 0.3972405442041923
0 0.13424295774647887 0.9102112676056338 0.38330359024747074 0.9959447116974145
