0 0.8741197183098591 0.5108568075117371 0.07570422535211267 0.27523474178403756
0 0.25132042253521125 0.9360328638497653 0.23327464788732394 0.11150234741784038
0 0.2860915492957746 0.0880281690140845 0.10299295774647887 0.17488262910798122
0 0.27090669014084506 0.5035211267605634 0.09991197183098592 0.3615023474178404
0 0.1580105633802817 0.5375586854460094 0.09242957746478873 0.3544600938967136
0 0.5759242957746479 0.534330985915493 0.10079225352112677 0.3914319248826291
0 0.6692341549295775 0.44278169014084506 0.07174295774647887 0.30809859154929575
0 0.414612676056338 0.5316901408450704 0.1073943661971831 0.40492957746478875
0 0.495818661971831 0.5052816901408451 0.05765845070422535 0.3615023474178404
0 0.39678697183098594 0.09154929577464789 0.06734154929577464 0.17018779342723006
0 0.08934859154929578 0.511443661971831 0.05193661971830986 0.2963615023474178
0 0.6800176056338029 0.10299295774647887 0.0801056338028169 0.19190140845070422
0 0.03609154929577465 0.5181924882629108 0.05545774647887324 0.2852112676056338
0 0.3444102112676056 0.5275821596244131 0.05149647887323944 0.30164319248826293
0 0.48745598591549294 0.0880281690140845 0.08670774647887323 0.16314553990610328
0 0.5842869718309859 0.10328638497652583 0.09286971830985916 0.17253521126760563
0 0.757262323943662 0.10123239436619719 0.06998239436619719 0.20129107981220656
0 0.13094190140845072 0.09066901408450705 0.09022887323943662 0.18016431924882628
0 0.8611355633802817 0.09624413145539906 0.09022887323943662 0.19014084507042253
0 0.711487676056338 0.8568075117370892 0.2654049295774648 0.08568075117370892
0 0.7110475352112676 0.9606807511737089 0.24867957746478872 0.07629107981220658
