0 0.17297535211267606 0.5704225352112676 0.26136752845417577 0.8981394233948291
0 0.26936619718309857 0.5563380281690141 0.3704800324836342 0.9227955762745488
0 0.7570422535211268 0.05927230046948357 0.8368146821067248 0.37613892470629723
0 0.741637323943662 0.48708920187793425 0.8099728708961516 0.768493492252419
0 0.5761443661971831 0.5369718309859155 0.6564365561768498 0.8500369883620974
0 0.9040492957746479 0.018192488262910797 0.999 0.38848697623928236
0 0.508362676056338 0.5598591549295775 0.5684382206531442 0.8500235568339615
0 0.3899647887323944 0.1596244131455399 0.4465713183148185 0.38546970398289576
0 0.3287852112676056 0.17781690140845072 0.38585880932602656 0.3731350839780467
0 0.6738556338028169 0.1602112676056338 0.7514639719921643 0.388403631885208
0 0.04225352112676056 0.09213615023474178 0.1161785855980956 0.39900696235314864
0 0.13512323943661972 0.11208920187793427 0.20636658308123387 0.3808027645528886
0 0.4581866197183099 0.1449530516431925 0.5222455164525888 0.37902291487579626
0 0.4080105633802817 0.6508215962441315 0.46680985450555446 0.8757917713637065
0 0.6025528169014085 0.142018779342723 0.6665481721756596 0.38665374484780357
0 0.6443661971830986 0.5492957746478874 0.6836952613568736 0.801907690273094
0 0.46346830985915494 0.5669014084507042 0.5085988255678437 0.8236109733518481
0 0.5334507042253521 0.13673708920187794 0.578110276978774 0.3766803186096233
0 0.8397887323943662 0.05457746478873239 0.9023592479170799 0.38846562355352776
