0 0.6175176056338029 0.45539906103286387 0.70747468415245 0.7784886155745112
0 0.5110035211267606 0.4254694835680751 0.6084898752107717 0.7890695601622253
0 0.7046654929577465 0.4612676056338028 0.7945842141316207 0.7714429180718112
0 0.17693661971830985 0.443075117370892 0.2710488835300536 0.7714535944146884
0 0.4185739436619718 0.4354460093896714 0.5072981628769093 0.7831951607926118
0 0.22403169014084506 0.022300469483568074 0.32340491562933943 0.33038597390288527
0 0.7948943661971831 0.4518779342723005 0.8847733739585399 0.7743827007427979
0 0.2649647887323944 0.43779342723004694 0.34363337817397344 0.7303768817915317
0 0.3305457746478873 0.013497652582159625 0.4157876118949613 0.331564848795433
0 0.3512323943661972 0.4184272300469484 0.4166587885588177 0.7362567915316626
0 0.07922535211267606 0.03814553990610329 0.1306869606724856 0.31922644041085324
0 0.4639084507042254 0.023474178403755867 0.5182817304354295 0.316887632524411
0 0.8631161971830986 0.05457746478873239 0.919514473504761 0.3027848723798188
0 0.6870598591549296 0.018192488262910797 0.7523384419634002 0.3198250044082964
0 0.14788732394366197 0.04342723004694836 0.20504054255108112 0.320397049747625
0 0.5321302816901409 0.01995305164319249 0.5965967736436223 0.30573946417157094
0 0.09683098591549295 0.4583333333333333 0.16765104269986114 0.7755526212832551
0 0.608274647887324 0.008802816901408451 0.6779893157359651 0.33567558520134894
0 0.40713028169014087 0.024061032863849766 0.45888770674221385 0.3174741425863475
0 0.8934859154929577 0.46068075117370894 0.9771595572555049 0.7526639197469638
0 0.7627640845070423 0.03403755868544601 0.8288896284839318 0.3309659403998325
0 0.9330985915492958 0.05516431924882629 0.9863850798452687 0.3027845279816615
0 0.27992957746478875 0.9137323943661971 0.4761091859254116 0.9941820819281888
0 0.11267605633802817 0.9061032863849765 0.2816405475104146 0.999
0 0.48811619718309857 0.8802816901408451 0.6084999488568736 0.993028003702969
0 0.2887323943661972 0.82981220657277 0.4800665790517754 0.9032688895501333
0 0.8785211267605634 0.8550469483568075 0.9978527635885738 0.999
