0 0.11663732394366197 0.09389671361502347 0.1980120434313628 0.363207807092949
0 0.4951584507042254 0.49119718309859156 0.5539193844847253 0.7350403772399656
0 0.20334507042253522 0.056924882629107984 0.2719175417823845 0.36205579525667303
0 0.4295774647887324 0.47417840375586856 0.48528627752430076 0.7497217262888757
0 0.3578345070422535 0.47417840375586856 0.4162157418542948 0.7391583460071856
0 0.27816901408450706 0.47007042253521125 0.3427472847649276 0.7467898647755076
0 0.426056338028169 0.05516431924882629 0.49188993999206504 0.35384086600983056
0 0.2319542253521127 0.47476525821596244 0.2855493159219401 0.7162706776653662
0 0.641725352112676 0.43720657276995306 0.6867774096161476 0.6306119679737265
0 0.37455985915492956 0.07687793427230047 0.42633161978030154 0.36908633924045053
0 0.3125 0.05868544600938967 0.3731018926056338 0.3602941986819194
0 0.06073943661971831 0.05985915492957746 0.1170507308817695 0.35383811082457184
0 0.866637323943662 0.07746478873239436 0.9190727828679827 0.2951423328704622
0 0.6632922535211268 0.04988262910798122 0.7197784805222178 0.34328058531155636
0 0.7178697183098591 0.4354460093896714 0.7567262897366593 0.6200496208865085
0 0.5633802816901409 0.482981220657277 0.6067062586788335 0.6082846354338867
0 0.5004401408450704 0.0534037558685446 0.5684417076844872 0.34914706352355135
0 0.15096830985915494 0.47417840375586856 0.2063596090185479 0.6446747779320682
0 0.6223591549295775 0.07453051643192488 0.6634584686818091 0.31744452434481696
0 0.002640845070422535 0.056924882629107984 0.05369602075481056 0.36205579525667303
0 0.579225352112676 0.08215962441314555 0.6203436508133306 0.31039779364764486
0 0.71875 0.04929577464788732 0.7624477332746479 0.3233278780665212
0 0.8701584507042254 0.4735915492957746 0.9102684161748661 0.6346985965086291
0 0.02244718309859155 0.47124413145539906 0.0792154721905376 0.7397469224580661
0 0.2658450704225352 0.08039906103286384 0.31282313157111685 0.33328615078577883
0 0.6095950704225352 0.4624413145539906 0.6427774669584407 0.6241417597919283
0 0.10299295774647887 0.630868544600939 0.16236664042352708 0.7537377532015254
0 0.9423415492957746 0.06455399061032864 0.999 0.30923441667217705
0 0.9159330985915493 0.4624413145539906 0.990353902685479 0.7479680508717406
0 0.7702464788732394 0.061619718309859156 0.8280060534864114 0.341513133968128
0 0.7112676056338029 0.8902582159624414 0.8707256744693513 0.999
0 0.5066021126760564 0.9119718309859155 0.6960798406194207 0.999
0 0.06778169014084508 0.903169014084507 0.26229411017159293 0.999
0 0.8939260563380281 0.9043427230046949 0.9982861240949217 0.9947744467588001
0 0.3336267605633803 0.8485915492957746 0.47960667836242804 0.9478588077762348
0 0.3336267605633803 0.9512910798122066 0.4668425938553858 0.997681167206683
0 0.08098591549295775 0.46068075117370894 0.13860872098789923 0.615339976084992
