0 0.5607394366197183 0.1857394366197183 0.07394366197183098 0.26467136150234744
0 0.4804137323943662 0.18368544600938966 0.07086267605633803 0.2664319248826291
0 0.5966109154929577 0.5780516431924883 0.07702464788732394 0.25821596244131456
0 0.6496478873239436 0.18661971830985916 0.0721830985915493 0.2676056338028169
0 0.22733274647887325 0.19219483568075119 0.0682218309859155 0.25410798122065725
0 0.8116197183098591 0.18838028169014084 0.09419014084507042 0.2676056338028169
0 0.14920774647887325 0.18456572769953053 0.06690140845070422 0.2529342723004695
0 0.9077904929577465 0.5636737089201878 0.06294014084507042 0.23884976525821597
0 0.21038732394366197 0.5572183098591549 0.07042253521126761 0.26936619718309857
0 0.5136443661971831 0.579518779342723 0.07658450704225352 0.27406103286384975
0 0.07262323943661972 0.5671948356807511 0.05721830985915493 0.2505868544600939
0 0.8941461267605634 0.18896713615023475 0.05677816901408451 0.2746478873239437
0 0.27860915492957744 0.5686619718309859 0.06690140845070422 0.25586854460093894
0 0.7266725352112676 0.19307511737089203 0.05897887323943662 0.27582159624413144
0 0.1368838028169014 0.5677816901408451 0.0721830985915493 0.2494131455399061
0 0.683318661971831 0.5041079812206573 0.05501760563380282 0.14788732394366197
0 0.07966549295774648 0.20980046948356806 0.05457746478873239 0.2517605633802817
0 0.2966549295774648 0.19512910798122066 0.04753521126760563 0.2564553990610329
0 0.44212147887323944 0.5950704225352113 0.05413732394366197 0.22183098591549297
0 0.02420774647887324 0.2039319248826291 0.04401408450704225 0.2634976525821596
0 0.9707306338028169 0.5713028169014085 0.04533450704225352 0.2306338028169014
0 0.8259242957746479 0.5592723004694836 0.061179577464788734 0.2511737089201878
0 0.952024647887324 0.19014084507042253 0.043133802816901406 0.2312206572769953
0 0.8939260563380281 0.8339201877934272 0.10123239436619719 0.1056338028169014
0 0.14590669014084506 0.9269366197183099 0.2169894366197183 0.12617370892018778
0 0.7455985915492958 0.9137323943661971 0.17693661971830985 0.17136150234741784
0 0.7079665492957746 0.641725352112676 0.04181338028169014 0.11913145539906103
0 0.5653609154929577 0.948943661971831 0.15096830985915494 0.07981220657276995
0 0.9044894366197183 0.9518779342723005 0.12323943661971831 0.0892018779342723
