0 0.6415052816901409 0.6314553990610329 0.08494718309859155 0.2793427230046948
0 0.5567781690140845 0.636443661971831 0.07834507042253522 0.2764084507042254
0 0.4722711267605634 0.6373239436619719 0.08450704225352113 0.2793427230046948
0 0.5367517605633803 0.21919014084507044 0.08142605633802817 0.24706572769953053
0 0.6234595070422535 0.22183098591549297 0.0761443661971831 0.24530516431924881
0 0.22425176056338028 0.6261737089201878 0.08230633802816902 0.2699530516431925
0 0.19234154929577466 0.22711267605633803 0.07042253521126761 0.2511737089201878
0 0.13710387323943662 0.6340962441314554 0.07966549295774648 0.2681924882629108
0 0.7086267605633803 0.2238849765258216 0.06954225352112677 0.24237089201877934
0 0.109375 0.2318075117370892 0.06734154929577464 0.25
0 0.8012764084507042 0.6455399061032864 0.08846830985915492 0.2664319248826291
0 0.272887323943662 0.23767605633802816 0.06778169014084508 0.25586854460093894
0 0.4474031690140845 0.21801643192488263 0.06470070422535211 0.23415492957746478
0 0.07504401408450705 0.6396713615023474 0.053257042253521125 0.2734741784037559
0 0.7898327464788732 0.2505868544600939 0.06998239436619719 0.2546948356807512
0 0.9355193661971831 0.24442488262910797 0.04973591549295775 0.272887323943662
0 0.7169894366197183 0.6340962441314554 0.06426056338028169 0.272887323943662
0 0.28653169014084506 0.6299882629107981 0.05017605633802817 0.2505868544600939
0 0.035211267605633804 0.238556338028169 0.06954225352112677 0.25410798122065725
0 0.023327464788732395 0.6335093896713615 0.045774647887323945 0.24237089201877934
0 0.8716989436619719 0.23796948356807512 0.07790492957746478 0.26467136150234744
0 0.9427816901408451 0.6408450704225352 0.04929577464788732 0.2535211267605634
0 0.8820422535211268 0.653755868544601 0.05457746478873239 0.27816901408450706
0 0.987455985915493 0.24882629107981222 0.03829225352112676 0.24530516431924881
0 0.6734154929577465 0.9289906103286385 0.05457746478873239 0.11854460093896714
0 0.04401408450704225 0.9419014084507042 0.06338028169014084 0.12206572769953052
0 0.9856954225352113 0.6440727699530516 0.02596830985915493 0.26467136150234744
0 0.3628961267605634 0.40492957746478875 0.10255281690140845 0.20774647887323944
0 0.36553697183098594 0.6117957746478874 0.09286971830985916 0.13673708920187794
