0 0.761443661971831 0.3421361502347418 0.974576829374132 0.5068414693954021
0 0.1430457746478873 0.007629107981220657 0.1905180256273557 0.17605186085212368
0 0.08054577464788733 0.005868544600938967 0.14080961893721483 0.17487918512640788
0 0.5074823943661971 0.05575117370892019 0.6076111433123388 0.3673381741938328
0 0.2680457746478873 0.0005868544600938967 0.3766425854865106 0.2453048199210915
0 0.6632922535211268 0.007629107981220657 0.7558700298179925 0.2453006871432035
0 0.2935739436619718 0.6678403755868545 0.4875468424543741 0.8992559622208998
0 0.3164612676056338 0.46068075117370894 0.48489592373784957 0.6452695535497808
0 0.5268485915492958 0.4964788732394366 0.7198385349509027 0.6798729584077233
0 0.0409330985915493 0.3949530516431925 0.2424995893051974 0.6664348867067822
0 0.006602112676056338 0.014084507042253521 0.053694277239139054 0.1666584011108907
0 0.1954225352112676 0.004694835680751174 0.24023088796865702 0.17018503824197137
0 0.7411971830985915 0.573943661971831 0.9745857406764532 0.7596397044237255
0 0.7570422535211268 0.0005868544600938967 0.8258111609799643 0.23004660395865018
0 0.8595950704225352 0.01232394366197183 0.9595688401978774 0.2224106080142829
0 0.735475352112676 0.7946009389671361 0.9565424844400913 0.973125234190747
0 0.534330985915493 0.7816901408450704 0.7286380585449316 0.9443769424056073
0 0.058538732394366196 0.6654929577464789 0.29002705161426307 0.8933887952125901
