0 0.29225352112676056 0.8204225352112676 0.5209981278516168 0.9443542121272235
0 0.8125 0.5387323943661971 0.9653113996478874 0.6458106030549494
0 0.7596830985915493 0.08098591549295775 0.8478170408897044 0.39255810685710507
0 0.6672535211267606 0.0733568075117371 0.7571887088375323 0.4001916920143711
0 0.8547535211267606 0.07863849765258216 0.9441660415840111 0.39608061121029775
0 0.5924295774647887 0.0892018779342723 0.6555491067000595 0.41191948246600096
0 0.44850352112676056 0.09096244131455399 0.5033237220417577 0.40722361359077786
0 0.5580985915492958 0.6009389671361502 0.786286048155128 0.7913140029535586
0 0.06382042253521127 0.058098591549295774 0.15358106495487006 0.3966795196058983
0 0.2909330985915493 0.11208920187793427 0.3462627935305495 0.40486379741673834
0 0.3670774647887324 0.12617370892018778 0.43117646238345564 0.4107240764619013
0 0.1443661971830986 0.04929577464788732 0.2006406838920849 0.39961895787872775
0 0.2847711267605634 0.5657276995305164 0.516600012708292 0.7684473428993366
0 0.2055457746478873 0.08744131455399061 0.2829200942893275 0.40781253443981574
0 0.04005281690140845 0.5856807511737089 0.2548239204150962 0.7895623939253675
0 0.013644366197183098 0.07276995305164319 0.06865596638811744 0.4213187969759087
0 0.519806338028169 0.0715962441314554 0.5662324796047411 0.2693241806079041
0 0.1153169014084507 0.04929577464788732 0.15707952601170402 0.19245933346558222
0 0.5589788732394366 0.8215962441314554 0.7827645339466375 0.9244004716877163
0 0.06954225352112677 0.7992957746478874 0.2807792507686967 0.9238267043576011
0 0.8054577464788732 0.7235915492957746 0.9635539358510216 0.91682887819877
0 0.9533450704225352 0.11913145539906103 0.9960592671344971 0.3989911200379114
