0 0.323943661971831 0.6232394366197183 0.4580440388811744 0.8229910566686504
0 0.6456866197183099 0.4231220657276995 0.8258601731427296 0.64529159503185
0 0.46170774647887325 0.6514084507042254 0.6362404455341202 0.8781388448059249
0 0.6487676056338029 0.704225352112676 0.8188165635538583 0.9021688818356146
0 0.3683978873239437 0.0035211267605633804 0.43425686712705813 0.3286364312636382
0 0.4964788732394366 0.018779342723004695 0.586489225848046 0.34623311071436447
0 0.31294014084507044 0.4460093896713615 0.45364747352955764 0.6077194780577045
0 0.6883802816901409 0.018779342723004695 0.7769857481154533 0.34623311071436447
0 0.596830985915493 0.03169014084507042 0.6766739300238048 0.34915980625537263
0 0.8882042253521126 0.022300469483568074 0.9520738537740527 0.3403624997244815
0 0.15404929577464788 0.4524647887323944 0.2741399430916485 0.6041945629174106
0 0.11443661971830986 0.009389671361502348 0.1724848430370958 0.3280461328219709
0 0.4454225352112676 0.012910798122065728 0.4976032471235866 0.3233492307522758
0 0.2689260563380282 0.018779342723004695 0.35771614170055543 0.3386040027331438
0 0.1795774647887324 0.009389671361502348 0.2596040592144416 0.34623862108488174
0 0.08362676056338028 0.6696009389671361 0.2490829107567943 0.892212675505301
0 0.46610915492957744 0.4096244131455399 0.6305166773085696 0.6165436476448676
0 0.7874119718309859 0.017018779342723004 0.8684914559983138 0.34916841620930594
0 0.8463908450704225 0.4765258215962441 0.999 0.672255559963852
0 0.855193661971831 0.6965962441314554 0.999 0.9925489458661201
