0 0.7284330985915493 0.6936619718309859 0.05897887323943662 0.2605633802816901
0 0.7940140845070423 0.6963028169014085 0.056338028169014086 0.25997652582159625
0 0.659330985915493 0.7235915492957746 0.05545774647887324 0.27699530516431925
0 0.5862676056338029 0.7121478873239436 0.058098591549295774 0.2494131455399061
0 0.48393485915492956 0.335093896713615 0.06382042253521127 0.3075117370892019
0 0.4251760563380282 0.3104460093896714 0.04753521126760563 0.2734741784037559
0 0.3305457746478873 0.3192488262910798 0.04841549295774648 0.2875586854460094
0 0.06602112676056338 0.7265258215962441 0.05721830985915493 0.29225352112676056
0 0.3102992957746479 0.647593896713615 0.0448943661971831 0.18603286384976525
0 0.355193661971831 0.6637323943661971 0.03873239436619718 0.18661971830985916
0 0.5325704225352113 0.6977699530516432 0.043133802816901406 0.20774647887323944
0 0.6316021126760564 0.33480046948356806 0.05721830985915493 0.3022300469483568
0 0.47315140845070425 0.7074530516431925 0.051056338028169015 0.24002347417840375
0 0.8972271126760564 0.33656103286384975 0.05149647887323944 0.25997652582159625
0 0.4128521126760563 0.6792840375586855 0.04753521126760563 0.22476525821596244
0 0.5585387323943662 0.34125586854460094 0.06073943661971831 0.29870892018779344
0 0.10167253521126761 0.22740610328638497 0.07394366197183098 0.1742957746478873
0 0.3798415492957746 0.31338028169014087 0.040492957746478875 0.28169014084507044
0 0.2733274647887324 0.3019366197183099 0.04225352112676056 0.22711267605633803
0 0.6998239436619719 0.32511737089201875 0.06514084507042253 0.2863849765258216
0 0.21346830985915494 0.846830985915493 0.06954225352112677 0.15375586854460094
0 0.018265845070422535 0.7077464788732394 0.035651408450704226 0.2934272300469484
0 0.922975352112676 0.7197769953051644 0.056338028169014086 0.2576291079812207
0 0.9526848591549296 0.33215962441314556 0.055897887323943664 0.2687793427230047
0 0.9784330985915493 0.7224178403755869 0.05017605633802817 0.2746478873239437
0 0.8494718309859155 0.7350352112676056 0.04753521126760563 0.22593896713615025
0 0.8419894366197183 0.3333333333333333 0.056338028169014086 0.29107981220657275
0 0.7720070422535211 0.3324530516431925 0.06073943661971831 0.29518779342723006
0 0.3125 0.8042840375586855 0.07922535211267606 0.10504694835680752
0 0.06426056338028169 0.9612676056338029 0.12764084507042253 0.06572769953051644
0 0.03895246478873239 0.36120892018779344 0.04621478873239437 0.23767605633802816
