0 0.5334507042253521 0.3345070422535211 0.6859447840210277 0.47398209680618925
0 0.5404929577464789 0.568075117370892 0.6797797126066257 0.6839389230531862
0 0.3683978873239437 0.18896713615023475 0.5209646136059314 0.33733041834732963
0 0.7350352112676056 0.5715962441314554 0.7941307063330688 0.7062373261478102
0 0.21875 0.3374413145539906 0.3643403389084507 0.46165643115343075
0 0.21742957746478872 0.18603286384976525 0.3586190890944257 0.3297030323568957
0 0.3670774647887324 0.3380281690140845 0.520084913087681 0.46811148581630624
0 0.8019366197183099 0.5669014084507042 0.8455977391638564 0.6956767010513787
0 0.3798415492957746 0.7247652582159625 0.5130370415716128 0.8499267809517512
0 0.40096830985915494 0.5592723004694836 0.5257918273284071 0.6903994880865789
0 0.2720070422535211 0.5369718309859155 0.374440137745487 0.6557881620710176
0 0.12367957746478873 0.7059859154929577 0.22353711286203135 0.8423086937115652
0 0.5259683098591549 0.75 0.6665818801453085 0.8651701877934272
0 0.12720070422535212 0.5669014084507042 0.24950387292947826 0.6786579217086557
0 0.258362676056338 0.6965962441314554 0.3669637488221583 0.7977132651149464
0 0.08230633802816902 0.18838028169014084 0.19494616798502282 0.3220725467830457
0 0.9383802816901409 0.5598591549295775 0.9846221917774252 0.7150470310123652
0 0.12632042253521128 0.8967136150234741 0.290877499814025 0.9836286891930615
0 0.49691901408450706 0.9172535211267606 0.6520700180395754 0.9959405789195266
0 0.3164612676056338 0.9096244131455399 0.48489592373784957 0.9941844927152902
0 0.7174295774647887 0.9413145539906104 0.8698426806437215 0.9971001675152638
0 0.5484154929577465 0.20598591549295775 0.66657200022317 0.3114988345566356
0 0.6971830985915493 0.17136150234741784 0.7422107468756199 0.41539239348453794
0 0.758362676056338 0.16842723004694835 0.8108457910756794 0.4212626600762635
0 0.09903169014084508 0.3444835680751174 0.2178261304180718 0.44815464579338316
0 0.014524647887323943 0.25586854460093894 0.08802177612328903 0.4347089973329807
0 0.018926056338028168 0.5762910798122066 0.0968226557850625 0.7115162611033966
