0 0.726012323943662 0.7488262910798122 0.06470070422535211 0.36502347417840375
0 0.6443661971830986 0.7318075117370892 0.0721830985915493 0.3474178403755869
0 0.5090228873239436 0.789906103286385 0.08142605633802817 0.30164319248826293
0 0.8003961267605634 0.783744131455399 0.06470070422535211 0.2963615023474178
0 0.4667693661971831 0.38879107981220656 0.07790492957746478 0.1977699530516432
0 0.06205985915492958 0.7681924882629108 0.06338028169014084 0.289906103286385
0 0.2605633802816901 0.778169014084507 0.07394366197183098 0.28169014084507044
0 0.6190580985915493 0.35269953051643194 0.05501760563380282 0.2852112676056338
0 0.37037852112676056 0.3703051643192488 0.07878521126760564 0.25234741784037557
0 0.12389964788732394 0.7743544600938967 0.05237676056338028 0.31161971830985913
0 0.19278169014084506 0.7834507042253521 0.056338028169014086 0.27582159624413144
0 0.28829225352112675 0.3846830985915493 0.07570422535211267 0.22359154929577466
0 0.053477112676056336 0.3720657276995305 0.05941901408450704 0.24647887323943662
0 0.546875 0.3629694835680751 0.07086267605633803 0.25528169014084506
0 0.12345950704225352 0.4069835680751174 0.05501760563380282 0.18838028169014084
0 0.20752640845070422 0.3823356807511737 0.06558098591549295 0.2282863849765258
0 0.7048855633802817 0.30839201877934275 0.08230633802816902 0.340962441314554
0 0.7981954225352113 0.3019366197183099 0.08758802816901408 0.3444835680751174
0 0.34264964788732394 0.784037558685446 0.05941901408450704 0.30985915492957744
0 0.4324383802816901 0.7746478873239436 0.06029929577464789 0.29460093896713613
0 0.5779049295774648 0.7693661971830986 0.04929577464788732 0.2863849765258216
