0 0.702024647887324 0.4630281690140845 0.7422086159120214 0.7027799130463532
0 0.4273767605633803 0.13380281690140844 0.48836823205961116 0.3579026978774053
0 0.3543133802816901 0.12265258215962441 0.42193912263191824 0.361430368202958
0 0.27992957746478875 0.13380281690140844 0.3506690450803412 0.359663261257687
0 0.6144366197183099 0.4471830985915493 0.6634619557131521 0.681662451233221
0 0.18089788732394366 0.12323943661971831 0.25476192874677644 0.3661248594855518
0 0.710387323943662 0.8169014084507042 0.7435253576919262 0.9883703630232096
0 0.1875 0.4642018779342723 0.2503576144366197 0.654657158522339
0 0.8463908450704225 0.34624413145539906 0.9146802857195994 0.5778484482796623
0 0.002640845070422535 0.6244131455399061 0.10035095033227534 0.7590232317221011
0 0.2566021126760563 0.4595070422535211 0.31150677723913905 0.6605284583085367
0 0.10871478873239436 0.10504694835680752 0.17380778398383256 0.3614407001476779
0 0.940580985915493 0.09154929577464789 0.9921036175238048 0.3133265555775971
0 0.8846830985915493 0.09917840375586855 0.9375507556784367 0.34149109248605874
0 0.8433098591549296 0.6103286384976526 0.8970760079845269 0.8247591968083935
0 0.8974471830985915 0.8198356807511737 0.9450275320496926 0.9860212231920474
0 0.31690140845070425 0.8098591549295775 0.3700189694505059 0.9291021953316141
0 0.6285211267605634 0.812206572769953 0.6748994185181512 0.9596172496638673
0 0.2636443661971831 0.8133802816901409 0.3097431142754414 0.9332081101633274
0 0.45422535211267606 0.818075117370892 0.4931979641936124 0.931444791597787
0 0.5651408450704225 0.8339201877934272 0.6111068922336839 0.9554965257113889
0 0.5057218309859155 0.8104460093896714 0.5481929041236857 0.9355572499944896
0 0.846830985915493 0.846244131455399 0.8944336131223964 0.9836583074345918
0 0.022007042253521125 0.846830985915493 0.14083538422436026 0.9355358973087351
0 0.9564260563380281 0.7981220657276995 0.999 0.9836865480834931
0 0.778169014084507 0.7464788732394366 0.8262420030747867 0.9954539443232162
0 0.06294014084507042 0.4800469483568075 0.16898638198026186 0.586572742401199
0 0.9251760563380281 0.45892018779342725 0.9916702570174569 0.7192142487160836
0 0.0022007042253521128 0.013497652582159625 0.07438283419708391 0.14025029480482268
0 0.006602112676056338 0.15082159624413147 0.08230343216871652 0.26047486995525576
0 0.006602112676056338 0.2711267605633803 0.08230343216871652 0.3730803246710309
0 0.7592429577464789 0.40492957746478875 0.8099651219376116 0.6664290319381075
