0 0.7293133802816901 0.04870892018779343 0.8253832247445944 0.13788221307500714
0 0.6161971830985915 0.34624413145539906 0.7087956878595517 0.4411113590777844
0 0.7200704225352113 0.2834507042253521 0.8064612366097996 0.39419985287310716
0 0.5224471830985915 0.06279342723004695 0.6084848383877207 0.15078474564129693
0 0.8547535211267606 0.43309859154929575 0.9296413936966871 0.5443467731270251
0 0.9370598591549296 0.4336854460093897 0.999 0.5455201376490555
0 0.40625 0.42370892018779344 0.5086240096830986 0.4733428938261809
0 0.577024647887324 0.6044600938967136 0.7339009574613172 0.6604433919636756
0 0.058098591549295774 0.10622065727699531 0.16326668195794486 0.16836489398047125
0 0.1619718309859155 0.6443661971830986 0.2666540616941083 0.7742697381471931
0 0.1698943661971831 0.10446009389671361 0.27413296902896256 0.16543165487447375
0 0.7962147887323944 0.7247652582159625 0.9468326519415791 0.7795042457404836
0 0.7834507042253521 0.6619718309859155 0.924391086837929 0.7108791245123322
0 0.5814260563380281 0.6789906103286385 0.7312581751512597 0.7319958975291498
0 0.5699823943661971 0.7247652582159625 0.7334639161996628 0.7800911002005775
0 0.1756161971830986 0.16666666666666666 0.2895353801949018 0.22290688575899842
0 0.15933098591549297 0.3227699530516432 0.2574122662914104 0.38478710683506356
0 0.46170774647887325 0.596830985915493 0.551733403280599 0.712091061627984
0 0.06294014084507042 0.16960093896713616 0.17294764958589567 0.22877370836915073
0 0.304137323943662 0.14847417840375587 0.40171472829051774 0.22409127102206353
0 0.3019366197183099 0.32981220657276994 0.39687414761456064 0.3853698285172695
0 0.6307218309859155 0.07687793427230047 0.7175921118701646 0.1431473721043003
0 0.043133802816901406 0.03755868544600939 0.1544704516712954 0.0968089444334237
0 0.6408450704225352 0.1602112676056338 0.7175876562190042 0.22760550981948027
0 0.15845070422535212 0.02699530516431925 0.27193730162666135 0.09681514360025568
0 0.013644366197183098 0.6396713615023474 0.13555737483882166 0.760774840750292
0 0.41153169014084506 0.30927230046948356 0.4949773187983535 0.38596873691287004
0 0.06029929577464789 0.3198356807511737 0.14345937530995834 0.3888968100465075
0 0.3058978873239437 0.38028169014084506 0.39951324916931164 0.4317017126231568
0 0.5154049295774648 0.3086854460093897 0.6111287830415593 0.3847953723908396
0 0.29973591549295775 0.07042253521126761 0.39731525707944854 0.14491172386431264
0 0.7359154929577465 0.1572769953051643 0.8068944033921841 0.22349925058960965
0 0.061619718309859156 0.41725352112676056 0.15886372371553262 0.47334668220591153
0 0.16285211267605634 0.43485915492957744 0.2644529700208292 0.4821391671626
0 0.8591549295774648 0.1431924882629108 0.9331605832176155 0.3285544645021931
0 0.5730633802816901 0.8075117370892019 0.7563498840755802 0.9156059203420838
0 0.445862676056338 0.7353286384976526 0.5601030533996231 0.8751553235689569
0 0.050616197183098594 0.829225352112676 0.156667862589268 0.8721659475633142
0 0.02992957746478873 0.7711267605633803 0.15227555916484825 0.8223174138729088
0 0.804137323943662 0.7992957746478874 0.9771988832200953 0.9015262348740329
0 0.17297535211267606 0.7834507042253521 0.28425485239783777 0.8592820124975203
0 0.3336267605633803 0.681924882629108 0.43163132624975203 0.7812899501862505
0 0.3402288732394366 0.7816901408450704 0.4391108147564967 0.8604567546121802
0 0.34815140845070425 0.857981220657277 0.44702986293642133 0.9267265368423373
0 0.4515845070422535 0.8744131455399061 0.5468963096359849 0.9249563303136503
0 0.7178697183098591 0.3961267605633803 0.7932579798775045 0.4545797378165708
0 0.7121478873239436 0.45305164319248825 0.8011830335002976 0.5220345941061078
0 0.616637323943662 0.44014084507042256 0.7043940856848839 0.5279107154665079
0 0.5096830985915493 0.3755868544600939 0.6194939775094228 0.43111761334832155
0 0.5132042253521126 0.43133802816901406 0.6142107375768696 0.4780332523308868
0 0.5162852112676056 0.4794600938967136 0.6084875505232097 0.5249533684894973
0 0.40625 0.36971830985915494 0.5042226012323944 0.4234919493486742
0 0.3028169014084507 0.42664319248826293 0.397313901011704 0.4721674629152064
0 0.3050176056338028 0.4765258215962441 0.40963687605385835 0.5202602547995328
0 0.17209507042253522 0.48826291079812206 0.26532918350773654 0.5231876391368556
0 0.15977112676056338 0.3855633802816901 0.24992967820124976 0.43404603088011634
0 0.06294014084507042 0.39436619718309857 0.15666243831829002 0.42054321232559677
0 0.07394366197183098 0.4706572769953052 0.16413998958539971 0.5114608818796976
0 0.002640845070422535 0.31103286384976525 0.062058696811148575 0.5056860135775529
0 0.05985915492957746 0.8773474178403756 0.16766731551279507 0.9091095379003284
0 0.6285211267605634 0.005868544600938967 0.7263958973913907 0.07628763583063326
0 0.519806338028169 0.14084507042253522 0.6062852965061495 0.21998776697745157
0 0.41505281690140844 0.06455399061032864 0.5072997126686174 0.14198089554541646
0 0.4185739436619718 0.1437793427230047 0.5094988671022614 0.21529120930591372
0 0.4185739436619718 0.0029342723004694834 0.5064178811867684 0.06455226861954198
0 0.30061619718309857 0.0029342723004694834 0.3973148696315215 0.0616179963190725
