0 0.589568661971831 0.4812206572769953 0.0664612676056338 0.2793427230046948
0 0.5266285211267606 0.13321596244131456 0.05765845070422535 0.23826291079812206
0 0.6793573943661971 0.1335093896713615 0.0664612676056338 0.24237089201877934
0 0.2689260563380282 0.4867957746478873 0.04665492957746479 0.2517605633802817
0 0.7341549295774648 0.4961854460093897 0.0528169014084507 0.2318075117370892
0 0.8545334507042254 0.4856220657276995 0.05149647887323944 0.26115023474178406
0 0.44696302816901406 0.4903169014084507 0.04533450704225352 0.2576291079812207
0 0.3855633802816901 0.4835680751173709 0.05545774647887324 0.2605633802816901
0 0.7986355633802817 0.4847417840375587 0.058538732394366196 0.2136150234741784
0 0.14524647887323944 0.48914319248826293 0.043133802816901406 0.25528169014084506
0 0.45686619718309857 0.14113849765258216 0.05017605633802817 0.23884976525821597
0 0.20290492957746478 0.49295774647887325 0.058098591549295774 0.24295774647887325
0 0.3287852112676056 0.48738262910798125 0.043133802816901406 0.25997652582159625
0 0.9124119718309859 0.4920774647887324 0.05193661971830986 0.25410798122065725
0 0.5952904929577465 0.1329225352112676 0.05765845070422535 0.2142018779342723
0 0.32196302816901406 0.12617370892018778 0.06029929577464789 0.22065727699530516
0 0.4011883802816901 0.1396713615023474 0.04621478873239437 0.2312206572769953
0 0.9084507042253521 0.13438967136150234 0.05897887323943662 0.2640845070422535
0 0.5116637323943662 0.4788732394366197 0.04357394366197183 0.29225352112676056
0 0.1423855633802817 0.12969483568075119 0.06734154929577464 0.23708920187793428
0 0.1993838028169014 0.12940140845070422 0.05457746478873239 0.24706572769953053
0 0.26298415492957744 0.1267605633802817 0.06029929577464789 0.2312206572769953
0 0.07570422535211267 0.14553990610328638 0.05545774647887324 0.2535211267605634
0 0.09132922535211267 0.4926643192488263 0.042693661971830985 0.23650234741784038
0 0.6685739436619719 0.4897300469483568 0.045774647887323945 0.232981220657277
0 0.8202024647887324 0.8259976525821596 0.047975352112676055 0.198943661971831
0 0.780149647887324 0.12764084507042253 0.05765845070422535 0.23884976525821597
0 0.976012323943662 0.49178403755868544 0.050616197183098594 0.25821596244131456
0 0.8373679577464789 0.1352699530516432 0.04709507042253521 0.22476525821596244
0 0.9744718309859155 0.13673708920187794 0.05545774647887324 0.2312206572769953
0 0.4392605633802817 0.8157276995305164 0.05545774647887324 0.22300469483568075
0 0.721830985915493 0.8257042253521126 0.04401408450704225 0.1795774647887324
0 0.3316461267605634 0.7975352112676056 0.042693661971830985 0.22300469483568075
0 0.5772447183098591 0.806631455399061 0.06910211267605634 0.2106807511737089
0 0.6553697183098591 0.8075117370892019 0.06338028169014084 0.22417840375586853
0 0.7737676056338029 0.82981220657277 0.04753521126760563 0.17253521126760563
0 0.8827024647887324 0.8262910798122066 0.0488556338028169 0.20422535211267606
0 0.17055457746478872 0.812793427230047 0.03829225352112676 0.17488262910798122
0 0.38446302816901406 0.8025234741784038 0.04357394366197183 0.20246478873239437
0 0.28014964788732394 0.7972417840375586 0.0488556338028169 0.20715962441314553
0 0.5059419014084507 0.8107394366197183 0.06470070422535211 0.22359154929577466
0 0.2205105633802817 0.8054577464788732 0.04401408450704225 0.19307511737089203
0 0.125 0.7960680751173709 0.04137323943661972 0.1954225352112676
0 0.026848591549295774 0.8101525821596244 0.03433098591549296 0.15669014084507044
0 0.9397007042253521 0.8324530516431925 0.04841549295774648 0.2153755868544601
0 0.9856954225352113 0.8383215962441315 0.04181338028169014 0.21654929577464788
0 0.02464788732394366 0.1358568075117371 0.040492957746478875 0.23415492957746478
