0 0.8758802816901409 0.07570422535211267 0.9397553343830589 0.239392192356014
0 0.3147007042253521 0.38321596244131456 0.37001993807032335 0.6459018685666424
0 0.23327464788732394 0.3914319248826291 0.29259098827117636 0.6347468122506557
0 0.17825704225352113 0.3902582159624413 0.23055534461168417 0.6324000832065948
0 0.53125 0.732981220657277 0.5820725132042254 0.9919407387202717
0 0.5849471830985915 0.732981220657277 0.6348657802891291 0.9901801753399899
0 0.559419014084507 0.3855633802816901 0.6045072979691529 0.6335765473120413
0 0.44190140845070425 0.40375586854460094 0.4852808532533227 0.6347395798893518
0 0.3798415492957746 0.4025821596244131 0.4272095767828804 0.6435430855870748
0 0.6157570422535211 0.04518779342723005 0.6647817970764729 0.23236784753906856
0 0.17033450704225353 0.04107981220657277 0.21779474713598493 0.276971197293306
0 0.6817781690140845 0.02992957746478873 0.7298935835523706 0.2270951117503141
0 0.2266725352112676 0.04929577464788732 0.2785093870883753 0.2540790517754414
0 0.28389084507042256 0.052230046948356805 0.34626589311396544 0.26053272884568757
0 0.4203345070422535 0.05868544600938967 0.46856499361485815 0.24820499680398508
0 0.6738556338028169 0.3996478873239437 0.7193336903020234 0.6306340094557958
0 0.702024647887324 0.732981220657277 0.7580536863345566 0.9854853396592388
0 0.488556338028169 0.04636150234741784 0.5424786283723467 0.24997279254557078
0 0.6113556338028169 0.4137323943661972 0.6665442976963897 0.6253440537591748
0 0.13556338028169015 0.40492957746478875 0.17555653020234083 0.6130252760695629
0 0.6390845070422535 0.744131455399061 0.6916201212557033 0.9866525050144371
0 0.7389964788732394 0.04518779342723005 0.7848860050709184 0.23764953767991362
0 0.5057218309859155 0.3949530516431925 0.5547950167997421 0.6441344172232141
0 0.5567781690140845 0.056924882629107984 0.6027478969326523 0.24996659337873878
0 0.34639084507042256 0.052230046948356805 0.4025764124801626 0.25407732978465475
0 0.11223591549295775 0.06455399061032864 0.1566407412343781 0.2646334777050409
0 0.8098591549295775 0.08744131455399061 0.861879463400119 0.23234305087174062
0 0.7940140845070423 0.3984741784037559 0.8394392543642134 0.6142027733694814
0 0.7293133802816901 0.3873239436619718 0.7818092810826225 0.6306412418170997
0 0.9128521126760564 0.3884976525821596 0.9670277939644912 0.6153823370583438
0 0.8507922535211268 0.397887323943662 0.9023544048179926 0.6177242445282021
0 0.9590669014084507 0.09330985915492958 0.999 0.24055556933148184
0 0.4788732394366197 0.7353286384976526 0.5301589466375719 0.999
0 0.30149647887323944 0.7552816901408451 0.3541806793666931 0.9919276515902928
0 0.7852112676056338 0.7699530516431925 0.8350417203927791 0.9807688068945756
0 0.2425176056338028 0.755868544600939 0.29654818767357666 0.984298199210915
0 0.42561619718309857 0.7517605633802817 0.4734042182230709 0.999
0 0.3595950704225352 0.7505868544600939 0.4153346852682999 0.9913435523154577
0 0.18794014084507044 0.7646713615023474 0.23671305451547311 0.9878141599991183
0 0.9198943661971831 0.7605633802816901 0.9758275112824836 0.9614081200819944
0 0.8538732394366197 0.7793427230046949 0.9080748797361634 0.9901529678855606
0 0.9617077464788732 0.7488262910798122 0.999 0.9637624258855165
0 0.00044014084507042255 0.04225352112676056 0.046214595008430864 0.26464656483501947
0 0.1443661971830986 0.7482394366197183 0.18391533177940886 0.9778472773259274
