0 0.3611355633802817 0.8274647887323944 0.04181338028169014 0.20892018779342722
0 0.13710387323943662 0.5067488262910798 0.050616197183098594 0.18720657276995306
0 0.3034771126760563 0.8277582159624414 0.053257042253521125 0.20129107981220656
0 0.20246478873239437 0.8277582159624414 0.0528169014084507 0.19307511737089203
0 0.8813820422535211 0.10357981220657277 0.07702464788732394 0.198943661971831
0 0.24691901408450703 0.818368544600939 0.04929577464788732 0.1766431924882629
0 0.21016725352112675 0.5243544600938967 0.06294014084507042 0.16490610328638497
0 0.4966989436619718 0.4903169014084507 0.05149647887323944 0.22241784037558684
0 0.2845510563380282 0.5088028169014085 0.05941901408450704 0.18192488262910797
0 0.3633362676056338 0.5005868544600939 0.050616197183098594 0.19718309859154928
0 0.4980193661971831 0.1153169014084507 0.05765845070422535 0.20129107981220656
0 0.9799735915492958 0.8098591549295775 0.04621478873239437 0.215962441314554
0 0.5688820422535211 0.10357981220657277 0.055897887323943664 0.20363849765258216
0 0.4278169014084507 0.4914906103286385 0.05897887323943662 0.22711267605633803
0 0.023987676056338027 0.8025234741784038 0.04357394366197183 0.2517605633802817
0 0.6377640845070423 0.511150234741784 0.06073943661971831 0.18544600938967137
0 0.7128080985915493 0.5126173708920188 0.05149647887323944 0.1813380281690141
0 0.575044014084507 0.5 0.04973591549295775 0.22417840375586853
0 0.28257042253521125 0.11150234741784038 0.06426056338028169 0.22183098591549297
0 0.20576584507042253 0.11795774647887323 0.04181338028169014 0.20539906103286384
0 0.35475352112676056 0.10387323943661972 0.06073943661971831 0.20657276995305165
0 0.6320422535211268 0.10534037558685445 0.05985915492957746 0.1742957746478873
0 0.1487676056338028 0.11443661971830986 0.05897887323943662 0.20774647887323944
0 0.1580105633802817 0.8213028169014085 0.04753521126760563 0.18720657276995306
0 0.9126320422535211 0.4680164319248826 0.0682218309859155 0.2505868544600939
0 0.8523327464788732 0.4724178403755869 0.05677816901408451 0.2546948356807512
0 0.976012323943662 0.47857981220657275 0.04357394366197183 0.232981220657277
0 0.8345070422535211 0.8060446009389671 0.061619718309859156 0.22711267605633803
0 0.7869718309859155 0.5041079812206573 0.06073943661971831 0.22417840375586853
0 0.9731514084507042 0.10123239436619719 0.05545774647887324 0.19072769953051644
0 0.7504401408450704 0.8494718309859155 0.06073943661971831 0.2153755868544601
0 0.4707306338028169 0.8268779342723005 0.05149647887323944 0.18896713615023475
0 0.6756161971830986 0.852406103286385 0.0625 0.18251173708920188
0 0.5294894366197183 0.8433098591549296 0.05985915492957746 0.18427230046948356
0 0.41813380281690143 0.823943661971831 0.040492957746478875 0.1807511737089202
0 0.9088908450704225 0.8221830985915493 0.05457746478873239 0.21713615023474178
0 0.5974911971830986 0.8286384976525821 0.04973591549295775 0.1936619718309859
0 0.07878521126760564 0.8198356807511737 0.06073943661971831 0.16549295774647887
0 0.08560739436619719 0.12881455399061034 0.05413732394366197 0.20598591549295775
0 0.4282570422535211 0.11208920187793427 0.06426056338028169 0.21244131455399062
0 0.7057658450704225 0.10974178403755869 0.053257042253521125 0.20774647887323944
0 0.7746478873239436 0.10387323943661972 0.06426056338028169 0.20187793427230047
0 0.028169014084507043 0.5140845070422535 0.04929577464788732 0.17018779342723006
