0 0.3668573943661972 0.46068075117370894 0.06734154929577464 0.32511737089201875
0 0.609375 0.4838615023474178 0.05149647887323944 0.2834507042253521
0 0.16109154929577466 0.12470657276995305 0.051056338028169015 0.23415492957746478
0 0.22909330985915494 0.125 0.058538732394366196 0.22183098591549297
0 0.3147007042253521 0.11883802816901408 0.06778169014084508 0.20950704225352113
0 0.6705545774647887 0.47300469483568075 0.058538732394366196 0.27582159624413144
0 0.8301056338028169 0.516725352112676 0.05545774647887324 0.1942488262910798
0 0.5462147887323944 0.4982394366197183 0.04225352112676056 0.284037558685446
0 0.9036091549295775 0.522887323943662 0.06426056338028169 0.215962441314554
0 0.4430017605633803 0.12177230046948356 0.055897887323943664 0.20129107981220656
0 0.7330545774647887 0.4850352112676056 0.04445422535211268 0.26467136150234744
0 0.37588028169014087 0.12118544600938967 0.05017605633802817 0.1942488262910798
0 0.4317781690140845 0.49061032863849763 0.0528169014084507 0.3004694835680751
0 0.704225352112676 0.11296948356807512 0.05193661971830986 0.20011737089201878
0 0.5090228873239436 0.12852112676056338 0.058538732394366196 0.22417840375586853
0 0.1034330985915493 0.12764084507042253 0.043133802816901406 0.232981220657277
0 0.49053697183098594 0.48884976525821594 0.05237676056338028 0.30633802816901406
0 0.30149647887323944 0.48444835680751175 0.0625 0.301056338028169
0 0.6366637323943662 0.12089201877934272 0.05149647887323944 0.19014084507042253
0 0.23767605633802816 0.48620892018779344 0.05721830985915493 0.2775821596244131
0 0.5759242957746479 0.12881455399061034 0.06470070422535211 0.2306338028169014
0 0.9016285211267606 0.11737089201877934 0.06294014084507042 0.21948356807511737
0 0.9705105633802817 0.5023474178403756 0.05545774647887324 0.25
0 0.971830985915493 0.11825117370892019 0.05369718309859155 0.2153755868544601
0 0.981294014084507 0.8274647887323944 0.0409330985915493 0.19014084507042253
0 0.7755281690140845 0.12001173708920188 0.058098591549295774 0.22946009389671362
0 0.8373679577464789 0.11032863849765258 0.055897887323943664 0.21713615023474178
0 0.9280369718309859 0.8500586854460094 0.05677816901408451 0.22007042253521128
0 0.15669014084507044 0.8617957746478874 0.05369718309859155 0.20598591549295775
0 0.7515404929577465 0.8776408450704225 0.05413732394366197 0.20246478873239437
0 0.42891725352112675 0.8679577464788732 0.05149647887323944 0.1960093896713615
0 0.3600352112676056 0.8711854460093896 0.06073943661971831 0.20715962441314553
0 0.5525968309859155 0.8817488262910798 0.04709507042253521 0.20481220657276994
0 0.8672975352112676 0.863556338028169 0.055897887323943664 0.2130281690140845
0 0.610475352112676 0.8846830985915493 0.04841549295774648 0.17781690140845072
0 0.6813380281690141 0.8964201877934272 0.05985915492957746 0.18251173708920188
0 0.48723591549295775 0.8779342723004695 0.0448943661971831 0.20305164319248825
0 0.22029049295774647 0.8705985915492958 0.06029929577464789 0.21185446009389672
0 0.29005281690140844 0.8794014084507042 0.06073943661971831 0.1789906103286385
0 0.8096390845070423 0.8623826291079812 0.047975352112676055 0.23415492957746478
0 0.17539612676056338 0.4818075117370892 0.053257042253521125 0.27699530516431925
0 0.05017605633802817 0.8629694835680751 0.0528169014084507 0.13673708920187794
