0 0.18794014084507044 0.3045774647887324 0.26664263198026183 0.5766991916286451
0 0.19234154929577466 0.7400234741784038 0.32165830037442966 0.8980398923273601
0 0.39436619718309857 0.005868544600938967 0.4712172683991272 0.20480876259119662
0 0.09991197183098592 0.7288732394366197 0.1760123626884547 0.8898304734510349
0 0.5545774647887324 0.323943661971831 0.6049495697778219 0.588424915691331
0 0.48811619718309857 0.2916666666666667 0.5389576953357469 0.584922730829421
0 0.6201584507042254 0.698943661971831 0.6687411274424717 0.8986508546584673
0 0.4317781690140845 0.3034037558685446 0.48264446383406073 0.5743524625845842
0 0.06690140845070422 0.3198356807511737 0.12409027226740726 0.5761033828164606
0 0.04665492957746479 0.007042253521126761 0.11617664835846062 0.2001132381141308
0 0.6720950704225352 0.7053990610328639 0.7281372820992859 0.907449883180145
0 0.11795774647887323 0.3257042253521127 0.17336357493552867 0.5790342111353568
0 0.7319542253521126 0.3532863849765258 0.7809278370487006 0.5948630948444974
0 0.1192781690140845 0.008215962441314555 0.1817256698199762 0.20774165729903676
0 0.3331866197183099 0.721244131455399 0.44175475941033526 0.9133091290308359
0 0.616637323943662 0.33215962441314556 0.6709433814595318 0.5819646950560956
0 0.6742957746478874 0.3415492957746479 0.7254954684090459 0.5895882926667989
0 0.37235915492957744 0.31161971830985913 0.41664948980856975 0.5690659508695365
0 0.9564260563380281 0.681924882629108 0.999 0.9168533304679407
0 0.01584507042253521 0.3104460093896714 0.06425358931759571 0.5737614753466023
0 0.4810739436619718 0.7488262910798122 0.5886967104121206 0.9203351958385682
0 0.320862676056338 0.009976525821596244 0.39158412734328507 0.20598006072428313
0 0.702024647887324 0.018192488262910797 0.7576135454894862 0.20304096684961095
0 0.1857394366197183 0.007042253521126761 0.2547597977831779 0.20598178271506976
0 0.2764084507042254 0.29401408450704225 0.31677974980162665 0.4875035128612048
0 0.2579225352112676 0.007629107981220657 0.3167878862080936 0.20304716601644293
0 0.47579225352112675 0.008802816901408451 0.5288398801701051 0.20011220491965878
0 0.6399647887323944 0.029342723004694836 0.6867781845120016 0.20948982234565452
0 0.8283450704225352 0.018192488262910797 0.8799171016415394 0.20773580253036214
0 0.894806338028169 0.022300469483568074 0.9437082718582623 0.2106676640437303
0 0.9049295774647887 0.687206572769953 0.9476650838127355 0.9233056299455575
0 0.7918133802816901 0.6866197183098591 0.8332782511530451 0.8974843780995834
0 0.8450704225352113 0.3427230046948357 0.8948745288633208 0.5936955850911415
0 0.7319542253521126 0.6919014084507042 0.7743257243726442 0.9180211846194537
0 0.7882922535211268 0.3403755868544601 0.8385614910855981 0.5755044744208601
0 0.8992077464788732 0.3427230046948357 0.9525091515200356 0.5925218761709538
0 0.9533450704225352 0.33392018779342725 0.9956191262894267 0.590766478763032
0 0.766725352112676 0.01643192488262911 0.8222857722922039 0.21360538032577311
0 0.8424295774647887 0.715962441314554 0.8966362545873834 0.9162465009147215
0 0.5404929577464789 0.011150234741784037 0.6009945013390201 0.20245824516740507
0 0.9590669014084507 0.04518779342723005 0.9947363261877604 0.2047856879146554
0 0.0008802816901408451 0.7136150234741784 0.09154890832672088 0.8933605545636889
