0 0.7297535211267606 0.4677230046948357 0.8020555662318984 0.6998428855606251
0 0.28433098591549294 0.8098591549295775 0.34758612192521327 0.999
0 0.3538732394366197 0.8075117370892019 0.4153372036798254 0.9901364367740086
0 0.4300176056338028 0.8215962441314554 0.4940889007017457 0.999
0 0.8886443661971831 0.06572769953051644 0.9780419699092442 0.33270790627961827
0 0.18705985915492956 0.4460093896713615 0.2419951321042452 0.6934002292314135
0 0.2517605633802817 0.44366197183098594 0.30754764059710377 0.7051386960259207
0 0.38028169014084506 0.4301643192488263 0.4311706506645507 0.701625490422976
0 0.8868838028169014 0.4336854460093897 0.9366695053684785 0.7069051141748771
0 0.3107394366197183 0.09507042253521127 0.4061132308817695 0.3162587614891226
0 0.12632042253521128 0.45422535211267606 0.17908172516613766 0.6969165344177742
0 0.676056338028169 0.02992957746478873 0.7285756794286847 0.3098415906235535
0 0.7592429577464789 0.02112676056338028 0.8143665303883159 0.32217070025788536
0 0.15096830985915494 0.0710093896713615 0.2142821442298155 0.3203808630342304
0 0.0664612676056338 0.44366197183098594 0.11836863500545526 0.6693405739601931
0 0.4414612676056338 0.4424882629107981 0.49056273711813125 0.7063130937424232
0 0.08626760563380281 0.06044600938967136 0.14212752306090062 0.3145185176001234
0 0.3191021126760563 0.44835680751173707 0.36385602899970243 0.7186335934228217
0 0.8169014084507042 0.45715962441314556 0.8728798849434636 0.7021965025678326
0 0.4220950704225352 0.03286384976525822 0.483969148296469 0.31453470431351804
0 0.0048415492957746475 0.47124413145539906 0.05853660143076771 0.6963196924111177
0 0.8191021126760564 0.022300469483568074 0.8834422966053362 0.3233437203817585
0 0.5096830985915493 0.040492957746478875 0.5741594704671692 0.3057274102360643
0 0.02596830985915493 0.0903755868544601 0.08097448577911129 0.3250643335757897
0 0.2249119718309859 0.10622065727699531 0.3022777676180321 0.32212076252507216
0 0.9480633802816901 0.4495305164319249 0.999 0.7174591957063193
0 0.8560739436619719 0.8403755868544601 0.9098344744966276 0.999
0 0.06734154929577464 0.8215962441314554 0.1148471207969649 0.9866070444576694
0 0.22315140845070422 0.8198356807511737 0.2705884016688157 0.9854343687319536
0 0.7966549295774648 0.8227699530516432 0.8500014723021226 0.999
0 0.1694542253521127 0.8116197183098591 0.21911555711912317 0.9842654813859684
0 0.016725352112676055 0.8221830985915493 0.06293277933445746 0.9965832258811083
0 0.6888204225352113 0.8221830985915493 0.7329714698844475 0.9971700803412021
0 0.11707746478873239 0.835093896713615 0.1628005821017655 0.9942282312812712
0 0.9163732394366197 0.8544600938967136 0.9745086385389803 0.9989117018228306
0 0.7464788732394366 0.8257042253521126 0.7910446835945248 0.9965811594921642
0 0.5022007042253521 0.45305164319248825 0.5367507919435628 0.7145228570169058
