0 0.4529049295774648 0.5223004694835681 0.5226879819852212 0.5847873823535895
0 0.22139084507042253 0.5897887323943662 0.29699762726889506 0.6451937859551677
0 0.37411971830985913 0.5821596244131455 0.44261702477187065 0.6434376997509312
0 0.1487676056338028 0.5246478873239436 0.21868452130033725 0.5935888216623686
0 0.2988556338028169 0.596830985915493 0.368706489597798 0.6581004512993455
0 0.37059859154929575 0.4424882629107981 0.43689674357766317 0.5279093378738786
0 0.16461267605633803 0.06044600938967136 0.2389240261108907 0.12907250821045207
0 0.8824823943661971 0.3374413145539906 0.9472348228898037 0.38712591472150587
0 0.6056338028169014 0.340962441314554 0.6806313231501686 0.39123182955321917
0 0.5110035211267606 0.1813380281690141 0.5944053681685182 0.2258325481055346
0 0.7891725352112676 0.3315727699530516 0.8781737796940091 0.3853687953227975
0 0.7055457746478874 0.3397887323943662 0.7765380520358064 0.39064566388943994
0 0.5123239436619719 0.3374413145539906 0.5886829560107121 0.3912338959421632
0 0.5088028169014085 0.2335680751173709 0.592645773408054 0.28155307037845223
0 0.8855633802816901 0.2106807511737089 0.9485538893572704 0.26102659580330184
0 0.11883802816901408 0.3368544600938967 0.1918491029805594 0.39710278494125945
0 0.6985035211267606 0.2811032863849765 0.7800622783797858 0.3255392586347506
0 0.1192781690140845 0.28169014084507044 0.19184890925659592 0.3372760034384712
0 0.23943661971830985 0.06866197183098592 0.3181164451497719 0.12143857865502877
0 0.32438380281690143 0.07394366197183098 0.3845403240304503 0.11145895325001652
0 0.5365316901408451 0.49589201877934275 0.6252039913335647 0.5407887957636272
0 0.5338908450704225 0.44366197183098594 0.6230044494519937 0.49328423593202403
0 0.6056338028169014 0.2828638497652582 0.6797510414600277 0.3267119343604664
0 0.6043133802816901 0.176056338028169 0.6819523268572704 0.21585912186735437
0 0.5127640845070423 0.2869718309859155 0.5869221989064669 0.3296437958738346
0 0.8846830985915493 0.2658450704225352 0.9441528683544931 0.32378764960655954
0 0.6091549295774648 0.2323943661971831 0.681069914203531 0.27861948687429744
0 0.7002640845070423 0.2282863849765258 0.7791812217937909 0.2721664986003659
0 0.07394366197183098 0.5868544600938967 0.14169280648680818 0.6451955079459543
0 0.34991197183098594 0.20715962441314553 0.4250220457870462 0.27570002369459323
0 0.0448943661971831 0.3392018779342723 0.11705770494445547 0.3971014073486301
0 0.9018485915492958 0.045774647887323945 0.9670326370635786 0.10971492098128678
0 0.3529929577464789 0.27230046948356806 0.42502068971930174 0.3314129692080496
0 0.7904929577464789 0.2875586854460094 0.8834548886629637 0.32846974255548944
0 0.4234154929577465 0.21009389671361503 0.49981363754711366 0.26102694020145917
0 0.5382922535211268 0.5498826291079812 0.6230025122123587 0.5906397402411339
0 0.8785211267605634 0.1437793427230047 0.9551591016167428 0.19651186658290903
0 0.789612676056338 0.22007042253521128 0.8790538676601864 0.2756924469351319
0 0.8587147887323944 0.5199530516431925 0.9309600727162269 0.5806807787255616
0 0.952024647887324 0.33039906103286387 0.999 0.38830375641958165
0 0.8279049295774648 0.058098591549295774 0.9001637742387423 0.10970768861998281
0 0.7786091549295775 0.44190140845070425 0.858372091040964 0.4850693066851815
0 0.9555457746478874 0.198943661971831 0.999 0.2563386480856973
0 0.09066901408450705 0.8262910798122066 0.14872769849732198 0.8874258855165422
0 0.31338028169014087 0.840962441314554 0.3695803783971434 0.903849200445238
0 0.8455105633802817 0.772887323943662 0.9287651802097798 0.8064713102559016
0 0.9018485915492958 0.937793427230047 0.9828777074861138 0.99592852498402
0 0.8463908450704225 0.8080985915492958 0.9155605674097401 0.844596186272565
0 0.03433098591549296 0.2112676056338028 0.12146376277028366 0.2786318852079614
0 0.03873239436619718 0.27699530516431925 0.11926112130529656 0.34021303092419936
0 0.11795774647887323 0.21244131455399062 0.18612765944257093 0.2798049053318345
0 0.207306338028169 0.2142018779342723 0.2732362208019242 0.27276161861623577
0 0.2007042253521127 0.27699530516431925 0.2644363097599683 0.3325839229429787
0 0.0048415492957746475 0.7130281690140845 0.07526195354344375 0.769534607882034
0 0.01232394366197183 0.7746478873239436 0.07833964615155722 0.8252496197844343
0 0.02112676056338028 0.8227699530516432 0.08405760265820274 0.8768645716237959
0 0.07306338028169014 0.704225352112676 0.1478551657657211 0.7666055015539245
0 0.0840669014084507 0.778755868544601 0.15885384379339418 0.8211392277766757
0 0.15536971830985916 0.7142018779342723 0.22132246051130727 0.77716302706694
0 0.16109154929577466 0.7758215962441315 0.22704177308569728 0.8223146586876501
0 0.1698943661971831 0.8169014084507042 0.2345202929726245 0.8886051048072472
0 0.22931338028169015 0.7053990610328639 0.30931808389952387 0.7771681930393
0 0.23591549295774647 0.7699530516431925 0.3106356005752827 0.8270129383499747
0 0.24339788732394366 0.8227699530516432 0.3071111805073398 0.8739302993233264
0 0.30721830985915494 0.7816901408450704 0.37442463982840707 0.8358088672882364
0 0.3028169014084507 0.7200704225352113 0.3709054503074786 0.7859623999867751
0 0.37235915492957744 0.7130281690140845 0.4412973771325134 0.787140241684851
0 0.3798415492957746 0.7893192488262911 0.44349478805048603 0.8446072070135996
0 0.38116197183098594 0.8433098591549296 0.4514167420898631 0.9003266960920452
0 0.44366197183098594 0.687793427230047 0.5372166980757785 0.7507700742797946
0 0.4449823943661972 0.7552816901408451 0.535015412678536 0.8064816422006216
0 0.45026408450704225 0.8039906103286385 0.5306116795402698 0.8504671416606053
0 0.4471830985915493 0.8450704225352113 0.5336940215235073 0.8897622826158831
0 0.5338908450704225 0.6924882629107981 0.6186030410012895 0.7478330467940665
0 0.5440140845070423 0.7511737089201878 0.6172781628149177 0.7918126914853756
0 0.5448943661971831 0.79518779342723 0.6216791838176948 0.8446037630320263
0 0.5440140845070423 0.846244131455399 0.6229999938008332 0.8856536125989111
0 0.6254401408450704 0.721830985915493 0.7184747182478675 0.7654214606890167
0 0.6188380281690141 0.7658450704225352 0.7109952297411228 0.8123439876347286
0 0.6285211267605634 0.8110328638497653 0.7140719537294188 0.8516367178029051
0 0.6307218309859155 0.8568075117370892 0.7140709851096012 0.8897553946527365
0 0.7134683098591549 0.704225352112676 0.8130662551453085 0.7713003372346757
0 0.7200704225352113 0.7775821596244131 0.809982363370363 0.8182056442725208
0 0.7178697183098591 0.8169014084507042 0.8077826277648283 0.8533938372016133
0 0.7178697183098591 0.846244131455399 0.8099833319901805 0.8915221571998501
0 0.8507922535211268 0.6936619718309859 0.9384459541137672 0.7272924518944653
0 0.8441901408450704 0.7318075117370892 0.9265650571563182 0.7724578594414688
0 0.8397887323943662 0.8403755868544601 0.9164437549593334 0.8885913288809539
0 0.9335387323943662 0.7024647887323944 0.999 0.7589774267671758
0 0.9379401408450704 0.7570422535211268 0.9956259066281492 0.8017857733253984
0 0.929137323943662 0.806924882629108 0.9956297811074193 0.8457705839890675
0 0.9247359154929577 0.8421361502347418 0.999 0.8856560233860126
0 0.9577464788732394 0.45481220657276994 0.999 0.5126438895501333
0 0.9564260563380281 0.5223004694835681 0.999 0.5853742368136834
0 0.9445422535211268 0.5809859154929577 0.999 0.6405041162467765
0 0.8595950704225352 0.4442488262910798 0.9296392627330887 0.5114763797967775
0 0.8587147887323944 0.5821596244131455 0.9265586642655227 0.6375691551499922
0 0.7715669014084507 0.48826291079812206 0.8583751906243801 0.5407932729396725
0 0.7662852112676056 0.5293427230046949 0.8429725857344773 0.5924123575569221
0 0.7684859154929577 0.6056338028169014 0.8473730255653641 0.6481187595053891
0 0.6571302816901409 0.4812206572769953 0.7527917560379885 0.5337551521964337
0 0.65625 0.539906103286385 0.7527921434859155 0.5906455950098084
0 0.6571302816901409 0.5956572769953051 0.7527917560379885 0.6434297785933126
0 0.5462147887323944 0.5985915492957746 0.6282807153218607 0.6522308735039344
0 0.4480633802816901 0.4647887323943662 0.5306126481600874 0.5249619784434305
0 0.4546654929577465 0.5809859154929577 0.5174055169485221 0.6451989519275276
0 0.3701584507042254 0.5205399061032864 0.4360166556114858 0.5877226878485309
0 0.29313380281690143 0.5205399061032864 0.3643075995586193 0.5865489789283431
0 0.2962147887323944 0.4665492957746479 0.363425961800734 0.5202661095682074
0 0.21610915492957747 0.4823943661971831 0.29083798012547113 0.5865713648085698
0 0.1443661971830986 0.4735915492957746 0.21164420501884545 0.5308253570720095
0 0.1500880281690141 0.596830985915493 0.2081205598467566 0.6522319066984065
0 0.06514084507042253 0.5117370892018779 0.13773541336044437 0.5906621261213604
0 0.06954225352112677 0.4706572769953052 0.1324517859799643 0.5161557175604488
0 0.14216549295774647 0.4284037558685446 0.1984409482865503 0.48390351892261235
0 0.07746478873239436 0.43133802816901406 0.1267264679627058 0.4704041443496661
0 0.00044014084507042255 0.4395539906103286 0.06514065134645904 0.4909392288787498
0 0.0048415492957746475 0.5 0.06293800988147193 0.5495892018779343
0 0.00044014084507042255 0.5469483568075117 0.06646107388167032 0.5953362979126716
0 0.00044014084507042255 0.5997652582159625 0.06866177810702243 0.6375588232052724
0 0.03653169014084507 0.1643192488262911 0.1060578645730014 0.20823690184928034
0 0.12015845070422536 0.16255868544600938 0.1861266908227534 0.2170407519451608
0 0.19410211267605634 0.1643192488262911 0.2763230184363221 0.20236835724834137
0 0.19278169014084506 0.3374413145539906 0.2785243038335648 0.3988630039233838
0 0.2711267605633803 0.28169014084507044 0.3401095392779211 0.33140745883753225
0 0.2755281690140845 0.3386150234741784 0.35243154570025786 0.39416747944631797
0 0.3534330985915493 0.3286384976525822 0.4281014819108312 0.40004187881593156
0 0.34683098591549294 0.15845070422535212 0.42942481030549495 0.20237180122991472
0 0.42297535211267606 0.1467136150234742 0.49541242282037296 0.2094209427141881
0 0.4282570422535211 0.2699530516431925 0.500691788273656 0.32378523881945825
0 0.4317781690140845 0.3268779342723005 0.5020106610171593 0.39593493078974634
0 0.6980633802816901 0.15669014084507044 0.7866645847798056 0.22878128512861207
0 0.9476232394366197 0.2652582159624413 0.999 0.32085372170424736
0 0.9630281690140845 0.12617370892018778 0.9978155685875818 0.19065365392669004
0 0.9027288732394366 0.004107981220657277 0.9639512637001586 0.045185382640128724
0 0.8309859154929577 0.011737089201877934 0.8988419956357866 0.059852266966430825
0 0.7649647887323944 0.004107981220657277 0.8297689415542551 0.05398819954153718
0 0.7618838028169014 0.06279342723004695 0.8297702976219996 0.11557347803566312
0 0.6848591549295775 0.04988262910798122 0.7483781429775838 0.10677823789371597
0 0.6892605633802817 0.014671361502347418 0.7527776141886531 0.052808291454517396
0 0.616637323943662 0.012910798122065728 0.6735842265299544 0.06572012277105513
0 0.6087147887323944 0.07746478873239436 0.6823905304627058 0.11263059578126033
0 0.5286091549295775 0.06279342723004695 0.5996793093508233 0.1173340414159448
0 0.5264084507042254 0.011737089201877934 0.6010007005058521 0.059852266966430825
0 0.4537852112676056 0.017605633802816902 0.5306101297485618 0.06865163988626595
0 0.4546654929577465 0.06866197183098592 0.5270886155400715 0.11733059743437149
0 0.3886443661971831 0.01584507042253521 0.4566951389233287 0.06865267308073796
0 0.386443661971831 0.06748826291079812 0.4514144174023012 0.11850499515087395
0 0.3173415492957746 0.029342723004694836 0.38542370530400716 0.06864475192311932
0 0.24031690140845072 0.0005868544600938967 0.3150350717863519 0.0657273551323591
0 0.16109154929577466 0.0029342723004694834 0.23452416745189447 0.059857432938790804
0 0.08274647887323944 0.0029342723004694834 0.16985794609204524 0.0627917052392603
0 0.0840669014084507 0.06866197183098592 0.1575334212581829 0.14197848475831515
0 0.002640845070422535 0.0029342723004694834 0.08714672498016267 0.07335508552095044
0 0.01232394366197183 0.07746478873239436 0.08406147713747272 0.1378653375652979
