0 0.8397887323943662 0.2620305164319249 0.13468309859154928 0.2318075117370892
0 0.3265845070422535 0.596537558685446 0.11619718309859155 0.1977699530516432
0 0.17341549295774647 0.2482394366197183 0.12059859154929578 0.22300469483568075
0 0.7068661971830986 0.6097417840375586 0.13468309859154928 0.21948356807511737
0 0.6826584507042254 0.25821596244131456 0.14172535211267606 0.21244131455399062
0 0.20576584507042253 0.5892018779342723 0.11839788732394366 0.18544600938967137
0 0.3050176056338028 0.24970657276995306 0.12588028169014084 0.20481220657276994
0 0.8472711267605634 0.6267605633802817 0.12411971830985916 0.20657276995305165
0 0.9601672535211268 0.2640845070422535 0.0761443661971831 0.2335680751173709
0 0.9601672535211268 0.6302816901408451 0.0761443661971831 0.18779342723004694
0 0.34242957746478875 0.8893779342723005 0.09419014084507042 0.16255868544600938
0 0.7695862676056338 0.9219483568075117 0.1131161971830986 0.15258215962441316
0 0.2249119718309859 0.8779342723004695 0.10211267605633803 0.16314553990610328
0 0.43639964788732394 0.9014084507042254 0.07262323943661972 0.16901408450704225
0 0.11553697183098592 0.8661971830985915 0.10255281690140845 0.17018779342723006
0 0.9000880281690141 0.9242957746478874 0.14172535211267606 0.15140845070422534
0 0.05501760563380282 0.24647887323943662 0.10915492957746478 0.1936619718309859
0 0.4152728873239437 0.2476525821596244 0.05677816901408451 0.2147887323943662
0 0.5867077464788732 0.25821596244131456 0.040492957746478875 0.23943661971830985
0 0.08626760563380281 0.5862676056338029 0.12323943661971831 0.176056338028169
0 0.42319542253521125 0.6026995305164319 0.04709507042253521 0.20305164319248825
0 0.5930897887323944 0.6100352112676056 0.06205985915492958 0.22124413145539906
0 0.6080545774647887 0.9049295774647887 0.13776408450704225 0.176056338028169
0 0.03279049295774648 0.8612089201877934 0.06470070422535211 0.15786384976525822
