0 0.8030369718309859 0.7687793427230047 0.07702464788732394 0.22417840375586853
0 0.8893045774647887 0.7643779342723005 0.07526408450704225 0.23884976525821597
0 0.7205105633802817 0.772887323943662 0.06954225352112677 0.20539906103286384
0 0.5525968309859155 0.7643779342723005 0.06734154929577464 0.20833333333333334
0 0.6032130281690141 0.41813380281690143 0.04973591549295775 0.2904929577464789
0 0.4828345070422535 0.41343896713615025 0.056338028169014086 0.2822769953051643
0 0.5442341549295775 0.4107981220657277 0.04709507042253521 0.27699530516431925
0 0.4665492957746479 0.7455985915492958 0.07306338028169014 0.21185446009389672
0 0.7288732394366197 0.42634976525821594 0.0528169014084507 0.2764084507042254
0 0.6300616197183099 0.7608568075117371 0.06470070422535211 0.232981220657277
0 0.4236355633802817 0.4251760563380282 0.0488556338028169 0.2811032863849765
0 0.7860915492957746 0.44366197183098594 0.05193661971830986 0.2687793427230047
0 0.663512323943662 0.4278169014084507 0.04533450704225352 0.2805164319248826
0 0.33076584507042256 0.7919600938967136 0.14216549295774647 0.1742957746478873
0 0.13622359154929578 0.45217136150234744 0.15360915492957747 0.2153755868544601
0 0.8439700704225352 0.4395539906103286 0.05501760563380282 0.2605633802816901
0 0.910431338028169 0.4240023474178404 0.047975352112676055 0.2705399061032864
0 0.27992957746478875 0.4612676056338028 0.12588028169014084 0.215962441314554
0 0.20268485915492956 0.7802230046948356 0.13424295774647887 0.17312206572769953
0 0.6980633802816901 0.10592723004694836 0.05457746478873239 0.16607981220657278
0 0.7548415492957746 0.10475352112676056 0.0528169014084507 0.16725352112676056
0 0.07086267605633803 0.7764084507042254 0.12940140845070422 0.17488262910798122
0 0.5662411971830986 0.107981220657277 0.05677816901408451 0.16901408450704225
0 0.6223591549295775 0.09917840375586855 0.0528169014084507 0.16901408450704225
0 0.4960387323943662 0.10328638497652583 0.05545774647887324 0.1784037558685446
0 0.4253961267605634 0.10534037558685445 0.058538732394366196 0.17194835680751175
0 0.040713028169014086 0.09507042253521127 0.08054577464788733 0.18896713615023475
0 0.967649647887324 0.7711267605633803 0.07350352112676056 0.2300469483568075
0 0.9588468309859155 0.43661971830985913 0.04709507042253521 0.26291079812206575
0 0.8224031690140845 0.09917840375586855 0.05501760563380282 0.17488262910798122
0 0.8901848591549296 0.11179577464788733 0.050616197183098594 0.17546948356807512
0 0.9504841549295775 0.1164906103286385 0.04621478873239437 0.15551643192488263
0 0.14502640845070422 0.0971244131455399 0.10959507042253522 0.19072769953051644
0 0.2893926056338028 0.09859154929577464 0.17033450704225353 0.18544600938967137
0 0.034991197183098594 0.4551056338028169 0.06294014084507042 0.20598591549295775
