0 0.6549295774647887 0.5642605633802817 0.14612676056338028 0.22241784037558684
0 0.9421214788732394 0.591255868544601 0.12191901408450705 0.20246478873239437
0 0.695862676056338 0.153462441314554 0.1426056338028169 0.24119718309859156
0 0.5160651408450704 0.1443661971830986 0.1500880281690141 0.22535211267605634
0 0.06316021126760564 0.846244131455399 0.12367957746478873 0.19718309859154928
0 0.198943661971831 0.5123239436619719 0.12059859154929578 0.20422535211267606
0 0.34815140845070425 0.5140845070422535 0.12852112676056338 0.2546948356807512
0 0.4966989436619718 0.5375586854460094 0.13952464788732394 0.24647887323943662
0 0.0664612676056338 0.49911971830985913 0.12411971830985916 0.20598591549295775
0 0.17671654929577466 0.11971830985915492 0.15889084507042253 0.2300469483568075
0 0.3389084507042254 0.13233568075117372 0.14612676056338028 0.23650234741784038
0 0.808318661971831 0.5660211267605634 0.12544014084507044 0.2529342723004695
0 0.2110475352112676 0.8125 0.09727112676056338 0.1602112676056338
0 0.04357394366197183 0.13086854460093897 0.08626760563380281 0.2136150234741784
0 0.5911091549295775 0.8987676056338029 0.12411971830985916 0.20129107981220656
0 0.4513644366197183 0.9055164319248826 0.12191901408450705 0.1784037558685446
0 0.733274647887324 0.9172535211267606 0.1267605633802817 0.15845070422535212
0 0.3232834507042254 0.8802816901408451 0.09991197183098592 0.17136150234741784
0 0.8659771126760564 0.9190140845070423 0.11663732394366197 0.1619718309859155
0 0.8818221830985915 0.17077464788732394 0.1386443661971831 0.23591549295774647
0 0.9707306338028169 0.9237089201877934 0.04357394366197183 0.15258215962441316
