0 0.5988116197183099 0.39818075117370894 0.1386443661971831 0.24471830985915494
0 0.2623239436619718 0.41167840375586856 0.09154929577464789 0.24471830985915494
0 0.5840669014084507 0.7582159624413145 0.12059859154929578 0.22065727699530516
0 0.4720510563380282 0.409037558685446 0.1192781690140845 0.24413145539906103
0 0.4482834507042254 0.7687793427230047 0.10519366197183098 0.19483568075117372
0 0.8402288732394366 0.7637910798122066 0.10035211267605634 0.18485915492957747
0 0.7411971830985915 0.40316901408450706 0.14524647887323944 0.2347417840375587
0 0.16285211267605634 0.7511737089201878 0.1073943661971831 0.1795774647887324
0 0.7167693661971831 0.7690727699530516 0.09463028169014084 0.1789906103286385
0 0.14722711267605634 0.4040492957746479 0.1544894366197183 0.23650234741784038
0 0.047755281690140844 0.7511737089201878 0.09463028169014084 0.18779342723004694
0 0.2911531690140845 0.7599765258215962 0.1131161971830986 0.20187793427230047
0 0.1150968309859155 0.06719483568075117 0.15096830985915494 0.125
0 0.8912852112676056 0.4072769953051643 0.13380281690140844 0.22417840375586853
0 0.9537852112676056 0.7640845070422535 0.07746478873239436 0.17136150234741784
0 0.2363556338028169 0.06103286384976526 0.09330985915492958 0.11267605633802817
0 0.4537852112676056 0.05985915492957746 0.10123239436619719 0.11854460093896714
0 0.5873679577464789 0.05663145539906103 0.1430457746478873 0.11208920187793427
0 0.7493397887323944 0.059565727699530516 0.13776408450704225 0.11561032863849766
0 0.9022887323943662 0.06044600938967136 0.125 0.10211267605633803
0 0.03983274647887324 0.40874413145539906 0.05765845070422535 0.23650234741784038
