0 0.7224911971830986 0.5941901408450704 0.13160211267605634 0.20833333333333334
0 0.136443661971831 0.5698356807511737 0.13732394366197184 0.22065727699530516
0 0.4220950704225352 0.57981220657277 0.12852112676056338 0.24647887323943662
0 0.4326584507042254 0.17165492957746478 0.15492957746478872 0.24119718309859156
0 0.27596830985915494 0.5824530516431925 0.14084507042253522 0.22593896713615025
0 0.7249119718309859 0.9286971830985915 0.125 0.1414319248826291
0 0.5746038732394366 0.5859741784037559 0.14040492957746478 0.20715962441314553
0 0.430237676056338 0.4005281690140845 0.030369718309859156 0.06514084507042253
0 0.3963468309859155 0.4022887323943662 0.02948943661971831 0.0698356807511737
0 0.8712588028169014 0.5997652582159625 0.13336267605633803 0.1936619718309859
0 0.4267165492957746 0.9190140845070423 0.13336267605633803 0.1619718309859155
0 0.2867517605633803 0.9193075117370892 0.12632042253521128 0.15669014084507044
0 0.15625 0.9198943661971831 0.12940140845070422 0.1602112676056338
0 0.5790052816901409 0.9272300469483568 0.1192781690140845 0.14553990610328638
0 0.8758802816901409 0.9342723004694836 0.13556338028169015 0.13145539906103287
0 0.025088028169014086 0.18896713615023475 0.04929577464788732 0.1795774647887324
0 0.1133362676056338 0.18016431924882628 0.1386443661971831 0.22417840375586853
0 0.26452464788732394 0.1681338028169014 0.15669014084507044 0.22124413145539906
0 0.590669014084507 0.1710680751173709 0.14788732394366197 0.2482394366197183
0 0.7486795774647887 0.17312206572769953 0.14524647887323944 0.24413145539906103
0 0.9027288732394366 0.17546948356807512 0.13996478873239437 0.23591549295774647
0 0.03873239436619718 0.5704225352112676 0.06866197183098592 0.21948356807511737
0 0.9766725352112676 0.5824530516431925 0.03697183098591549 0.22007042253521128
0 0.045554577464788734 0.903755868544601 0.08934859154929578 0.18544600938967137
