0 0.6868397887323944 0.17928403755868544 0.0840669014084507 0.32805164319248825
0 0.9548855633802817 0.6208920187793427 0.09022887323943662 0.3415492957746479
0 0.7629841549295775 0.6220657276995305 0.06910211267605634 0.2640845070422535
0 0.8316461267605634 0.6431924882629108 0.06470070422535211 0.24295774647887325
0 0.5237676056338029 0.17517605633802816 0.0625 0.32922535211267606
0 0.7878521126760564 0.17165492957746478 0.07394366197183098 0.3221830985915493
0 0.35827464788732394 0.6132629107981221 0.0528169014084507 0.3004694835680751
0 0.2869718309859155 0.5944835680751174 0.05545774647887324 0.2934272300469484
0 0.5162852112676056 0.6276408450704225 0.06954225352112677 0.2975352112676056
0 0.596830985915493 0.18192488262910797 0.05897887323943662 0.3368544600938967
0 0.44036091549295775 0.630868544600939 0.06998239436619719 0.3075117370892019
0 0.6914612676056338 0.6050469483568075 0.06338028169014084 0.318075117370892
0 0.1586707746478873 0.5874413145539906 0.05413732394366197 0.3051643192488263
0 0.21764964788732394 0.5921361502347418 0.050616197183098594 0.30985915492957744
0 0.444762323943662 0.17341549295774647 0.06734154929577464 0.33392018779342725
0 0.1637323943661972 0.1813380281690141 0.0625 0.29577464788732394
0 0.3023767605633803 0.17370892018779344 0.06778169014084508 0.323943661971831
0 0.6027728873239436 0.6167840375586855 0.06029929577464789 0.2875586854460094
0 0.23349471830985916 0.1807511737089202 0.05237676056338028 0.3227699530516432
0 0.3672975352112676 0.1807511737089202 0.06910211267605634 0.3192488262910798
0 0.9623679577464789 0.198943661971831 0.0682218309859155 0.3039906103286385
0 0.8853433098591549 0.1807511737089202 0.07790492957746478 0.3333333333333333
0 0.2772887323943662 0.9105046948356808 0.04665492957746479 0.17077464788732394
0 0.21390845070422534 0.8943661971830986 0.05017605633802817 0.18427230046948356
0 0.1481073943661972 0.8987676056338029 0.055897887323943664 0.18603286384976525
0 0.492737676056338 0.908744131455399 0.050616197183098594 0.16255868544600938
0 0.7775088028169014 0.9272300469483568 0.05413732394366197 0.12793427230046947
0 0.9273767605633803 0.9328051643192489 0.05369718309859155 0.13673708920187794
0 0.7053257042253521 0.9254694835680751 0.050616197183098594 0.13262910798122066
0 0.3435299295774648 0.9061032863849765 0.053257042253521125 0.18779342723004694
0 0.4196742957746479 0.9022887323943662 0.047975352112676055 0.16725352112676056
0 0.8543133802816901 0.9351525821596244 0.0528169014084507 0.13673708920187794
0 0.5598591549295775 0.9225352112676056 0.04929577464788732 0.15375586854460094
0 0.6247799295774648 0.9401408450704225 0.047975352112676055 0.11619718309859155
0 0.8886443661971831 0.659330985915493 0.035211267605633804 0.2318075117370892
0 0.9777728873239436 0.9301643192488263 0.03917253521126761 0.13262910798122066
