0 0.710387323943662 0.41960093896713613 0.8042647943116445 0.6006927224536578
0 0.8138204225352113 0.397887323943662 0.9067720860816306 0.6095082820868876
0 0.9220950704225352 0.40199530516431925 0.9969533032260465 0.6001161999382839
0 0.47491197183098594 0.7758215962441315 0.566252239449018 0.9567043300491525
0 0.3890845070422535 0.7018779342723005 0.46241677618528065 0.8898463157662722
0 0.23459507042253522 0.31279342723004694 0.30227350569083516 0.6031028207586678
0 0.13600352112676056 0.004694835680751174 0.2050457730980956 0.23356531993211221
0 0.16637323943661972 0.3227699530516432 0.2314408568488395 0.6207025997928101
0 0.5880281690140845 0.4055164319248826 0.7022059735171593 0.6183066218122506
0 0.04401408450704225 0.0017605633802816902 0.13070245858956556 0.22711164286186603
0 0.2125880281690141 0.004694835680751174 0.2741141778045031 0.22417564857060987
0 0.01936619718309859 0.3362676056338028 0.10430485642729617 0.6259763687760365
0 0.022007042253521125 0.715962441314554 0.07129313070323348 0.9373732614781017
0 0.09595070422535211 0.33568075117370894 0.15972889493652054 0.6154133328925038
0 0.5801056338028169 0.7634976525821596 0.6758010098442769 0.9508430178095175
0 0.46830985915492956 0.3996478873239437 0.5843009199563579 0.6165495024135423
0 0.866637323943662 0.7453051643192489 0.9556044730088277 0.9297269335890145
0 0.00044014084507042255 0.3755868544600939 0.04225332740279707 0.6247795851793074
0 0.7662852112676056 0.7617370892018779 0.8596979378471533 0.9461492153232383
0 0.20466549295774647 0.7265258215962441 0.2644345662442968 0.9502778604333356
0 0.14084507042253522 0.7130281690140845 0.2041633604443563 0.9444172369900152
0 0.07790492957746478 0.715962441314554 0.1342086686049395 0.9508709140602614
0 0.2746478873239437 0.7306338028169014 0.32602348244395957 0.9620125388481121
0 0.6747359154929577 0.7535211267605634 0.7690692183470542 0.9490883091979105
0 0.00044014084507042255 0.005868544600938967 0.03961248233237453 0.2300435043752342
0 0.36795774647887325 0.01232394366197183 0.480471849583416 0.22417117139456458
0 0.4898767605633803 0.0029342723004694834 0.6102597373413013 0.22711095406555137
0 0.6179577464788732 0.0005868544600938967 0.7255202650763738 0.2259386227379929
0 0.7394366197183099 0.0005868544600938967 0.8372625719103353 0.2288728950384624
0 0.8565140845070423 0.006455399061032864 0.9578096328853402 0.22769574213670127
