0 0.4005281690140845 0.43779342723004694 0.4830983590805396 0.48507171747228284
0 0.6584507042253521 0.3615023474178404 0.7263827241618727 0.4164545174017501
0 0.4977992957746479 0.3286384976525822 0.575485123549395 0.3795019727126452
0 0.7310739436619719 0.4137323943661972 0.7967732949191628 0.4751093119751372
0 0.3217429577464789 0.6226525821596244 0.39642528919113273 0.6833200395644603
0 0.8085387323943662 0.3562206572769953 0.8702427206283476 0.4135233446846966
0 0.8688380281690141 0.41784037558685444 0.9463605466425312 0.46454352090634576
0 0.22095070422535212 0.5721830985915493 0.3040400745139853 0.637575009918667
0 0.5818661971830986 0.323943661971831 0.6471910800188455 0.35779111287442966
0 0.733274647887324 0.5874413145539906 0.8055751432007539 0.6551716893693932
0 0.5052816901408451 0.5786384976525821 0.5842846471434239 0.6639796722431617
0 0.02244718309859155 0.125 0.10166265528912914 0.27750880281690143
0 0.22843309859154928 0.22887323943661972 0.27982903472773263 0.2780346988031475
0 0.33098591549295775 0.11384976525821597 0.40522403788930766 0.16307872666358084
0 0.8173415492957746 0.16666666666666666 0.8808022264307677 0.225254303599374
0 0.15713028169014084 0.2347417840375587 0.2059167560379885 0.28859463510326433
0 0.8987676056338029 0.2353286384976526 0.9498685001735766 0.2950496897661399
0 0.7394366197183099 0.1068075117370892 0.795449191628645 0.15897487822081158
0 0.15625 0.16666666666666666 0.21692066461267606 0.22055946791862283
0 0.31954225352112675 0.5757042253521126 0.39202484936024595 0.6299438355485022
0 0.891725352112676 0.11854460093896714 0.9445899096161476 0.16483653485860392
0 0.2266725352112676 0.16901408450704225 0.2855516406095021 0.21762381802552402
0 0.8908450704225352 0.17194835680751175 0.9415093111485816 0.22525120401595805
0 0.6615316901408451 0.10504694835680752 0.724180663868776 0.15897591141528356
0 0.335387323943662 0.16842723004694835 0.40082069219896843 0.21762416242368135
0 0.7394366197183099 0.1596244131455399 0.7888470789525888 0.22173730961669863
0 0.5827464788732394 0.107981220657277 0.6370674531342987 0.1613216072648725
0 0.4084507042253521 0.5774647887323944 0.47605261852806985 0.637571910335251
0 0.6628521126760564 0.23767605633802816 0.7096554348095616 0.29563516663360445
0 0.5875880281690141 0.22769953051643194 0.6344244771002777 0.28273022328021336
0 0.8116197183098591 0.6068075117370892 0.8812448856873636 0.6715922491128303
0 0.5466549295774648 0.8503521126760564 0.6251995356824043 0.9660502628446737
0 0.37455985915492956 0.8632629107981221 0.45274007048452686 0.9918642823293439
0 0.6399647887323944 0.8568075117370892 0.7189084662021424 0.9660464744649431
0 0.08362676056338028 0.8884976525821596 0.17954065723566753 0.9824598018470762
0 0.7315140845070423 0.8585680751173709 0.8196604251388613 0.9883459107540391
0 0.8080985915492958 0.6660798122065728 0.870242914352311 0.72730863860786
0 0.8045774647887324 0.7276995305164319 0.8658430556933148 0.7830236505102602
0 0.7341549295774648 0.6555164319248826 0.7954515163162071 0.7126434762723445
0 0.7341549295774648 0.7171361502347418 0.7888494036401508 0.7607293801935243
0 0.6606514084507042 0.5897887323943662 0.7338641499082523 0.6657336920584541
0 0.659330985915493 0.6672535211267606 0.73078374516465 0.7255473864312637
0 0.6606514084507042 0.7171361502347418 0.7316634456829002 0.7771613050761533
0 0.5836267605633803 0.5897887323943662 0.6515917135736957 0.6727759455795809
0 0.5779049295774648 0.6719483568075117 0.6603970488866296 0.7243709223258172
0 0.5858274647887324 0.7306338028169014 0.6590731393200754 0.791824745420882
0 0.5044014084507042 0.6602112676056338 0.5732815134645903 0.7243778102889638
0 0.5022007042253521 0.7230046948356808 0.5776838905351122 0.7753972977142983
0 0.4097711267605634 0.6349765258215962 0.48661541763786953 0.6715757180012784
0 0.41065140845070425 0.676056338028169 0.4822136217392382 0.7226079481584341
0 0.41065140845070425 0.7230046948356808 0.49321714286599877 0.7654207718927021
0 0.3173415492957746 0.6748826291079812 0.3964272264307677 0.7155663834336221
0 0.3217429577464789 0.7171361502347418 0.39642528919113273 0.762489943573806
0 0.2169894366197183 0.6379107981220657 0.2961192828183892 0.6668791603297406
0 0.230193661971831 0.6660798122065728 0.311518400676949 0.7050081691242919
0 0.22579225352112675 0.7083333333333334 0.3093196336912319 0.756626564945227
0 0.13908450704225353 0.5692488262910798 0.22265005083316802 0.6276002060878573
0 0.14568661971830985 0.630868544600939 0.22132672243850426 0.693291743811854
0 0.14788732394366197 0.6924882629107981 0.2314489932553065 0.7625044082964139
0 0.07834507042253522 0.6279342723004695 0.14433171431759573 0.6803826676805748
0 0.07746478873239436 0.6807511737089202 0.1597370313429875 0.7537084793581521
0 0.009242957746478873 0.6026995305164319 0.07526001630380877 0.6422519368952369
0 0.007042253521126761 0.6349765258215962 0.0796623933743305 0.6979841687055037
0 0.011443661971830986 0.6936619718309859 0.08494214627554056 0.7595694471996297
0 0.01232394366197183 0.43720657276995306 0.07833964615155722 0.49563544215213035
0 0.005721830985915493 0.49589201877934275 0.10387072102509423 0.5337465422425004
0 0.09154929577464789 0.3914319248826291 0.15973083217615552 0.4223054976966651
0 0.09286971830985916 0.4119718309859155 0.16633236368032137 0.46161269258744964
0 0.09286971830985916 0.45598591549295775 0.16413165945496924 0.482126768828936
0 0.10871478873239436 0.4823943661971831 0.16104369947679031 0.5278859187991801
0 0.16109154929577466 0.4782863849765258 0.23804529421245785 0.5407991277083471
0 0.24559859154929578 0.36384976525821594 0.30182852174667724 0.41175830412836956
0 0.23459507042253522 0.3855633802816901 0.306234773296469 0.43815401210077365
0 0.2323943661971831 0.43133802816901406 0.30931672783177944 0.4721647077299478
0 0.2323943661971831 0.4706572769953052 0.3128378545923428 0.4985500837576319
0 0.2381161971830986 0.49413145539906106 0.3269198432230708 0.5278790308360334
0 0.31161971830985913 0.36678403755868544 0.38410580118032134 0.4047143286164562
0 0.3085387323943662 0.3884976525821596 0.3929099741494743 0.432283745509048
0 0.3160211267605634 0.4284037558685446 0.3942271033773061 0.4662978851197955
0 0.3160211267605634 0.45598591549295775 0.3885052723913906 0.49679813033128345
0 0.3217429577464789 0.49002347417840375 0.39642528919113273 0.531989422843792
0 0.3996478873239437 0.3826291079812207 0.4844191690636779 0.4322871894906214
0 0.39744718309859156 0.4841549295774648 0.4875011235989883 0.5454905194075249
0 0.4942781690140845 0.3755868544600939 0.5732859691157509 0.43229132226850936
0 0.4942781690140845 0.4284037558685446 0.577687377566455 0.48096924662214285
0 0.4898767605633803 0.4841549295774648 0.5732879063553858 0.533753430205647
0 0.582306338028169 0.3550469483568075 0.6458704637596706 0.4193925780819502
0 0.5783450704225352 0.4137323943661972 0.6427912213598492 0.48273841995635786
0 0.5814260563380281 0.4694835680751174 0.6493919779681612 0.5290672044788292
0 0.6659330985915493 0.3257042253521127 0.7184568956432256 0.361898060900615
0 0.6549295774647887 0.409037558685446 0.732986386629637 0.47804633946086533
0 0.6584507042253521 0.4823943661971831 0.7219813157111684 0.5407967169212459
0 0.7275528169014085 0.4706572769953052 0.804257239077068 0.5366956236637351
0 0.8036971830985915 0.41960093896713613 0.8781673868032136 0.47510586799356386
0 0.8089788732394366 0.4724178403755869 0.864960836763539 0.5290654824880425
0 0.8807218309859155 0.4636150234741784 0.9331510907434042 0.5349391930613414
0 0.8816021126760564 0.3591549295774648 0.9463549286475899 0.4193901672948489
0 0.9498239436619719 0.36502347417840375 0.9956206760811347 0.4176261599329939
0 0.9467429577464789 0.42077464788732394 0.990340342008034 0.4780394514977187
0 0.9423415492957746 0.4753521126760563 0.9925429834730213 0.5319980327977253
0 0.8904049295774648 0.6073943661971831 0.9450306316331085 0.6745261770151425
0 0.8838028169014085 0.67018779342723 0.9362307205911524 0.7226113921400075
0 0.8772007042253521 0.7276995305164319 0.9397547532111684 0.7800893782097909
0 0.9511443661971831 0.5880281690140845 0.9956200949092442 0.6510633637505786
0 0.9533450704225352 0.6349765258215962 0.9934184220640746 0.6921156241045647
0 0.9533450704225352 0.6936619718309859 0.9978198305147788 0.7284661608146531
0 0.9511443661971831 0.7306338028169014 0.9978207991345963 0.7724585482377835
0 0.19850352112676056 0.8509389671361502 0.2609161516192224 0.9179278527188167
0 0.2367957746478873 0.903755868544601 0.30051197369073596 0.9648452136921687
0 0.30721830985915494 0.9019953051643192 0.3634211187016465 0.9677805191871102
0 0.2733274647887324 0.8245305164319249 0.34362969741866695 0.8751029750490423
0 0.44938380281690143 0.8626760563380281 0.5446965740304502 0.9795406830655293
0 0.8213028169014085 0.863849765258216 0.8913638631967864 0.9707371773678062
0 0.9102112676056338 0.8509389671361502 0.9978388154632017 0.9707447541272675
0 0.3380281690140845 0.22711267605633803 0.40302023408053955 0.2962282202605303
0 0.4119718309859155 0.10856807511737089 0.4756109278912914 0.16542924408737245
0 0.4084507042253521 0.15845070422535212 0.466809660781591 0.2229117073332011
0 0.4185739436619718 0.21713615023474178 0.49409393752479663 0.29623407502920496
0 0.4810739436619718 0.09800469483568075 0.5270769921022614 0.16719600663448608
0 0.480193661971831 0.15375586854460094 0.5372006189868083 0.20237455641517338
0 0.4867957746478873 0.1965962441314554 0.5393984173527079 0.2757062228614252
0 0.21170774647887325 0.09800469483568075 0.28731879060454274 0.15663262635279596
0 0.1487676056338028 0.1068075117370892 0.21472325369470344 0.16836454958231392
