0 0.4680897887323944 0.7796361502347418 0.07262323943661972 0.27406103286384975
0 0.3653169014084507 0.3767605633802817 0.05985915492957746 0.3485915492957746
0 0.648987676056338 0.38585680751173707 0.06294014084507042 0.34917840375586856
0 0.2948943661971831 0.37940140845070425 0.05985915492957746 0.37265258215962443
0 0.08604753521126761 0.37822769953051644 0.06205985915492958 0.3210093896713615
0 0.4423415492957746 0.37646713615023475 0.05457746478873239 0.38204225352112675
0 0.14326584507042253 0.7702464788732394 0.05149647887323944 0.25528169014084506
0 0.20774647887323944 0.7811032863849765 0.058098591549295774 0.25586854460093894
0 0.21852992957746478 0.3796948356807512 0.053257042253521125 0.3333333333333333
0 0.05787852112676056 0.7646713615023474 0.05149647887323944 0.2699530516431925
0 0.581205985915493 0.3890845070422535 0.058538732394366196 0.3626760563380282
0 0.6830985915492958 0.7943075117370892 0.05457746478873239 0.25880281690140844
0 0.15691021126760563 0.37059859154929575 0.05149647887323944 0.3362676056338028
0 0.7220510563380281 0.3823356807511737 0.055897887323943664 0.32805164319248825
0 0.5127640845070423 0.3882042253521127 0.04665492957746479 0.3585680751173709
0 0.953125 0.7755281690140845 0.055897887323943664 0.26936619718309857
0 0.018705985915492957 0.7863849765258216 0.03653169014084507 0.2793427230046948
0 0.7079665492957746 0.05780516431924883 0.05765845070422535 0.10269953051643192
0 0.8798415492957746 0.06455399061032864 0.06338028169014084 0.11971830985915492
0 0.1192781690140845 0.0539906103286385 0.06426056338028169 0.10328638497652583
0 0.3668573943661972 0.0534037558685446 0.07174295774647887 0.10446009389671361
0 0.20532570422535212 0.05369718309859155 0.0488556338028169 0.09917840375586855
0 0.7951144366197183 0.3597417840375587 0.061179577464788734 0.3086854460093897
0 0.8646566901408451 0.3371478873239437 0.05941901408450704 0.31866197183098594
0 0.801056338028169 0.05780516431924883 0.06602112676056338 0.10387323943661972
0 0.7378961267605634 0.8192488262910798 0.04973591549295775 0.18779342723004694
0 0.2790492957746479 0.7875586854460094 0.05369718309859155 0.27230046948356806
0 0.542693661971831 0.7893192488262911 0.05457746478873239 0.27582159624413144
0 0.34000880281690143 0.7822769953051644 0.0488556338028169 0.2640845070422535
0 0.612455985915493 0.7946009389671361 0.0682218309859155 0.25938967136150237
0 0.8930457746478874 0.8227699530516432 0.0448943661971831 0.176056338028169
0 0.7992957746478874 0.7913732394366197 0.05457746478873239 0.24119718309859156
0 0.6172975352112676 0.06044600938967136 0.06998239436619719 0.10211267605633803
0 0.5286091549295775 0.05516431924882629 0.06426056338028169 0.09507042253521127
0 0.4498239436619718 0.05575117370892019 0.07570422535211267 0.09624413145539906
0 0.2757482394366197 0.0528169014084507 0.0664612676056338 0.09624413145539906
0 0.040713028169014086 0.0528169014084507 0.0743838028169014 0.09624413145539906
0 0.022887323943661973 0.3788145539906103 0.0448943661971831 0.3503521126760563
0 0.9610475352112676 0.4809272300469484 0.03917253521126761 0.18251173708920188
0 0.40184859154929575 0.7825704225352113 0.056338028169014086 0.2764084507042254
