0 0.522887323943662 0.2092136150234742 0.08714788732394366 0.3374413145539906
0 0.6058538732394366 0.20803990610328638 0.07702464788732394 0.3397887323943662
0 0.6877200704225352 0.20305164319248825 0.08230633802816902 0.33098591549295775
0 0.20620598591549297 0.2367957746478873 0.07086267605633803 0.29401408450704225
0 0.19454225352112675 0.6569835680751174 0.05369718309859155 0.3104460093896714
0 0.11223591549295775 0.6522887323943662 0.06073943661971831 0.301056338028169
0 0.2878521126760563 0.23444835680751175 0.06514084507042253 0.30809859154929575
0 0.27178697183098594 0.6502347417840375 0.06029929577464789 0.3403755868544601
0 0.582306338028169 0.6373239436619719 0.056338028169014086 0.32629107981220656
0 0.3512323943661972 0.647887323943662 0.05897887323943662 0.3438967136150235
0 0.3633362676056338 0.2262323943661972 0.06558098591549295 0.29988262910798125
0 0.058758802816901406 0.21684272300469484 0.06029929577464789 0.33039906103286387
0 0.0488556338028169 0.6461267605633803 0.05985915492957746 0.3028169014084507
0 0.6522887323943662 0.6320422535211268 0.05545774647887324 0.3403755868544601
0 0.1327024647887324 0.21654929577464788 0.06205985915492958 0.3227699530516432
0 0.7169894366197183 0.6296948356807511 0.0528169014084507 0.3039906103286385
0 0.5090228873239436 0.6517018779342723 0.06029929577464789 0.33392018779342725
0 0.4269366197183099 0.6431924882629108 0.05897887323943662 0.3427230046948357
0 0.957306338028169 0.6164906103286385 0.05457746478873239 0.31279342723004694
0 0.9720510563380281 0.18867370892018778 0.055897887323943664 0.3210093896713615
0 0.9097711267605634 0.20598591549295775 0.051056338028169015 0.32511737089201875
0 0.90625 0.6326291079812206 0.045774647887323945 0.31338028169014087
0 0.4441021126760563 0.2106807511737089 0.08450704225352113 0.3732394366197183
