0 0.20862676056338028 0.21889671361502347 0.27279549878496334 0.5468198962948269
0 0.5492957746478874 0.23943661971830985 0.5974695000991866 0.5327233353170667
0 0.7544014084507042 0.21713615023474178 0.8117278162814917 0.5221730421653552
0 0.6861795774647887 0.2130281690140845 0.7422155899747074 0.5298045609336771
0 0.4014084507042254 0.6349765258215962 0.455369098393176 0.9280311170623112
0 0.414612676056338 0.2300469483568075 0.4646062444207499 0.526860301086645
0 0.4903169014084507 0.22417840375586853 0.5424778534764927 0.5262768906081244
0 0.13600352112676056 0.22183098591549297 0.197123237886828 0.5315599583415989
0 0.27596830985915494 0.6326291079812206 0.32910388718756195 0.936835311556349
0 0.8023767605633803 0.6349765258215962 0.8588017707920055 0.9221625724613722
0 0.8283450704225352 0.1983568075117371 0.9102868199513985 0.5227709173664837
0 0.6117957746478874 0.23415492957746478 0.667424385662567 0.5256841813793559
0 0.35255281690140844 0.21185446009389672 0.4087356721756596 0.5374343577112125
0 0.6628521126760564 0.6161971830985915 0.71845825171097 0.9374318091648483
0 0.3371478873239437 0.6273474178403756 0.38673541026086095 0.9309698665388261
0 0.2918133802816901 0.23767605633802816 0.3445018427023408 0.5362454952721021
0 0.4669894366197183 0.6426056338028169 0.515199388452192 0.9239186586656087
0 0.15580985915492956 0.6519953051643192 0.20283635129438604 0.9239131482950914
0 0.21522887323943662 0.6431924882629108 0.25958836757339815 0.9327211311688598
0 0.5977112676056338 0.6349765258215962 0.6515855144068636 0.9198151546209966
0 0.07966549295774648 0.23943661971830985 0.12672549934288832 0.5385918799180057
0 0.10079225352112677 0.6496478873239436 0.1434415527053164 0.9303699249487536
0 0.5264084507042254 0.6502347417840375 0.5798739399424717 0.9022005664660891
0 0.16065140845070422 0.0005868544600938967 0.21647858652797064 0.09976491381780511
0 0.38116197183098594 0.0005868544600938967 0.44657519279408847 0.09624378705724172
0 0.31117957746478875 0.0005868544600938967 0.3651799385662567 0.0839198433952699
0 0.09022887323943662 0.0011737089201877935 0.14784761053114462 0.10445940510039894
0 0.23327464788732394 0.0029342723004694834 0.28466845305990873 0.10797949866649033
0 0.8424295774647887 0.009976525821596244 0.8997172405028764 0.08156691518437699
0 0.7319542253521126 0.6349765258215962 0.7945722032458837 0.9233362813815601
0 0.914612676056338 0.2147887323943662 0.9665868782235667 0.519240147457515
0 0.8705985915492958 0.6543427230046949 0.9269935745635786 0.8922216298573916
0 0.9357394366197183 0.6431924882629108 0.9881444808817694 0.9045521170843528
0 0.9181338028169014 0.015258215962441314 0.9775888495586192 0.08273752452114881
0 0.4590669014084507 0.0029342723004694834 0.523565551539873 0.09800297284489408
0 0.528169014084507 0.004694835680751174 0.5855949960325332 0.08450428706826248
0 0.6025528169014085 0.005868544600938967 0.6643474679503075 0.09330641517335626
0 0.6817781690140845 0.004694835680751174 0.7435379497495537 0.09213339504948313
0 0.7592429577464789 0.004694835680751174 0.8244897698249355 0.09037283166920144
