0 0.1641725352112676 0.21742957746478872 0.05985915492957746 0.34800469483568075
0 0.7871919014084507 0.6637323943661971 0.05413732394366197 0.3145539906103286
0 0.6181778169014085 0.20833333333333334 0.0682218309859155 0.36619718309859156
0 0.0761443661971831 0.23092723004694835 0.061619718309859156 0.3386150234741784
0 0.7242517605633803 0.659037558685446 0.05501760563380282 0.3345070422535211
0 0.3573943661971831 0.21830985915492956 0.0528169014084507 0.34624413145539906
0 0.29071302816901406 0.21713615023474178 0.05677816901408451 0.357981220657277
0 0.5136443661971831 0.6575704225352113 0.061619718309859156 0.3374413145539906
0 0.7559419014084507 0.22300469483568075 0.06205985915492958 0.3286384976525822
0 0.17341549295774647 0.6546361502347418 0.06073943661971831 0.301056338028169
0 0.4220950704225352 0.21625586854460094 0.06338028169014084 0.3503521126760563
0 0.09242957746478873 0.64231220657277 0.06602112676056338 0.31514084507042256
0 0.3866637323943662 0.6757629107981221 0.055897887323943664 0.29870892018779344
0 0.6852992957746479 0.2312206572769953 0.058098591549295774 0.32629107981220656
0 0.3191021126760563 0.6628521126760564 0.04841549295774648 0.29518779342723006
0 0.6511883802816901 0.6528755868544601 0.05501760563380282 0.33039906103286387
0 0.24119718309859156 0.6502347417840375 0.058098591549295774 0.31103286384976525
0 0.5484154929577465 0.20892018779342722 0.06073943661971831 0.3591549295774648
0 0.5867077464788732 0.6455399061032864 0.051056338028169015 0.36619718309859156
0 0.44190140845070425 0.6698943661971831 0.05017605633802817 0.3057511737089202
0 0.4865757042253521 0.21713615023474178 0.055897887323943664 0.36384976525821594
0 0.2262323943661972 0.2136150234741784 0.05985915492957746 0.357981220657277
0 0.03433098591549296 0.6455399061032864 0.05017605633802817 0.3474178403755869
0 0.8628961267605634 0.6517018779342723 0.05413732394366197 0.30927230046948356
0 0.023547535211267605 0.2517605633802817 0.04621478873239437 0.2887323943661972
0 0.8221830985915493 0.2262323943661972 0.05017605633802817 0.29988262910798125
0 0.2224911971830986 0.9515845070422535 0.047975352112676055 0.09565727699530517
0 0.0957306338028169 0.9357394366197183 0.03917253521126761 0.10269953051643192
0 0.8417693661971831 0.9586267605633803 0.03829225352112676 0.07922535211267606
0 0.026848591549295774 0.9310446009389671 0.04137323943661972 0.12265258215962441
0 0.4220950704225352 0.9606807511737089 0.04753521126760563 0.062206572769953054
0 0.3538732394366197 0.9586267605633803 0.04137323943661972 0.06631455399061033
0 0.7621038732394366 0.9551056338028169 0.03917253521126761 0.08744131455399061
0 0.6861795774647887 0.948650234741784 0.03697183098591549 0.08157276995305164
0 0.6161971830985915 0.9524647887323944 0.056338028169014086 0.08450704225352113
0 0.543794014084507 0.9465962441314554 0.03829225352112676 0.08685446009389672
0 0.29225352112676056 0.9636150234741784 0.04753521126760563 0.07276995305164319
0 0.15470950704225353 0.9595070422535211 0.04973591549295775 0.07042253521126761
