0 0.11267605633802817 0.16490610328638497 0.17600674469351318 0.4036590926623906
0 0.5911091549295775 0.5334507042253521 0.647187011815612 0.8576681627322622
0 0.5268485915492958 0.5269953051643192 0.5855955772044238 0.8635404957129318
0 0.6624119718309859 0.5352112676056338 0.7193387271250744 0.8559065661575084
0 0.22315140845070422 0.5357981220657277 0.27675037349980164 0.8547325128391633
0 0.7139084507042254 0.15023474178403756 0.7708125402945845 0.4095362472172629
0 0.09551056338028169 0.5357981220657277 0.1434438773928784 0.8412348602570037
0 0.508362676056338 0.16490610328638497 0.5609558262869471 0.4171567452445502
0 0.1641725352112676 0.5299295774647887 0.21779745927147393 0.846519994379422
0 0.24735915492957747 0.14612676056338028 0.2987467609353303 0.41188607584473985
0 0.1813380281690141 0.15316901408450703 0.23583567868478478 0.4154030698274152
0 0.6430457746478874 0.1426056338028169 0.6938190819653839 0.41599612345434106
0 0.04929577464788732 0.15669014084507044 0.10253111981749653 0.41892213019903457
0 0.28389084507042256 0.5211267605633803 0.33614265367734575 0.8306800899292468
0 0.7249119718309859 0.5440140845070423 0.7853323450828208 0.8424037476029888
0 0.3045774647887324 0.13438967136150234 0.369144112031343 0.4154140905684498
0 0.4467429577464789 0.1402582159624413 0.503764637782682 0.4001524306244352
0 0.34991197183098594 0.5252347417840375 0.40257486268845466 0.8201142988604554
0 0.032570422535211266 0.5052816901408451 0.08933425597599683 0.840665914501091
0 0.40933098591549294 0.5176056338028169 0.45844659727732595 0.8441798089003505
0 0.3789612676056338 0.14964788732394366 0.4258895416955961 0.41071030053560803
0 0.5761443661971831 0.16842723004694835 0.6265069787120611 0.43710773049879875
0 0.4753521126760563 0.545774647887324 0.5178365527673081 0.8253839350657938
0 0.0022007042253521128 0.159037558685446 0.04753424264778813 0.4335921141087527
0 0.792693661971831 0.12147887323943662 0.850883497507935 0.4212902119288501
0 0.801056338028169 0.5645539906103286 0.8517600984427692 0.8447391115078577
0 0.8595950704225352 0.11561032863849766 0.9058716570992859 0.39547205966629195
0 0.061619718309859156 0.9008215962441315 0.09812428709581432 0.9912553863871806
0 0.9247359154929577 0.7511737089201878 0.9802267887695894 0.9549582313914788
0 0.01232394366197183 0.9002347417840375 0.04488894192620512 0.9941900030858075
