0 0.8595950704225352 0.04929577464788732 0.9181956007612577 0.10619172783177942
0 0.7874119718309859 0.05046948356807512 0.8535266672659194 0.1144070014767793
0 0.0761443661971831 0.06103286384976526 0.159737612514878 0.12144305583107408
0 0.04533450704225352 0.2869718309859155 0.12586032812190043 0.3490099930569332
0 0.9234154929577465 0.42018779342723006 0.988590045997818 0.4598473076329653
0 0.8129401408450704 0.5616197183098591 0.8843252904309661 0.585938016597236
0 0.8639964788732394 0.8485915492957746 0.9239154945075383 0.8950419063677841
0 0.09815140845070422 0.8251173708920188 0.15532651786599883 0.869234086049946
0 0.18705985915492956 0.8233568075117371 0.24639654055494942 0.8686482647843241
0 0.9383802816901409 0.8415492957746479 0.9916644452985519 0.895632893605766
0 0.00044014084507042255 0.005868544600938967 0.07086248233237454 0.061616274328285835
0 0.0013204225352112676 0.06572769953051644 0.07746420756050387 0.1261351363265666
0 0.06954225352112677 0.0005868544600938967 0.15886023668418964 0.055750829310762855
0 0.15977112676056338 0.05516431924882629 0.23672545284913707 0.1214464998126474
0 0.15757042253521128 0.008802816901408451 0.23012430879289825 0.04518262745487007
0 0.24471830985915494 0.007042253521126761 0.2974275007439 0.06748413013291014
0 0.24471830985915494 0.06748826291079812 0.3040296134199563 0.11263645054993499
0 0.30061619718309857 0.05575117370892019 0.36430430625123983 0.10853535729242433
0 0.30061619718309857 0.01584507042253521 0.36430430625123983 0.05691558387886002
0 0.36223591549295775 0.007042253521126761 0.420615213065364 0.05574704093103221
0 0.36223591549295775 0.04107981220657277 0.4250166215160682 0.10384913156560648
0 0.41725352112676056 0.005868544600938967 0.48309099756992663 0.041076368224999445
0 0.4251760563380282 0.03051643192488263 0.4844079330737949 0.07040462650708634
0 0.4238556338028169 0.07629107981220658 0.48440851424568543 0.11439184795785669
0 0.4823943661971831 0.005868544600938967 0.5512841574092442 0.033447260243778795
0 0.4867957746478873 0.03227699530516432 0.5592047553808769 0.07040359331261434
0 0.4942781690140845 0.0733568075117371 0.5534796310875818 0.11145929764817386
0 0.5580985915492958 0.004107981220657277 0.6119902735072407 0.032274584518063
0 0.5602992957746479 0.035211267605633804 0.6119893048874231 0.07627041592276665
0 0.5558978873239436 0.07922535211267606 0.6185933548031145 0.11849810718772731
0 0.639524647887324 0.0005868544600938967 0.763803026123289 0.12030481992109149
0 0.8199823943661971 0.03227699530516432 0.8636355711292403 0.05279795950979744
0 0.7869718309859155 0.0011737089201877935 0.8627698187363618 0.04694766801119707
0 0.8683978873239436 0.004107981220657277 0.9340367967045228 0.056922471842006654
0 0.9357394366197183 0.18192488262910797 0.999 0.2211373680266261
0 0.934419014084507 0.22124413145539906 0.999 0.26336781447684543
0 0.9335387323943662 0.2564553990610329 0.999 0.294450436972382
0 0.9357394366197183 0.2963615023474178 0.999 0.32963828550331725
0 0.929137323943662 0.32981220657276994 0.999 0.3706984670149221
0 0.852112676056338 0.19072769953051644 0.9353643870263836 0.23462985463642577
0 0.8507922535211268 0.2300469483568075 0.9309635597475701 0.26394950296457936
0 0.8477112676056338 0.2640845070422535 0.9296444932801032 0.3020750677775573
0 0.8499119718309859 0.2963615023474178 0.9186400035335252 0.33257255780378675
0 0.8485915492957746 0.3268779342723005 0.9164398804800635 0.36365793548458203
0 0.7649647887323944 0.30927230046948356 0.8482548570472128 0.357799722828363
0 0.6848591549295775 0.19483568075117372 0.7690647626958936 0.2399091339901695
0 0.6835387323943662 0.24178403755868544 0.7659843579522913 0.2815482488042496
0 0.6835387323943662 0.2846244131455399 0.7637836537269391 0.31497381196411645
0 0.6835387323943662 0.31396713615023475 0.761582949501587 0.3548626953426348
0 0.596830985915493 0.25821596244131456 0.6766739300238048 0.3149893098811964
0 0.596830985915493 0.31396713615023475 0.6735929441083118 0.3531021319623531
0 0.5066021126760564 0.20363849765258216 0.5856044885067446 0.24753307599903016
0 0.5088028169014085 0.2476525821596244 0.5886845058024202 0.28447907712314574
0 0.5088028169014085 0.2846244131455399 0.586483801577068 0.31790808426458594
0 0.5096830985915493 0.30927230046948356 0.5886841183544932 0.3648419763494897
0 0.426056338028169 0.18192488262910797 0.4998124752033326 0.21820309572615662
0 0.42297535211267606 0.21830985915492956 0.500694112961218 0.25221930172584806
0 0.4251760563380282 0.25528169014084506 0.5028938485667527 0.2874088722475699
0 0.4251760563380282 0.2887323943661972 0.49981286265125974 0.31379769225682735
0 0.426056338028169 0.318075117370892 0.5006927568934735 0.3648368103771298
0 0.3336267605633803 0.17136150234741784 0.4171066783624281 0.21820929489298863
0 0.3314260563380282 0.21830985915492956 0.4118259568414005 0.2533930106460358
0 0.33494718309859156 0.25528169014084506 0.4140251112750446 0.2874088722475699
0 0.3380281690140845 0.2916666666666667 0.42062586788335643 0.3208382237871675
0 0.33934859154929575 0.3227699530516432 0.41842458248611386 0.3560312382904626
0 0.2535211267605634 0.18603286384976525 0.3304341896449117 0.22406922953999425
0 0.25880281690140844 0.2318075117370892 0.33571355509819484 0.2709907232912341
0 0.2623239436619718 0.272887323943662 0.33703242784169807 0.3079384464061363
0 0.2623239436619718 0.31396713615023475 0.3414338362924023 0.3548626953426348
0 0.18089788732394366 0.1789906103286385 0.25872319635241026 0.22700763461835174
0 0.18397887323943662 0.2300469483568075 0.25652113605931365 0.2709917564857061
0 0.18970070422535212 0.2711267605633803 0.2565186176477881 0.30911318852079617
0 0.19278169014084506 0.31514084507042256 0.26091867003074787 0.350167170865569
0 0.10695422535211267 0.17312206572769953 0.18305151662616545 0.2375744588816152
0 0.10915492957746478 0.23884976525821597 0.1861315339218409 0.2903527876964447
0 0.12367957746478873 0.2992957746478873 0.18612514103104544 0.35193703299609863
0 0.002640845070422535 0.23591549295774647 0.049734753149176754 0.2991573265886398
0 0.0013204225352112676 0.3004694835680751 0.04445364418022218 0.3472415085190328
0 0.02992957746478873 0.41784037558685444 0.10386006620710177 0.4586749763054068
0 0.03873239436619718 0.4636150234741784 0.11045830440388811 0.49385938085476866
0 0.04225352112676056 0.4970657276995305 0.10693562785161674 0.5337458534461857
0 0.04753521126760563 0.5410798122065728 0.11573612006546322 0.5789078170116159
0 0.002640845070422535 0.45892018779342725 0.04005165455762746 0.4821250468381494
0 0.00044014084507042255 0.49002347417840375 0.04225332740279707 0.5143837890409751
0 0.0013204225352112676 0.5223004694835681 0.038731813194306686 0.5484024058277679
0 0.00044014084507042255 0.5498826291079812 0.04225332740279707 0.5789026510392559
0 0.11355633802816902 0.4471830985915493 0.17952748400614957 0.52790658268862
0 0.11575704225352113 0.5252347417840375 0.18524834637224757 0.577743406841676
0 0.1817781690140845 0.5234741784037559 0.25124041453828605 0.5818524212568054
0 0.17869718309859156 0.4812206572769953 0.2556431790567348 0.5337551521964337
0 0.17077464788732394 0.4137323943661972 0.24464314496131717 0.4751093119751372
0 0.24779929577464788 0.4119718309859155 0.3216338911550288 0.46161269258744964
0 0.24691901408450703 0.4618544600938967 0.31943357437760367 0.4838838882276444
0 0.2557218309859155 0.48826291079812206 0.31810927736312244 0.5202533668363861
0 0.2566021126760563 0.5176056338028169 0.31810888991519537 0.5437103253322753
0 0.25880281690140844 0.5440140845070423 0.3304318649573497 0.5836009307015804
0 0.31514084507042256 0.4166666666666667 0.39422749082523306 0.4692390453834116
0 0.3217429577464789 0.4665492957746479 0.4039076835573299 0.5073553114461417
0 0.32702464788732394 0.5105633802816901 0.3951025419683594 0.539606476889506
0 0.33494718309859156 0.5469483568075117 0.4074229985989883 0.5865334810112631
0 0.40316901408450706 0.4119718309859155 0.48309719673675855 0.4674812371883886
0 0.3996478873239437 0.4665492957746479 0.4844191690636779 0.5014867668452027
0 0.4040492957746479 0.49413145539906106 0.48441723182404284 0.5366818477374419
0 0.40625 0.5311032863849765 0.48661696742957744 0.5806742351605721
0 0.4845950704225352 0.414906103286385 0.5710895268175957 0.45750298937600564
0 0.4823943661971831 0.4647887323943662 0.566689086986709 0.499727236659393
0 0.4933978873239437 0.4970657276995305 0.5658039621974806 0.537853834666843
0 0.4920774647887324 0.5369718309859155 0.5658045433693711 0.5836050634794684
0 0.5669014084507042 0.4166666666666667 0.6370744271969847 0.4586756651017215
0 0.5713028169014085 0.4636150234741784 0.6524774195348145 0.5026621977561772
0 0.5660211267605634 0.49002347417840375 0.6471980540815315 0.537857967444731
0 0.5647007042253521 0.534037558685446 0.6516000437041262 0.5789119497895039
0 0.6452464788732394 0.45481220657276994 0.7206667048948621 0.4997330914280676
0 0.6439260563380281 0.5 0.724188412827316 0.5366784037558685
0 0.6518485915492958 0.5352112676056338 0.724184925795973 0.5748032797725319
0 0.7310739436619719 0.3914319248826291 0.8231817456233882 0.4369768591990125
0 0.7288732394366197 0.43720657276995306 0.8165806015671494 0.47216126374837447
0 0.7244718309859155 0.4677230046948357 0.8086600035955167 0.501486078048888
0 0.7341549295774648 0.4988262910798122 0.8077754599781789 0.5290499845709625
0 0.7310739436619719 0.5264084507042254 0.8055761118205713 0.5601370842425445
0 0.7341549295774648 0.5469483568075117 0.809976164203531 0.5865334810112631
0 0.8102992957746479 0.41784037558685444 0.8957701147465781 0.46160924860587627
0 0.8169014084507042 0.4665492957746479 0.8781615750843086 0.5026604757653905
0 0.8133802816901409 0.49589201877934275 0.8812441107915097 0.5308122699420309
0 0.8147007042253521 0.5311032863849765 0.8856449380703234 0.5572000567568163
0 0.8983274647887324 0.45892018779342725 0.9903616516440191 0.5132283332231259
0 0.9027288732394366 0.5046948356807511 0.9771554890522713 0.5513470100729573
0 0.9014084507042254 0.545774647887324 0.9705539575481055 0.5894684421080473
0 0.007922535211267605 0.6672535211267606 0.0972676397292204 0.7566506728162402
0 0.009242957746478873 0.7523474178403756 0.09594663602211863 0.8035490918909387
0 0.020246478873239437 0.812793427230047 0.09814249714838326 0.8633727738103111
0 0.09154929577464789 0.7053990610328639 0.1751357617536203 0.8123794606449337
0 0.11707746478873239 0.676056338028169 0.1839273426651458 0.7243685115387158
0 0.13996478873239437 0.6514084507042254 0.20592431127256497 0.6833031640547511
0 0.03345070422535211 0.6261737089201878 0.12146415021821068 0.668646611673169
0 0.21038732394366197 0.6496478873239436 0.27983697741023605 0.6874121784698803
0 0.19410211267605634 0.687793427230047 0.2631187930842095 0.7226010601952876
0 0.17517605633802816 0.7288732394366197 0.25784543307379487 0.8123656847186406
0 0.24691901408450703 0.7347417840375586 0.31723287015225154 0.8035594238356587
0 0.25440140845070425 0.8110328638497653 0.3181098585350129 0.8487024455024356
0 0.2566021126760563 0.8433098591549296 0.3282321293518151 0.8768525176882893
0 0.32922535211267606 0.7247652582159625 0.4096262212358659 0.8064995509048029
0 0.323943661971831 0.8039906103286385 0.4061074191628645 0.8487065782803236
0 0.3314260563380282 0.8450704225352113 0.4118259568414005 0.8750909211135357
0 0.4194542253521127 0.7423708920187794 0.49761467683743305 0.8370056508849656
0 0.4194542253521127 0.8333333333333334 0.49629425430222174 0.8780320813771518
0 0.4251760563380282 0.6291079812206573 0.49849244011604843 0.6991613216072649
0 0.43485915492957744 0.704225352112676 0.49540719227335844 0.7372627785492296
0 0.34815140845070425 0.6455399061032864 0.42722352490825233 0.6786117723555731
0 0.34683098591549294 0.6789906103286385 0.4259036835449316 0.731409043069056
0 0.2830105633802817 0.6320422535211268 0.3555092383083714 0.6874225104146002
0 0.26452464788732394 0.6836854460093896 0.34011244513737354 0.7314062878837974
0 0.5162852112676056 0.6584507042253521 0.5856002265795477 0.7038389373801495
0 0.519806338028169 0.7053990610328639 0.5974824796047411 0.8018160803632436
0 0.519806338028169 0.7922535211267606 0.5908803669286847 0.8416712127223435
0 0.5184859154929577 0.8333333333333334 0.5922013706357866 0.8780320813771518
0 0.5990316901408451 0.6584507042253521 0.6405814121082126 0.6921018481782716
0 0.602112676056338 0.6924882629107981 0.6515835771672287 0.7255325773104984
0 0.5999119718309859 0.7288732394366197 0.6559859542377504 0.8428821166435232
0 0.6056338028169014 0.8433098591549296 0.6568637175163657 0.8956318604112941
0 0.6672535211267606 0.8274647887323944 0.7241781454572506 0.8974017225418237
0 0.6716549295774648 0.7376760563380281 0.7228557856824043 0.8282055891688158
0 0.6615316901408451 0.6995305164319249 0.7096560159814521 0.7419603694152395
0 0.6505281690140845 0.6613849765258216 0.7052594506298354 0.6979686707884238
0 0.7341549295774648 0.6836854460093896 0.793250812090855 0.7343405601842669
0 0.7319542253521126 0.7365023474178404 0.7998538933867287 0.8240982967444731
0 0.7398767605633803 0.8274647887323944 0.7932482936793295 0.8839040699596641
0 0.8001760563380281 0.7934272300469484 0.8605633027921048 0.8827503361326016
0 0.797975352112676 0.6954225352112676 0.8548424404260068 0.7830425924089136
0 0.7816901408450704 0.6584507042253521 0.8363636927196985 0.6991441016993983
0 0.8433098591549296 0.6543427230046949 0.9032379798155128 0.7284892354911945
0 0.8661971830985915 0.7435446009389671 0.9331574836341997 0.8358312531684631
0 0.9379401408450704 0.7394366197183099 0.9969463291633605 0.8328993916550949
0 0.9102112676056338 0.6895539906103286 0.9736310689843286 0.7402056608036324
