0 0.4080105633802817 0.3051643192488263 0.46989084042104745 0.6242340584980933
0 0.8301056338028169 0.27875586854460094 0.8979621013935727 0.6042965047719809
0 0.34286971830985913 0.3039906103286385 0.4003772580465185 0.607802822411779
0 0.3512323943661972 0.7089201877934272 0.40345456320670503 0.9373773942559898
0 0.6813380281690141 0.2857981220657277 0.7457388476988693 0.6301139682382244
0 0.2662852112676056 0.3057511737089202 0.3255870223541956 0.6095623525975887
0 0.6078345070422535 0.27875586854460094 0.6801902136852807 0.6301181010161123
0 0.289612676056338 0.7142018779342723 0.3471436563925808 0.9344400223721042
0 0.4819542253521127 0.727112676056338 0.5257561821191231 0.9356061545328308
0 0.9009683098591549 0.2822769953051643 0.9687935878917873 0.5949047670215345
0 0.542693661971831 0.2934272300469484 0.5987928284938505 0.6271752187617096
0 0.12015845070422536 0.3028169014084507 0.17952457814669706 0.5978269853864974
0 0.18265845070422534 0.3045774647887324 0.2587224214565562 0.6095630413939033
0 0.7680457746478874 0.002347417840375587 0.8526549094301726 0.1924868853181688
0 0.18309859154929578 0.7470657276995305 0.2323137770283674 0.9191625201128524
0 0.05457746478873239 0.7171361502347418 0.09504640076373735 0.932677737001036
0 0.4727112676056338 0.30633802816901406 0.5222391235617933 0.6166042617205582
0 0.0022007042253521128 0.7171361502347418 0.04665396095764729 0.9373725726817872
0 0.6919014084507042 0.0005868544600938967 0.7668609588871256 0.191314209592453
0 0.13468309859154928 0.0005868544600938967 0.2107681852559016 0.21068040677555158
0 0.8653169014084507 0.01232394366197183 0.9362388569976196 0.1860256314884613
0 0.36399647887323944 0.0017605633802816902 0.4298573959159889 0.19131352079613834
0 0.6060739436619719 0.0005868544600938967 0.6881135237924022 0.1942484818929225
0 0.2068661971830986 0.0005868544600938967 0.2705955694554652 0.1872062283717957
0 0.2860915492957746 0.0005868544600938967 0.3449445019589367 0.1907273551323591
0 0.5211267605633803 0.009976525821596244 0.6001227435032731 0.1942429715224052
0 0.43617957746478875 0.008215962441314555 0.5108115406789328 0.1854411878154687
0 0.7552816901408451 0.2975352112676056 0.8183295415096211 0.6048723384910402
0 0.4137323943661972 0.7382629107981221 0.47120874454473316 0.9584869349115035
0 0.5444542253521126 0.7353286384976526 0.5882286733163062 0.9344276240384404
0 0.7275528169014085 0.7224178403755869 0.7747678024573498 0.943824872159404
0 0.6619718309859155 0.7276995305164319 0.7070149771870661 0.9502771716370209
0 0.6034330985915493 0.7300469483568075 0.6476217283897044 0.9514495029645793
0 0.2367957746478873 0.7323943661971831 0.28906831171890496 0.9491007075315744
0 0.7887323943661971 0.7241784037558685 0.8354803114461417 0.9403027122043687
0 0.8727992957746479 0.7300469483568075 0.9203904932677048 0.9391255593026074
0 0.1113556338028169 0.7987089201877934 0.15312000192174172 0.9408458280984813
0 0.9286971830985915 0.738849765258216 0.983306031169411 0.9543786092926888
0 0.05501760563380282 0.005868544600938967 0.1328983197158302 0.20480876259119662
0 0.00044014084507042255 0.4465962441314554 0.07570403162814918 0.6165219505609558
