0 0.4722711267605634 0.1431924882629108 0.5482076271449118 0.5010896757697988
0 0.3204225352112676 0.13145539906103287 0.38322164501091055 0.514594216315105
0 0.2566021126760563 0.6032863849765259 0.3137074814644912 0.9110309352200842
0 0.1619718309859155 0.13791079812206572 0.2310026532434041 0.5081350288743415
0 0.4005281690140845 0.15551643192488263 0.4694539928833565 0.5087115513897155
0 0.7130281690140845 0.11443661971830986 0.7730136319678635 0.5093225137208226
0 0.24515845070422534 0.10974178403755869 0.30006815209035903 0.5357337196103066
0 0.5580985915492958 0.12969483568075119 0.6225536537889308 0.4999238880072296
0 0.38688380281690143 0.5956572769953051 0.43865013917129536 0.8875612339923736
0 0.7988556338028169 0.11913145539906103 0.8530814895977981 0.514601448676409
0 0.6390845070422535 0.10093896713615023 0.6929405437909145 0.5122647071789107
0 0.12588028169014084 0.6173708920187794 0.1795220597351716 0.889895909100928
0 0.7319542253521126 0.6085680751173709 0.7848891046543345 0.895182765214133
0 0.06294014084507042 0.590962441314554 0.117049762261952 0.8852165713372567
0 0.448943661971831 0.602112676056338 0.5116862043741321 0.9145527507769623
0 0.31866197183098594 0.6056338028169014 0.37265903962507435 0.904574158566422
0 0.027288732394366196 0.13791079812206572 0.08801615812834755 0.5157641368555621
0 0.5902288732394366 0.6150234741784038 0.6423458499677643 0.8881367233132756
0 0.0840669014084507 0.1273474178403756 0.15665313956804205 0.5057938102007979
0 0.522887323943662 0.6009389671361502 0.5772346446637572 0.8869712799488637
0 0.19410211267605634 0.6414319248826291 0.24683358181660384 0.8957503333774163
0 0.007482394366197183 0.5903755868544601 0.06249670669262051 0.8922591692565408
0 0.7992957746478874 0.5974178403755869 0.8500003099583416 0.8652597313143336
0 0.948943661971831 0.7142018779342723 0.999 0.896294482466001
