0 0.5589788732394366 0.10035211267605634 0.6225532663410037 0.4571007323282417
0 0.20422535211267606 0.13145539906103287 0.263114337433049 0.44651909894421304
0 0.1505281690140845 0.13556338028169015 0.2041590985171593 0.4535589416782384
0 0.33670774647887325 0.12441314553990611 0.3968588434214442 0.42950445237937795
0 0.6390845070422535 0.5434272300469484 0.6902996987204919 0.8693993971654654
0 0.2755281690140845 0.13321596244131456 0.33130478513687756 0.43771524884833257
0 0.4102112676056338 0.107981220657277 0.47429128025193407 0.44125118472966124
0 0.355193661971831 0.5410798122065728 0.41753732673328703 0.8629453756970619
0 0.43133802816901406 0.562206572769953 0.4967291646002777 0.86175926844321
0 0.5761443661971831 0.5610328638497653 0.6216654294162864 0.8793655910423417
0 0.5044014084507042 0.5575117370892019 0.555235738816703 0.8881704743326941
0 0.8314260563380281 0.5610328638497653 0.8860777174047808 0.9040134783662853
0 0.07966549295774648 0.1273474178403756 0.13200718948373338 0.44593465527122045
0 0.6470070422535211 0.09800469483568075 0.6964581835201349 0.45299412870021377
0 0.28829225352112675 0.5563380281690141 0.3480245192546122 0.8605890035045957
0 0.49559859154929575 0.12206572769953052 0.5424755287889308 0.4300926844321012
0 0.014524647887323943 0.11854460093896714 0.0620534662641341 0.4535689292248011
0 0.24471830985915494 0.5551643192488263 0.285983838772069 0.8423972040379994
0 0.9141725352112676 0.11267605633802817 0.9806715789897836 0.4529855187462805
0 0.9053697183098591 0.5487089201877934 0.9560275661451101 0.8764385511031761
0 0.8547535211267606 0.12030516431924883 0.9027928021473913 0.43948338898807554
0 0.027288732394366196 0.5252347417840375 0.10386122855088276 0.8365462237430845
