0 0.5660211267605634 0.22241784037558684 0.6251910118280104 0.5620760458683242
0 0.6386443661971831 0.20950704225352113 0.6876590473740329 0.5626704770878793
0 0.48811619718309857 0.21948356807511737 0.5508414981526484 0.5532749509577024
0 0.6998239436619719 0.19953051643192488 0.7624560634050783 0.5679580219973991
0 0.41725352112676056 0.22300469483568075 0.48353113841499706 0.5567940113293217
0 0.2680457746478873 0.215962441314554 0.326026388303412 0.5644272520884305
0 0.08142605633802817 0.2335680751173709 0.13376697796816106 0.5579615210826776
0 0.8428697183098591 0.6895539906103286 0.9168825397366593 0.9655577734796887
0 0.13996478873239437 0.22300469483568075 0.18875881831481847 0.5474043399678195
0 0.3362676056338028 0.21654929577464788 0.40830269911723865 0.5779245602724328
0 0.19762323943661972 0.21889671361502347 0.25651513061644515 0.5597306944168926
0 0.16549295774647887 0.6549295774647887 0.2155961738742313 0.9368222244263704
0 0.4278169014084507 0.004107981220657277 0.486607474955366 0.1021102652692367
0 0.19806338028169015 0.0005868544600938967 0.2639973312586788 0.11267571193987083
0 0.1324823943661972 0.0005868544600938967 0.19756492852360644 0.10974143963940135
0 0.2636443661971831 0.0029342723004694834 0.33615156497966675 0.10856635312658422
0 0.7935739436619719 0.0005868544600938967 0.8548443776656417 0.09330951475677224
0 0.6496478873239436 0.004694835680751174 0.701738711317199 0.09037283166920144
0 0.7147887323943662 0.0005868544600938967 0.784896659888911 0.09213580583658446
0 0.7790492957746479 0.20657276995305165 0.8368049959085498 0.5568036544777271
0 0.8534330985915493 0.2142018779342723 0.9124764819108311 0.5773390834049681
0 0.9198943661971831 0.7024647887323944 0.9771479338176948 0.9673107601005091
0 0.9238556338028169 0.20950704225352113 0.9784666128372347 0.5685390216888183
0 0.503080985915493 0.6484741784037559 0.5525954749181711 0.9644081724305141
0 0.7147887323943662 0.6525821596244131 0.7769741246776434 0.974969141925103
0 0.5704225352112676 0.664906103286385 0.6251890745883754 0.9673328015825785
0 0.636443661971831 0.6602112676056338 0.7026248047262449 0.9655749933875553
0 0.43133802816901406 0.6455399061032864 0.4883664885439397 0.9720390024025215
0 0.22887323943661972 0.6484741784037559 0.28290982691926203 0.9520842287685424
0 0.7794894366197183 0.6502347417840375 0.8337238162690934 0.9573648857149154
0 0.09330985915492958 0.6643192488262911 0.15664907136480857 0.943272113116886
0 0.040492957746478875 0.005868544600938967 0.12498217739535805 0.1038697954550464
0 0.34286971830985913 0.004694835680751174 0.4127012017084904 0.0980019396504221
0 0.4920774647887324 0.0029342723004694834 0.5561214447778219 0.09800297284489408
0 0.5664612676056338 0.0005868544600938967 0.6375147617660186 0.09507007813705394
0 0.8846830985915493 0.005868544600938967 0.9643993472277325 0.08274303489166612
