0 0.3199823943661972 0.5950704225352113 0.3827816978898036 0.9327493718177611
0 0.3340669014084507 0.16607981220657278 0.3981804283004364 0.47877577475809474
0 0.04753521126760563 0.1431924882629108 0.11837696513588575 0.4793760607463246
0 0.5453345070422535 0.579225352112676 0.6089149055866891 0.9433220508496991
0 0.7640845070422535 0.590962441314554 0.8192059487204919 0.918080421102515
0 0.40757042253521125 0.14847417840375587 0.46416920315909543 0.4582462005995283
0 0.25616197183098594 0.5880281690140845 0.31370767518845466 0.9257112510745222
0 0.7706866197183099 0.17077464788732394 0.8227241696216028 0.4476697331878595
0 0.6808978873239436 0.5715962441314554 0.7461791822679033 0.9198523496219887
0 0.198943661971831 0.15258215962441316 0.2578349719797659 0.4658728977936476
0 0.4793133802816901 0.1431924882629108 0.5354404430544535 0.4782023518261368
0 0.2623239436619718 0.16490610328638497 0.33043031516564175 0.4723210644933765
0 0.1813380281690141 0.6038732394366197 0.23891666460027774 0.9233545344838987
0 0.12279929577464789 0.5880281690140845 0.17072059890150765 0.9239506876942406
0 0.13556338028169015 0.1596244131455399 0.1865600513291014 0.47525843637726195
0 0.6267605633802817 0.16314553990610328 0.6815023060900616 0.47643007890850586
0 0.698943661971831 0.1572769953051643 0.7576149015572308 0.4418091097445392
0 0.4665492957746479 0.5991784037558685 0.5380869061198175 0.9491788859132888
0 0.5611795774647887 0.16255868544600938 0.6106684949042849 0.4629327707245035
0 0.6157570422535211 0.5815727699530516 0.670063487217318 0.9057619878110604
0 0.05985915492957746 0.6261737089201878 0.11044900565364016 0.9303837008750468
0 0.8600352112676056 0.14788732394366197 0.9512059704175759 0.47174419757984526
0 0.8375880281690141 0.5886150234741784 0.8975186672411228 0.9274714700566467
0 0.9137323943661971 0.5921361502347418 0.9652668431362825 0.925708840287421
0 0.9586267605633803 0.14612676056338028 0.999 0.43242598194802623
0 0.39524647887323944 0.5839201877934272 0.4509704020779607 0.9362770421433138
