0 0.6025528169014085 0.48708920187793425 0.658625636964392 0.8336343373228415
0 0.5299295774647887 0.4994131455399061 0.5908759112775243 0.8183688889990963
0 0.7913732394366197 0.11561032863849766 0.8478030927643325 0.40075374980713707
0 0.1311619718309859 0.528169014084507 0.1909633970194406 0.8160045956490114
0 0.20598591549295775 0.5234741784037559 0.2578318723963499 0.8042702616323921
0 0.3336267605633803 0.4876760563380282 0.3858566783624281 0.8119203779012102
0 0.46258802816901406 0.5269953051643192 0.5222435792129538 0.8248081013467345
0 0.3890845070422535 0.5105633802816901 0.4536139592838722 0.8207097632744826
0 0.2640845070422535 0.5269953051643192 0.31282390646697084 0.8207001201260773
0 0.06954225352112677 0.10035211267605634 0.1324517859799643 0.39665472293857035
0 0.05237676056338028 0.5064553990610329 0.11529384825679428 0.8048671036390487
0 0.20422535211267606 0.11678403755868545 0.2626741965879786 0.403100478851198
0 0.7288732394366197 0.11561032863849766 0.773446798750248 0.42011994699023564
0 0.6716549295774648 0.5064553990610329 0.7188945180767705 0.8324492632634618
0 0.2706866197183099 0.12910798122065728 0.3308667752554057 0.39722470188895503
0 0.4203345070422535 0.11443661971830986 0.477807951361337 0.4031018564438273
0 0.14524647887323944 0.11384976525821597 0.20284100066951002 0.40897074544292356
0 0.6421654929577465 0.13028169014084506 0.69293918772317 0.4118953745949878
0 0.5735035211267606 0.11384976525821597 0.6287088452811942 0.4048627642222663
0 0.49559859154929575 0.1056338028169014 0.5600811625917477 0.40604129471665673
0 0.3516725352112676 0.11971830985915492 0.4016938061024598 0.39077481319843943
0 0.014524647887323943 0.0903755868544601 0.06337388879934537 0.40018170446780843
0 0.00044014084507042255 0.5463615023474179 0.04753501754364214 0.8177544826864158
0 0.9502640845070423 0.647887323943662 0.9815359753149177 0.7149953712887654
0 0.741637323943662 0.5240610328638498 0.7936876596285459 0.8265703867178029
0 0.7984154929577465 0.5140845070422535 0.8411978805048602 0.7913649738808437
0 0.9247359154929577 0.414906103286385 0.9533781972202936 0.5296860879675549
0 0.8807218309859155 0.4242957746478873 0.9406334851096013 0.5238120329960987
0 0.9449823943661971 0.4254694835680751 0.9841791450729023 0.5144216728382817
0 0.5972711267605634 0.914906103286385 0.6397019053139259 0.999
0 0.14920774647887325 0.8955399061032864 0.19491672194257093 0.9959533216513479
0 0.0801056338028169 0.880868544600939 0.13904924928089665 0.9953750771451872
0 0.33670774647887325 0.9014084507042254 0.37485180116792305 0.999
0 0.03433098591549296 0.8867370892018779 0.07524897403788931 0.999
0 0.4722711267605634 0.9160798122065728 0.5116759370040667 0.999
0 0.9181338028169014 0.9131455399061033 0.9599832157558024 0.9718819568427781
0 0.5330105633802817 0.8996478873239436 0.5715083580266812 0.999
0 0.9295774647887324 0.738849765258216 0.971861981749653 0.8076649942692147
0 0.8569542253521126 0.738849765258216 0.9384432419782781 0.7988621773678062
