0 0.2539612676056338 0.5501760563380281 0.051056338028169015 0.2482394366197183
0 0.4515845070422535 0.5639671361502347 0.05457746478873239 0.24882629107981222
0 0.8072183098591549 0.1572769953051643 0.06338028169014084 0.2734741784037559
0 0.6652728873239436 0.17312206572769953 0.050616197183098594 0.27230046948356806
0 0.5743838028169014 0.5542840375586855 0.04753521126760563 0.29401408450704225
0 0.7064260563380281 0.5557511737089202 0.05369718309859155 0.2699530516431925
0 0.7348151408450704 0.16461267605633803 0.05501760563380282 0.2834507042253521
0 0.16901408450704225 0.15463615023474178 0.061619718309859156 0.29401408450704225
0 0.1899207746478873 0.5443075117370892 0.05149647887323944 0.27875586854460094
0 0.2405369718309859 0.15991784037558684 0.04973591549295775 0.2963615023474178
0 0.3142605633802817 0.14964788732394366 0.06073943661971831 0.2676056338028169
0 0.08934859154929578 0.1572769953051643 0.06338028169014084 0.2875586854460094
0 0.5902288732394366 0.1487676056338028 0.06514084507042253 0.2811032863849765
0 0.31712147887323944 0.545481220657277 0.053257042253521125 0.2846244131455399
0 0.6415052816901409 0.5531103286384976 0.050616197183098594 0.2834507042253521
0 0.09419014084507042 0.5410798122065728 0.05193661971830986 0.2981220657276995
0 0.3785211267605634 0.14612676056338028 0.06426056338028169 0.26173708920187794
0 0.1445862676056338 0.8626760563380281 0.04445422535211268 0.2112676056338028
0 0.5147447183098591 0.5557511737089202 0.04709507042253521 0.2863849765258216
0 0.5178257042253521 0.1517018779342723 0.061179577464788734 0.2634976525821596
0 0.09198943661971831 0.8647300469483568 0.04665492957746479 0.2142018779342723
0 0.3866637323943662 0.5610328638497653 0.04973591549295775 0.2934272300469484
0 0.5209066901408451 0.8791079812206573 0.03653169014084507 0.18544600938967137
0 0.1445862676056338 0.5378521126760564 0.04709507042253521 0.27992957746478875
0 0.0409330985915493 0.5407863849765259 0.0448943661971831 0.2822769953051643
0 0.8345070422535211 0.5372652582159625 0.045774647887323945 0.24002347417840375
0 0.44850352112676056 0.15845070422535212 0.06426056338028169 0.28169014084507044
0 0.02640845070422535 0.1619718309859155 0.03697183098591549 0.29694835680751175
0 0.7654049295774648 0.5460680751173709 0.05017605633802817 0.2881455399061033
0 0.8714788732394366 0.13996478873239437 0.037852112676056336 0.20833333333333334
0 0.7097271126760564 0.9055164319248826 0.0488556338028169 0.16784037558685447
0 0.4408010563380282 0.8726525821596244 0.05677816901408451 0.19718309859154928
0 0.3444102112676056 0.903462441314554 0.05413732394366197 0.20363849765258216
0 0.22909330985915494 0.8899647887323944 0.058538732394366196 0.2282863849765258
0 0.586487676056338 0.8823356807511737 0.04357394366197183 0.20833333333333334
0 0.042913732394366196 0.8670774647887324 0.04445422535211268 0.2353286384976526
0 0.6441461267605634 0.8981807511737089 0.05765845070422535 0.1813380281690141
0 0.2911531690140845 0.8996478873239436 0.05237676056338028 0.19953051643192488
0 0.8188820422535211 0.9019953051643192 0.030369718309859156 0.1960093896713615
0 0.9529049295774648 0.9495305164319249 0.04401408450704225 0.10211267605633803
0 0.7726672535211268 0.9119718309859155 0.047975352112676055 0.17136150234741784
