0 0.12720070422535212 0.5528169014084507 0.19756725321116841 0.8230323844475302
0 0.7407570422535211 0.17781690140845072 0.7976493146821068 0.507524755339549
0 0.8142605633802817 0.1936619718309859 0.8856451317942868 0.5274685082324935
0 0.18045774647887325 0.13321596244131456 0.23275508021721883 0.4629499906323701
0 0.6641725352112676 0.17018779342723006 0.7206583747644316 0.4999001245343737
0 0.17121478873239437 0.57981220657277 0.21999506391341003 0.8083451806299455
0 0.7213908450704225 0.6431924882629108 0.7765310779731205 0.90866009830501
0 0.4352992957746479 0.5757042253521126 0.48396333657756396 0.7702020515109436
0 0.5990316901408451 0.6349765258215962 0.6515849332349732 0.8787353424144239
0 0.28829225352112675 0.5780516431924883 0.3352604347475699 0.8200833030262954
0 0.5875880281690141 0.19483568075117372 0.6485089841425312 0.49577767859110844
0 0.30721830985915494 0.1068075117370892 0.36254083701150563 0.46766032423020126
0 0.5330105633802817 0.6343896713615024 0.5864731467590756 0.8499798182679803
0 0.43882042253521125 0.15434272300469484 0.49892657551825037 0.4781958082611475
0 0.22535211267605634 0.5751173708920188 0.27586912318984325 0.8247798606978333
0 0.38776408450704225 0.13673708920187794 0.4329279207374529 0.4834878303467125
0 0.8657570422535211 0.659037558685446 0.9234745787666139 0.937406668099363
0 0.38776408450704225 0.5821596244131455 0.4294067939768895 0.7543531927086777
0 0.5070422535211268 0.18016431924882628 0.5724000694306685 0.4805280725826005
0 0.2460387323943662 0.11208920187793427 0.3009480463325729 0.463549243426128
0 0.4863556338028169 0.6244131455399061 0.5253141040344178 0.7836711190460447
0 0.653169014084507 0.6461267605633803 0.712300541807181 0.8869447612907492
0 0.04753521126760563 0.5586854460093896 0.09725020457250545 0.7878176728603231
0 0.33186619718309857 0.5721830985915493 0.38277646734278914 0.7702041178998876
0 0.00044014084507042255 0.5528169014084507 0.04357374993800833 0.80190562388415
0 0.12059859154929578 0.1789906103286385 0.16588001822555049 0.4676179632568494
0 0.7834507042253521 0.6291079812206573 0.8469262981055347 0.9098420727809738
0 0.8873239436619719 0.1607981220657277 0.9705601567149374 0.5304220668297737
0 0.9234154929577465 0.7165492957746479 0.9815477924766911 0.9009879405541228
