0 0.30941901408450706 0.585093896713615 0.43428282613816704 0.8676143815160131
0 0.25044014084507044 0.13908450704225353 0.32911512317744496 0.4881812884348343
0 0.03873239436619718 0.5991784037558685 0.09725407905177544 0.8623244258193922
0 0.448943661971831 0.6150234741784038 0.5028833874727238 0.84060151204567
0 0.8829225352112676 0.13673708920187794 0.9533966009968259 0.4711638866847407
0 0.5004401408450704 0.11678403755868545 0.5631600175436421 0.49582348354603367
0 0.17913732394366197 0.13732394366197184 0.24948101350178536 0.4840743404086491
0 0.585387323943662 0.10446009389671361 0.6449888260017853 0.4782250821045207
0 0.5171654929577465 0.5956572769953051 0.5750364588499306 0.8635002011285239
0 0.7570422535211268 0.5892018779342723 0.8117266539377107 0.7848654918556723
0 0.6628521126760564 0.11326291079812206 0.724620223541956 0.4741119349115035
0 0.7002640845070423 0.5809859154929577 0.7540931936247768 0.7748937876082789
0 0.02244718309859155 0.1426056338028169 0.11178589472574886 0.45648908120081994
0 0.8477112676056338 0.6390845070422535 0.9085177327167229 0.8705169691860081
0 0.23151408450704225 0.579225352112676 0.2837889462656219 0.876420642398995
0 0.1637323943661972 0.590962441314554 0.22219906144614163 0.8617423929335009
0 0.2953345070422535 0.5751173708920188 0.35154254643175953 0.8858127245475986
0 0.10783450704225352 0.13497652582159625 0.17116732636133705 0.48348886354118453
0 0.6426056338028169 0.5933098591549296 0.6964601207597699 0.7496518134629372
0 0.5889084507042254 0.6009389671361502 0.633103473393176 0.8499994489629482
0 0.0008802816901408451 0.6156103286384976 0.047974964664749056 0.8640753460512685
0 0.4317781690140845 0.2634976525821596 0.48528530890448324 0.4986716563071701
0 0.33186619718309857 0.2711267605633803 0.3906990025540567 0.4769535641076506
0 0.7442781690140845 0.10269953051643192 0.8046900184115255 0.505221420463312
0 0.8102992957746479 0.11091549295774648 0.8728827908029161 0.48291612940554124
0 0.914612676056338 0.6437793427230047 0.9630657514630033 0.8564297069584959
0 0.9507042253521126 0.14847417840375587 0.999 0.4858283602239415
0 0.8098591549295775 0.6115023474178404 0.8491153788930768 0.7308617943970552
0 0.36311619718309857 0.7165492957746479 0.41313243125123983 0.8646029640283013
0 0.11443661971830986 0.6173708920187794 0.16192146275540567 0.8470555335140736
