0 0.4154929577464789 0.7018779342723005 0.4676868428883158 0.9373815270338778
0 0.5189260563380281 0.38791079812206575 0.5741554022639358 0.6359225875597876
0 0.5717429577464789 0.710093896713615 0.6216673666559215 0.937376705459675
0 0.573943661971831 0.3720657276995305 0.6225466797262449 0.621847379267782
0 0.46434859154929575 0.39436619718309857 0.5094787198100575 0.6142051841565828
0 0.8063380281690141 0.7077464788732394 0.8486767878397143 0.9356175196720227
0 0.21830985915492956 0.38204225352112675 0.26222785657607617 0.5930856559545064
0 0.6839788732394366 0.352112676056338 0.7378151501438206 0.6195116709647557
0 0.4251760563380282 0.0733568075117371 0.4681227218061893 0.2792996732350283
0 0.4744718309859155 0.04225352112676056 0.5244390528912913 0.2822521986378364
0 0.41329225352112675 0.3673708920187793 0.45932513545179526 0.6153947353920078
0 0.6712147887323944 0.7077464788732394 0.7232961202514382 0.9373780830523044
0 0.6316021126760564 0.040492957746478875 0.6806198934363221 0.27638468723136944
0 0.6875 0.057511737089201875 0.7351727552816901 0.258182211421896
0 0.829225352112676 0.03403755868544601 0.8812371367288236 0.26641194978950383
0 0.2970950704225352 0.3767605633802817 0.3515417715359056 0.5930887555379224
0 0.46875 0.7024647887323944 0.5125577684859155 0.9373811826357205
0 0.5774647887323944 0.04460093896713615 0.6273866792303114 0.2570160792611695
0 0.37544014084507044 0.09154929577464789 0.4140072886704027 0.2816364147325266
0 0.2680457746478873 0.05046948356807512 0.31854399393721483 0.281073668143446
0 0.6320422535211268 0.36913145539906106 0.6753380095715136 0.6288913547796954
0 0.6294014084507042 0.7124413145539906 0.6669764958589565 0.9373753278670457
0 0.37367957746478875 0.6960093896713615 0.4166489086366792 0.9303427174943243
0 0.3204225352112676 0.06514084507042253 0.36385544782781193 0.2910415840111089
0 0.5294894366197183 0.04988262910798122 0.5763514571141638 0.265815796579162
0 0.3648767605633803 0.36971830985915494 0.4100506704398929 0.6054168319777822
0 0.9190140845070423 0.3738262910798122 0.9635039550684388 0.6283017451343428
0 0.17209507042253522 0.058098591549295774 0.21427284547956754 0.29163257124909076
0 0.871919014084507 0.36326291079812206 0.9107077821240824 0.6153971461791091
0 0.9568661971830986 0.7411971830985915 0.999 0.9132974194934868
0 0.22315140845070422 0.05868544600938967 0.268827838288534 0.29397964469130905
0 0.1681338028169014 0.3873239436619718 0.20899289885439398 0.5860403028499637
0 0.27684859154929575 0.3585680751173709 0.3198605419931561 0.5895783051202363
0 0.8142605633802817 0.3503521126760563 0.8658387937661178 0.6265549576803544
0 0.9071302816901409 0.7406103286384976 0.9485443968830589 0.9250348530935221
0 0.8507922535211268 0.732981220657277 0.89971355974757 0.9221050579690979
0 0.7566021126760564 0.3568075117370892 0.8033641716053362 0.6159877890189336
0 0.8877640845070423 0.03814553990610329 0.9318275686247768 0.2722780836033415
0 0.9436619718309859 0.05457746478873239 0.9921022614560604 0.26053135125305826
0 0.7750880281690141 0.0528169014084507 0.8174405422411228 0.2546638398465913
0 0.9669894366197183 0.3785211267605634 0.999 0.5467262199960325
0 0.5211267605633803 0.7323943661971831 0.5701931660384844 0.9367767638696025
0 0.3230633802816901 0.7089201877934272 0.3656148488643126 0.941485375476647
0 0.7588028169014085 0.7188967136150235 0.8002822170700258 0.9526297554497564
0 0.22139084507042253 0.7106807511737089 0.268828613184388 0.9309209620004849
0 0.2733274647887324 0.7112676056338029 0.3137001199538782 0.9309206176023276
0 0.06602112676056338 0.1073943661971831 0.1073653076026582 0.3004064587052833
