0 0.7880721830985915 0.3846830985915493 0.055897887323943664 0.2975352112676056
0 0.7009242957746479 0.37910798122065725 0.05765845070422535 0.26291079812206575
0 0.4095510563380282 0.38497652582159625 0.05149647887323944 0.2852112676056338
0 0.37610035211267606 0.7092136150234741 0.0488556338028169 0.2153755868544601
0 0.35321302816901406 0.3682511737089202 0.0488556338028169 0.2822769953051643
0 0.6401848591549296 0.37940140845070425 0.05413732394366197 0.27406103286384975
0 0.5367517605633803 0.7080399061032864 0.04973591549295775 0.22476525821596244
0 0.4705105633802817 0.38761737089201875 0.056338028169014086 0.29284037558685444
0 0.5875880281690141 0.7186032863849765 0.04225352112676056 0.2106807511737089
0 0.2621038732394366 0.6965962441314554 0.053257042253521125 0.22417840375586853
0 0.24515845070422534 0.3653169014084507 0.056338028169014086 0.2846244131455399
0 0.6430457746478874 0.7168427230046949 0.04401408450704225 0.2153755868544601
0 0.19300176056338028 0.3779342723004695 0.058538732394366196 0.25938967136150237
0 0.7693661971830986 0.7115610328638498 0.05457746478873239 0.2177230046948357
0 0.5244278169014085 0.37235915492957744 0.04973591549295775 0.2705399061032864
0 0.3224031690140845 0.704518779342723 0.0409330985915493 0.17312206572769953
0 0.3017165492957746 0.3597417840375587 0.050616197183098594 0.2875586854460094
0 0.2112676056338028 0.6971830985915493 0.04665492957746479 0.23826291079812206
0 0.936399647887324 0.7224178403755869 0.04533450704225352 0.2476525821596244
0 0.5809859154929577 0.3835093896713615 0.04841549295774648 0.2705399061032864
0 0.6993838028169014 0.7106807511737089 0.05369718309859155 0.23591549295774647
0 0.433318661971831 0.7036384976525821 0.04445422535211268 0.22652582159624413
0 0.48745598591549294 0.7177230046948356 0.042693661971830985 0.22769953051643194
0 0.16329225352112675 0.0715962441314554 0.04929577464788732 0.12793427230046947
0 0.10827464788732394 0.08949530516431925 0.04401408450704225 0.13086854460093897
0 0.6595510563380281 0.07717136150234742 0.047975352112676055 0.12030516431924883
0 0.7231514084507042 0.07863849765258216 0.05017605633802817 0.14084507042253522
0 0.4027288732394366 0.06954225352112677 0.05017605633802817 0.12617370892018778
0 0.590669014084507 0.0710093896713615 0.05457746478873239 0.1255868544600939
0 0.16549295774647887 0.6998239436619719 0.03697183098591549 0.1965962441314554
0 0.3296654929577465 0.06924882629107981 0.0528169014084507 0.10328638497652583
0 0.8259242957746479 0.7259389671361502 0.05677816901408451 0.24647887323943662
0 0.8994278169014085 0.4028755868544601 0.055897887323943664 0.2846244131455399
0 0.883362676056338 0.721537558685446 0.0528169014084507 0.21185446009389672
0 0.9570862676056338 0.3958333333333333 0.06029929577464789 0.25880281690140844
0 0.8446302816901409 0.3882042253521127 0.04753521126760563 0.26936619718309857
0 0.7363556338028169 0.38497652582159625 0.0528169014084507 0.2863849765258216
0 0.8050176056338029 0.07482394366197183 0.05369718309859155 0.13086854460093897
0 0.9242957746478874 0.07453051643192488 0.045774647887323945 0.1396713615023474
0 0.8668573943661971 0.07717136150234742 0.0488556338028169 0.13086854460093897
0 0.32548415492957744 0.9454225352112676 0.037411971830985914 0.11854460093896714
0 0.07196302816901408 0.931924882629108 0.04005281690140845 0.13262910798122066
0 0.7249119718309859 0.9533450704225352 0.03961267605633803 0.09213615023474178
0 0.23943661971830985 0.9577464788732394 0.045774647887323945 0.1056338028169014
0 0.8386883802816901 0.960387323943662 0.04357394366197183 0.08509389671361503
0 0.37059859154929575 0.9468896713615024 0.040492957746478875 0.11678403755868545
0 0.5726232394366197 0.9565727699530516 0.043133802816901406 0.10446009389671361
0 0.2830105633802817 0.9530516431924883 0.03609154929577465 0.107981220657277
0 0.8919454225352113 0.9586267605633803 0.042693661971830985 0.08744131455399061
0 0.5121038732394366 0.9559859154929577 0.04533450704225352 0.11150234741784038
0 0.4198943661971831 0.9477699530516432 0.037852112676056336 0.11267605633802817
0 0.18683978873239437 0.9533450704225352 0.04533450704225352 0.10152582159624413
0 0.4711707746478873 0.9509976525821596 0.0409330985915493 0.10974178403755869
0 0.950044014084507 0.9624413145539906 0.037411971830985914 0.08685446009389672
0 0.02574823943661972 0.9389671361502347 0.03653169014084507 0.13497652582159625
0 0.626100352112676 0.9595070422535211 0.04181338028169014 0.09507042253521127
0 0.11267605633802817 0.9448356807511737 0.03961267605633803 0.11737089201877934
0 0.7871919014084507 0.9589201877934272 0.04973591549295775 0.07746478873239436
0 0.6771566901408451 0.9509976525821596 0.03477112676056338 0.08392018779342723
0 0.9856954225352113 0.7822769953051644 0.05237676056338028 0.13732394366197184
0 0.8204225352112676 0.7769953051643192 0.03609154929577465 0.11150234741784038
0 0.9878961267605634 0.9551056338028169 0.03653169014084507 0.08274647887323944
0 0.22469190140845072 0.08098591549295775 0.03653169014084507 0.14084507042253522
0 0.27024647887323944 0.08274647887323944 0.04401408450704225 0.14906103286384975
0 0.46610915492957744 0.07658450704225352 0.05017605633802817 0.13438967136150234
0 0.5321302816901409 0.0886150234741784 0.06690140845070422 0.14788732394366197
0 0.9788732394366197 0.08773474178403756 0.04137323943661972 0.15434272300469484
