0 0.565580985915493 0.732981220657277 0.1742957746478873 0.22535211267605634
0 0.7544014084507042 0.744131455399061 0.17781690140845072 0.22535211267605634
0 0.3560739436619718 0.7426643192488263 0.1875 0.1766431924882629
0 0.5871478873239436 0.3503521126760563 0.0448943661971831 0.3028169014084507
0 0.6569102112676056 0.3568075117370892 0.055897887323943664 0.31338028169014087
0 0.5266285211267606 0.3459507042253521 0.05413732394366197 0.29988262910798125
0 0.9650088028169014 0.3550469483568075 0.06998239436619719 0.31220657276995306
0 0.45422535211267606 0.3573943661971831 0.06426056338028169 0.26291079812206575
0 0.8655369718309859 0.3345070422535211 0.058538732394366196 0.3286384976525822
0 0.7282130281690141 0.34242957746478875 0.053257042253521125 0.301056338028169
0 0.37389964788732394 0.37265258215962443 0.05237676056338028 0.24413145539906103
0 0.29423415492957744 0.37265258215962443 0.06558098591549295 0.23943661971830985
0 0.058538732394366196 0.3418427230046948 0.05017605633802817 0.2775821596244131
0 0.907350352112676 0.7180164319248826 0.05149647887323944 0.22593896713615025
0 0.2227112676056338 0.3600352112676056 0.05897887323943662 0.2130281690140845
0 0.07526408450704225 0.7001173708920188 0.04137323943661972 0.24178403755868544
0 0.03125 0.7009976525821596 0.05017605633802817 0.2282863849765258
0 0.10629401408450705 0.3529929577464789 0.04533450704225352 0.23415492957746478
0 0.1212588028169014 0.7092136150234741 0.042693661971830985 0.198943661971831
0 0.22733274647887325 0.6358568075117371 0.03917253521126761 0.10856807511737089
0 0.7935739436619719 0.3368544600938967 0.056338028169014086 0.31690140845070425
0 0.964568661971831 0.7265258215962441 0.05237676056338028 0.23591549295774647
0 0.8732394366197183 0.06044600938967136 0.05369718309859155 0.09154929577464789
0 0.3382482394366197 0.04196009389671362 0.10431338028169014 0.06748826291079812
0 0.21919014084507044 0.04196009389671362 0.11179577464788733 0.07453051643192488
