0 0.47161091549295775 0.45892018779342725 0.06294014084507042 0.30633802816901406
0 0.4377200704225352 0.44747652582159625 0.0488556338028169 0.27406103286384975
0 0.5026408450704225 0.4454225352112676 0.04841549295774648 0.29107981220657275
0 0.17517605633802816 0.44454225352112675 0.058098591549295774 0.29401408450704225
0 0.565580985915493 0.45715962441314556 0.04841549295774648 0.2793427230046948
0 0.3180017605633803 0.4339788732394366 0.05501760563380282 0.2775821596244131
0 0.09551056338028169 0.7922535211267606 0.0448943661971831 0.24530516431924881
0 0.37213908450704225 0.45041079812206575 0.053257042253521125 0.27875586854460094
0 0.15096830985915494 0.801056338028169 0.045774647887323945 0.2546948356807512
0 0.6186179577464789 0.8095657276995305 0.05149647887323944 0.2564553990610329
0 0.801056338028169 0.8072183098591549 0.04841549295774648 0.2153755868544601
0 0.2438380281690141 0.4404342723004695 0.05545774647887324 0.27406103286384975
0 0.11993838028169014 0.4527582159624413 0.047975352112676055 0.2775821596244131
0 0.6278609154929577 0.448943661971831 0.04973591549295775 0.25821596244131456
0 0.6780369718309859 0.45774647887323944 0.0488556338028169 0.2676056338028169
0 0.04225352112676056 0.7995892018779343 0.04137323943661972 0.24354460093896713
0 0.5618397887323944 0.7992957746478874 0.04357394366197183 0.23826291079812206
0 0.36971830985915494 0.8098591549295775 0.04753521126760563 0.22652582159624413
0 0.06800176056338028 0.4536384976525822 0.05501760563380282 0.3039906103286385
0 0.07284330985915492 0.10710093896713616 0.04181338028169014 0.1965962441314554
0 0.8758802816901409 0.11208920187793427 0.056338028169014086 0.18427230046948356
0 0.6789172535211268 0.11032863849765258 0.04621478873239437 0.19014084507042253
0 0.02464788732394366 0.4621478873239437 0.045774647887323945 0.29284037558685444
0 0.2893926056338028 0.11942488262910798 0.04973591549295775 0.1954225352112676
0 0.3543133802816901 0.11238262910798122 0.04929577464788732 0.20363849765258216
0 0.7356954225352113 0.11561032863849766 0.04973591549295775 0.1807511737089202
0 0.4768926056338028 0.11150234741784038 0.05501760563380282 0.20305164319248825
0 0.5459947183098591 0.11003521126760564 0.05413732394366197 0.1789906103286385
0 0.6084947183098591 0.11062206572769953 0.047975352112676055 0.18838028169014084
0 0.22601232394366197 0.12910798122065728 0.053257042253521125 0.18896713615023475
0 0.4141725352112676 0.10592723004694836 0.06338028169014084 0.2106807511737089
0 0.14282570422535212 0.11062206572769953 0.058538732394366196 0.19072769953051644
0 0.8609154929577465 0.44366197183098594 0.05193661971830986 0.2605633802816901
0 0.8096390845070423 0.45041079812206575 0.05941901408450704 0.2681924882629108
0 0.75 0.8136737089201878 0.045774647887323945 0.20598591549295775
0 0.8096390845070423 0.11825117370892019 0.053257042253521125 0.17781690140845072
0 0.9348591549295775 0.10123239436619719 0.04137323943661972 0.15669014084507044
0 0.6866197183098591 0.8345070422535211 0.0528169014084507 0.20774647887323944
0 0.26188380281690143 0.8257042253521126 0.05457746478873239 0.18896713615023475
0 0.20334507042253522 0.8262910798122066 0.04929577464788732 0.20539906103286384
0 0.31866197183098594 0.8333333333333334 0.04665492957746479 0.19718309859154928
0 0.44014084507042256 0.8230633802816901 0.05545774647887324 0.20715962441314553
0 0.8538732394366197 0.8286384976525821 0.05017605633802817 0.1936619718309859
0 0.5026408450704225 0.8198356807511737 0.04665492957746479 0.20657276995305165
0 0.021566901408450703 0.1164906103286385 0.04137323943661972 0.198943661971831
