0 0.3298855633802817 0.710093896713615 0.053257042253521125 0.2546948356807512
0 0.84375 0.35563380281690143 0.058098591549295774 0.3039906103286385
0 0.4551056338028169 0.36208920187793425 0.056338028169014086 0.2546948356807512
0 0.2007042253521127 0.34976525821596244 0.05017605633802817 0.2605633802816901
0 0.6368838028169014 0.357981220657277 0.05193661971830986 0.284037558685446
0 0.516725352112676 0.35534037558685444 0.04929577464788732 0.2811032863849765
0 0.32768485915492956 0.34917840375586856 0.05237676056338028 0.2699530516431925
0 0.2753080985915493 0.352112676056338 0.058538732394366196 0.3028169014084507
0 0.386443661971831 0.7083333333333334 0.05369718309859155 0.24178403755868544
0 0.1483274647887324 0.3653169014084507 0.05545774647887324 0.2576291079812207
0 0.2876320422535211 0.7068661971830986 0.04181338028169014 0.23650234741784038
0 0.5726232394366197 0.3585680751173709 0.05193661971830986 0.2828638497652582
0 0.7887323943661971 0.7426643192488263 0.051056338028169015 0.232981220657277
0 0.5561179577464789 0.7200704225352113 0.05237676056338028 0.24882629107981222
0 0.903169014084507 0.3617957746478873 0.05985915492957746 0.306924882629108
0 0.616637323943662 0.733274647887324 0.045774647887323945 0.24589201877934272
0 0.6679137323943662 0.7186032863849765 0.05413732394366197 0.23650234741784038
0 0.6954225352112676 0.35093896713615025 0.05545774647887324 0.2640845070422535
0 0.23503521126760563 0.7071596244131455 0.04929577464788732 0.21009389671361503
0 0.4903169014084507 0.7092136150234741 0.045774647887323945 0.22946009389671362
0 0.12962147887323944 0.704518779342723 0.047975352112676055 0.19307511737089203
0 0.43794014084507044 0.7068661971830986 0.04137323943661972 0.2306338028169014
0 0.3873239436619718 0.34917840375586856 0.05545774647887324 0.2676056338028169
0 0.8503521126760564 0.738849765258216 0.051056338028169015 0.2323943661971831
0 0.7253521126760564 0.7309272300469484 0.04665492957746479 0.2142018779342723
0 0.18023767605633803 0.7127347417840375 0.04005281690140845 0.20363849765258216
0 0.11817781690140845 0.0715962441314554 0.04973591549295775 0.11854460093896714
0 0.0974911971830986 0.34976525821596244 0.04709507042253521 0.2605633802816901
0 0.17891725352112675 0.06866197183098592 0.047975352112676055 0.11737089201877934
0 0.24141725352112675 0.07012910798122066 0.047975352112676055 0.12617370892018778
0 0.308318661971831 0.0710093896713615 0.04533450704225352 0.11384976525821597
0 0.9782130281690141 0.08098591549295775 0.04973591549295775 0.12206572769953052
0 0.6309419014084507 0.061619718309859156 0.05237676056338028 0.0880281690140845
0 0.017825704225352113 0.7059859154929577 0.03477112676056338 0.22769953051643194
0 0.7786091549295775 0.3453638497652582 0.0625 0.2681924882629108
0 0.9702904929577465 0.7306338028169014 0.061179577464788734 0.2535211267605634
0 0.9108714788732394 0.7312206572769953 0.05413732394366197 0.24882629107981222
0 0.9654489436619719 0.3664906103286385 0.05677816901408451 0.2881455399061033
0 0.9214348591549296 0.0698356807511737 0.053257042253521125 0.12206572769953052
0 0.8617957746478874 0.06719483568075117 0.05193661971830986 0.11443661971830986
0 0.7951144366197183 0.0733568075117371 0.04973591549295775 0.11032863849765258
0 0.501100352112676 0.07042253521126761 0.061179577464788734 0.11737089201877934
0 0.5684419014084507 0.05604460093896713 0.05501760563380282 0.10974178403755869
0 0.7004841549295775 0.06073943661971831 0.07174295774647887 0.10504694835680752
0 0.3686179577464789 0.05868544600938967 0.06029929577464789 0.08568075117370892
0 0.43441901408450706 0.06631455399061033 0.06426056338028169 0.11854460093896714
