0 0.3807218309859155 0.4953051643192488 0.4390929921518548 0.8036999382838502
0 0.5752640845070423 0.47007042253521125 0.6287080703853402 0.8007804751041461
0 0.4476232394366197 0.4818075117370892 0.5033241094896846 0.8054684228217506
0 0.5132042253521126 0.4524647887323944 0.5627142587036302 0.8090067694901805
0 0.24955985915492956 0.4794600938967136 0.3035873416112874 0.7902115844519385
0 0.7077464788732394 0.4835680751173709 0.7664138439793692 0.7796457933831471
0 0.05765845070422535 0.45715962441314556 0.12013307286500693 0.768511056558443
0 0.12235915492957747 0.46830985915492956 0.1742419193860345 0.7790678932751438
0 0.6430457746478874 0.4595070422535211 0.6973402087259473 0.7943312752099451
0 0.5294894366197183 0.04107981220657277 0.5847141331705019 0.36089138508673324
0 0.6720950704225352 0.03169014084507042 0.7276971412542155 0.3667654400581895
0 0.46742957746478875 0.031103286384976527 0.5191604623338623 0.36383151215587733
0 0.18617957746478872 0.4642018779342723 0.24903777307329894 0.7866994120434657
0 0.6012323943661971 0.04284037558685446 0.6520241054602262 0.35678237067160395
0 0.31778169014084506 0.5105633802816901 0.3664974552420155 0.7860853501289428
0 0.05501760563380282 0.03169014084507042 0.1095708549270978 0.34446497057462144
0 0.32526408450704225 0.03403755868544601 0.38145895066703034 0.36911148030593577
0 0.2640845070422535 0.04753521126760563 0.31194362477682996 0.3626481600872843
0 0.3996478873239437 0.03345070422535211 0.4531691690636779 0.3626564256430602
0 0.7680457746478874 0.48826291079812206 0.8200844868949614 0.7414974982917851
0 0.20158450704225353 0.020539906103286387 0.2455098659740131 0.3667719836231788
0 0.12632042253521128 0.03169014084507042 0.17864158432106725 0.37380769357931626
0 0.00044014084507042255 0.4788732394366197 0.04753501754364214 0.7831696753289692
0 0.02420774647887324 0.460093896713615 0.07789427475947232 0.753251118605215
0 0.7429577464788732 0.03755868544600939 0.7936870784566554 0.3573723247151138
0 0.4159330985915493 0.8873239436619719 0.46416552240378894 0.999
0 0.34815140845070425 0.8802816901408451 0.4012552150490974 0.999
0 0.03169014084507042 0.8943661971830986 0.07613041807181116 0.999
0 0.2966549295774648 0.8843896713615024 0.3422990075133902 0.999
0 0.4722711267605634 0.8849765258215962 0.5279611482716723 0.999
0 0.09727112676056338 0.9055164319248826 0.14828465179279904 0.999
0 0.1641725352112676 0.8873239436619719 0.20591365645457252 0.9947844343053627
0 0.6056338028169014 0.8990610328638498 0.6520221682205911 0.9936038374220283
0 0.542693661971831 0.8843896713615024 0.5838280397614561 0.9936124473759615
0 0.23283450704225353 0.8802816901408451 0.27674611157260465 0.9971359849236262
0 0.659330985915493 0.9008215962441315 0.7100971254463401 0.9924290953073684
0 0.00044014084507042255 0.029342723004694836 0.04225332740279707 0.37028794441138224
0 0.7205105633802817 0.9084507042253521 0.7716899161252728 0.9982931627322622
