0 0.2970950704225352 0.3421361502347418 0.3484607856204126 0.6353625961559656
0 0.1698943661971831 0.34976525821596244 0.23187944790220197 0.6382923912803897
0 0.7486795774647887 0.3421361502347418 0.7998465318761159 0.6406442862968107
0 0.8089788732394366 0.36384976525821594 0.8632002733832572 0.6500212149264917
0 0.21346830985915494 0.7769953051643192 0.2591490016241817 0.9919149088584717
0 0.621919014084507 0.33392018779342725 0.6744621835325332 0.6406491078710133
0 0.2671654929577465 0.7681924882629108 0.3150232546245785 0.9907463659106438
0 0.49295774647887325 0.34683098591549294 0.5398358460622893 0.6400546766514581
0 0.4238556338028169 0.3550469483568075 0.47384513396399525 0.6488526719786638
0 0.050616197183098594 0.3380281690140845 0.09724884850476095 0.6488626595252265
0 0.5044014084507042 0.767018779342723 0.5561160205068438 0.9895733457867706
0 0.559419014084507 0.3368544600938967 0.6111094106452093 0.6377131135797571
0 0.659330985915493 0.008215962441314555 0.7118576888266217 0.24940832396570345
0 0.23415492957746478 0.37265258215962443 0.2741046853302916 0.6412132320527232
0 0.35827464788732394 0.3397887323943662 0.4069725903838524 0.646514208490379
0 0.6795774647887324 0.3438967136150235 0.729894552172188 0.6459249432431836
0 0.7253521126760564 0.007042253521126761 0.7756490527673081 0.2505827216822059
0 0.5303697183098591 0.004107981220657277 0.5860341682577861 0.23532622771055126
0 0.11443661971830986 0.0017605633802816902 0.17556582895258876 0.23826187760365006
0 0.0664612676056338 0.7693661971830986 0.11440736739982146 0.9848771325133903
0 0.397887323943662 0.01584507042253521 0.4373248735369966 0.24529586556900088
0 0.602112676056338 0.014084507042253521 0.6449814644911724 0.24940487998413013
0 0.3314260563380282 0.01936619718309859 0.3783752526160484 0.24294638133968127
0 0.11003521126760564 0.3427230046948357 0.15928255492461815 0.6377096695981838
0 0.00044014084507042255 0.3485915492957746 0.05105614430420551 0.6476827514382066
0 0.26848591549295775 0.002347417840375587 0.3176635185231105 0.23356669752474155
0 0.4595070422535211 0.013497652582159625 0.5169632451398531 0.24881836992219358
0 0.04841549295774648 0.012910798122065728 0.1117744650119024 0.24060275187903635
0 0.19806338028169015 0.004107981220657277 0.240229725624876 0.23649993663073904
0 0.0030809859154929575 0.020539906103286387 0.050614841115354095 0.26759357986731025
0 0.8714788732394366 0.3755868544600939 0.9186305110593136 0.6464932002027816
0 0.8600352112676056 0.0035211267605633804 0.9080721676006744 0.2318054453481452
0 0.8032570422535211 0.008215962441314555 0.8535196932032335 0.23415010800326214
0 0.9194542253521126 0.002347417840375587 0.9749474233163062 0.23356669752474155
0 0.12191901408450705 0.738849765258216 0.18788647930718114 0.9813739144570081
0 0.3305457746478873 0.755868544600939 0.38189676682453877 0.9895798893517601
0 0.5721830985915493 0.7705399061032864 0.6199066095516763 0.9760736268156671
0 0.6276408450704225 0.7599765258215962 0.6801814961069232 0.9942723142454098
0 0.38600352112676056 0.7576291079812206 0.44569278014034913 0.9842971660164429
0 0.6919014084507042 0.767018779342723 0.741332789873041 0.9807705288853622
0 0.4515845070422535 0.7676056338028169 0.49628011245288634 0.991920419228989
0 0.7535211267605634 0.7306338028169014 0.7976436966871653 0.9760970458903656
0 0.8860035211267606 0.7406103286384976 0.93094806183049 0.9672883742202826
0 0.8235035211267606 0.7464788732394366 0.8667150072530252 0.9960407987833101
