0 0.9168133802816901 0.539906103286385 0.9824309800262844 0.8118897264652076
0 0.45202464788732394 0.5082159624413145 0.5028820314049791 0.7749364929797881
0 0.11663732394366197 0.4788732394366197 0.17644514202291212 0.7667377504463401
0 0.25044014084507044 0.5129107981220657 0.3084285034591351 0.7755205922546232
0 0.18529929577464788 0.5017605633802817 0.237594498549395 0.7708323001388614
0 0.03961267605633803 0.4677230046948357 0.09769383244891885 0.7638100217108599
0 0.31954225352112675 0.4788732394366197 0.3858628775292601 0.7790616941083118
0 0.579225352112676 0.06103286384976526 0.6397098479964293 0.4043069055963323
0 0.6434859154929577 0.0528169014084507 0.7052625502132513 0.420743652053164
0 0.5092429577464789 0.03755868544600939 0.5662371289798651 0.3996258458418744
0 0.17297535211267606 0.0357981220657277 0.23363865521473914 0.35561279452930417
0 0.5911091549295775 0.5046948356807511 0.6423454625198373 0.8042812823734268
0 0.7935739436619719 0.5082159624413145 0.8548443776656417 0.79782381692345
0 0.738556338028169 0.051643192488262914 0.8082136635836144 0.3931621812250655
0 0.09022887323943662 0.04342723004694836 0.15268915982691927 0.3579557351936344
0 0.37235915492957744 0.03169014084507042 0.4258924475550486 0.37967623818025525
0 0.4397007042253521 0.046948356807511735 0.4967254838449713 0.37027761246666224
0 0.023327464788732395 0.03873239436619718 0.08625733826373735 0.3784983964821795
0 0.6483274647887324 0.5017605633802817 0.7065808417848641 0.7907853517820539
0 0.5180457746478874 0.5393192488262911 0.5706346629512994 0.7866553290793272
0 0.3983274647887324 0.505868544600939 0.44876834178486413 0.7725904527320417
0 0.23415492957746478 0.01643192488262911 0.2877490515274747 0.3702955211708435
0 0.30985915492957744 0.029342723004694836 0.3590185479071613 0.38378559699354187
0 0.00044014084507042255 0.465962441314554 0.0448941724732196 0.7597030736846746
0 0.8560739436619719 0.511150234741784 0.9142358829473318 0.8259911090171703
0 0.7266725352112676 0.5064553990610329 0.7848914293418965 0.8124962116202694
0 0.8138204225352113 0.03873239436619718 0.8812439170675461 0.39669088474509023
0 0.8912852112676056 0.04401408450704225 0.9547133427767308 0.3861244048799842
0 0.9634683098591549 0.0903755868544601 0.999 0.40076855892790236
0 0.24515845070422534 0.8914319248826291 0.29258575772416184 0.999
0 0.1426056338028169 0.8761737089201878 0.1751132897738544 0.9965515412506337
0 0.5492957746478874 0.8843896713615024 0.595708936718905 0.999
0 0.4841549295774648 0.8937793427230047 0.5297164811049395 0.999
0 0.3675176056338028 0.8914319248826291 0.41136993063132316 0.9988900047389186
0 0.4198943661971831 0.8961267605633803 0.46856518733882163 0.999
0 0.6117957746478874 0.8967136150234741 0.6511391743949614 0.999
0 0.6694542253521126 0.8902582159624414 0.7096525289501091 0.9988906935352333
0 0.18089788732394366 0.9002347417840375 0.2340753090284666 0.999
0 0.2988556338028169 0.8744131455399061 0.3414177572034318 0.9959657199850118
0 0.7288732394366197 0.9014084507042254 0.7862108832572903 0.998884149970244
0 0.8534330985915493 0.9172535211267606 0.9067546509249156 0.999
0 0.789612676056338 0.903755868544601 0.8434024592094822 0.9982959179175208
0 0.05941901408450704 0.8667840375586855 0.11441046698323747 0.999
