0 0.22953345070422534 0.27406103286384975 0.0682218309859155 0.27582159624413144
0 0.49317781690140844 0.27992957746478875 0.05765845070422535 0.3274647887323944
0 0.8153609154929577 0.7200704225352113 0.05501760563380282 0.32981220657276994
0 0.14216549295774647 0.6892605633802817 0.05545774647887324 0.3198356807511737
0 0.5653609154929577 0.2857981220657277 0.06205985915492958 0.3333333333333333
0 0.6564700704225352 0.6945422535211268 0.05765845070422535 0.3034037558685446
0 0.42627640845070425 0.2778755868544601 0.055897887323943664 0.31396713615023475
0 0.0741637323943662 0.6792840375586855 0.05765845070422535 0.30809859154929575
0 0.2108274647887324 0.6880868544600939 0.0528169014084507 0.30809859154929575
0 0.7744278169014085 0.2960680751173709 0.058538732394366196 0.30809859154929575
0 0.7508802816901409 0.7118544600938967 0.06073943661971831 0.31572769953051644
0 0.4623679577464789 0.6960093896713615 0.05413732394366197 0.31572769953051644
0 0.3573943661971831 0.28550469483568075 0.051056338028169015 0.306924882629108
0 0.8846830985915493 0.7191901408450704 0.05545774647887324 0.3163145539906103
0 0.5286091549295775 0.7030516431924883 0.0625 0.3438967136150235
0 0.5928697183098591 0.6945422535211268 0.051056338028169015 0.335093896713615
0 0.6300616197183099 0.2860915492957746 0.05149647887323944 0.29401408450704225
0 0.3347271126760563 0.6795774647887324 0.0488556338028169 0.3145539906103286
0 0.4003080985915493 0.6857394366197183 0.05941901408450704 0.33274647887323944
0 0.9427816901408451 0.7230046948356808 0.05193661971830986 0.2676056338028169
0 0.08362676056338028 0.2664319248826291 0.051056338028169015 0.3075117370892019
0 0.14898767605633803 0.26731220657276994 0.0488556338028169 0.31866197183098594
0 0.6969630281690141 0.3001760563380282 0.04533450704225352 0.30927230046948356
0 0.2737676056338028 0.6798708920187794 0.03697183098591549 0.3315727699530516
0 0.29071302816901406 0.21654929577464788 0.04973591549295775 0.15375586854460094
0 0.9124119718309859 0.3171948356807512 0.045774647887323945 0.2529342723004695
0 0.026848591549295774 0.2620305164319249 0.030809859154929578 0.2975352112676056
0 0.01936619718309859 0.670774647887324 0.037852112676056336 0.31103286384976525
0 0.8549735915492958 0.30252347417840375 0.05149647887323944 0.27992957746478875
0 0.4027288732394366 0.789906103286385 0.04401408450704225 0.12089201877934272
0 0.12411971830985916 0.9630281690140845 0.03873239436619718 0.08568075117370892
0 0.07152288732394366 0.9571596244131455 0.035651408450704226 0.10211267605633803
0 0.9806338028169014 0.33039906103286387 0.02464788732394366 0.25821596244131456
