0 0.6536091549295775 0.4671361502347418 0.6995362635761754 0.7362282064846041
0 0.27860915492957744 0.0880281690140845 0.3251414572381472 0.3491267440322687
0 0.4564260563380282 0.06514084507042253 0.5046406575456259 0.3544218657012497
0 0.5290492957746479 0.45892018779342725 0.5816333409789723 0.7491438261808724
0 0.1817781690140845 0.43309859154929575 0.23627562580589168 0.7292059280566026
0 0.030809859154929578 0.06514084507042253 0.0928561576324142 0.34327163095946567
0 0.6360035211267606 0.08568075117370892 0.6801778153516168 0.3538229573056492
0 0.15316901408450703 0.06044600938967136 0.20591849955366 0.33036358802265864
0 0.59375 0.465962441314554 0.6401435959507042 0.7415105854217637
0 0.5189260563380281 0.07922535211267606 0.5653525853625273 0.36262956258678836
0 0.4735915492957746 0.47417840375586856 0.5235591586490775 0.7456137450682184
0 0.6949823943661971 0.07629107981220658 0.741771574650367 0.35558903105644823
0 0.09595070422535211 0.06690140845070422 0.1474049512745487 0.33446778086358525
0 0.11003521126760564 0.44072769953051644 0.1566417098541956 0.7338962865613083
0 0.20994718309859156 0.07805164319248827 0.2609111147961714 0.35089316218122507
0 0.7544014084507042 0.09330985915492958 0.804685562760365 0.3039358510216227
0 0.4005281690140845 0.06866197183098592 0.44392582386927193 0.34796440025127284
0 0.3617957746478873 0.46830985915492956 0.4091717448174965 0.7203824472657542
0 0.5849471830985915 0.08626760563380281 0.6260629633877207 0.3690808288699332
0 0.03961267605633803 0.4395539906103286 0.0906515789277921 0.722746740615839
0 0.3362676056338028 0.0721830985915493 0.3898167836242809 0.3520703150829862
0 0.42297535211267606 0.4835680751173709 0.4637222819753025 0.7479556525380767
0 0.30149647887323944 0.4595070422535211 0.35286025683148187 0.7391669559611188
0 0.24295774647887325 0.4595070422535211 0.29566771225947236 0.7180401953977386
0 0.8930457746478874 0.10915492957746478 0.925663272106229 0.3567434536798254
0 0.8965669014084507 0.4677230046948357 0.9349046800609999 0.7356410076263529
0 0.7178697183098591 0.47769953051643194 0.7611276981873636 0.7438511152989927
0 0.9454225352112676 0.10152582159624413 0.9894606414897836 0.36907187451784257
0 0.00044014084507042255 0.4254694835680751 0.04005262317744495 0.7145390437303004
0 0.9449823943661971 0.47476525821596244 0.991221398594029 0.7409185649893099
0 0.1056338028169014 0.8221830985915493 0.1531225203332672 0.9918883902003571
0 0.22579225352112675 0.8280516431924883 0.27366822524052764 0.9977534908197226
0 0.16329225352112675 0.8163145539906104 0.21647742418418964 0.999
0 0.34375 0.8169014084507042 0.3968557438380282 0.999
0 0.5356514084507042 0.8303990610328639 0.5891128294857171 0.9912967141660605
0 0.27860915492957744 0.829225352112676 0.3348245558296965 0.999
0 0.4084507042253521 0.8086854460093896 0.4540455762745487 0.999
0 0.9036091549295775 0.8526995305164319 0.950746650900119 0.9918704814961757
0 0.022887323943661973 0.8110328638497653 0.07129274325530649 0.9965897694460976
0 0.6029929577464789 0.8485915492957746 0.6458613587333862 0.9895254744429015
0 0.6571302816901409 0.8227699530516432 0.7114185166013688 0.999
0 0.9551056338028169 0.8562206572769953 0.999 0.999
0 0.4788732394366197 0.8233568075117371 0.5226765522713748 0.9889534291035729
0 0.7147887323943662 0.8333333333333334 0.7501255331283476 0.985426447574335
0 0.8556338028169014 0.0880281690140845 0.873302978079746 0.3004178238444753
