0 0.07284330985915492 0.46156103286384975 0.06029929577464789 0.3362676056338028
0 0.7638644366197183 0.49911971830985913 0.06382042253521127 0.3315727699530516
0 0.13534330985915494 0.4753521126760563 0.05413732394366197 0.3028169014084507
0 0.21324823943661972 0.4677230046948357 0.05765845070422535 0.3286384976525822
0 0.5310299295774648 0.49061032863849763 0.05237676056338028 0.32511737089201875
0 0.6670334507042254 0.4894366197183099 0.05149647887323944 0.30633802816901406
0 0.4720510563380282 0.4727112676056338 0.05765845070422535 0.3257042253521127
0 0.07548415492957747 0.863556338028169 0.055897887323943664 0.2505868544600939
0 0.21786971830985916 0.8735328638497653 0.04929577464788732 0.23884976525821597
0 0.597931338028169 0.49295774647887325 0.05149647887323944 0.30985915492957744
0 0.4029489436619718 0.46830985915492956 0.06205985915492958 0.3403755868544601
0 0.3373679577464789 0.4642018779342723 0.0488556338028169 0.31572769953051644
0 0.9535651408450704 0.5205399061032864 0.04973591549295775 0.3086854460093897
0 0.2748679577464789 0.46332159624413144 0.042693661971830985 0.3515258215962441
0 0.862455985915493 0.12529342723004694 0.07086267605633803 0.22593896713615025
0 0.3573943661971831 0.11296948356807512 0.05457746478873239 0.20833333333333334
0 0.7940140845070423 0.12441314553990611 0.05897887323943662 0.2347417840375587
0 0.5015404929577465 0.12118544600938967 0.06205985915492958 0.22124413145539906
0 0.7117077464788732 0.11825117370892019 0.05369718309859155 0.232981220657277
0 0.4273767605633803 0.12294600938967136 0.05369718309859155 0.22359154929577466
0 0.0664612676056338 0.10651408450704225 0.04753521126760563 0.18720657276995306
0 0.13226232394366197 0.10710093896713616 0.05677816901408451 0.1954225352112676
0 0.5765845070422535 0.12353286384976526 0.04929577464788732 0.22007042253521128
0 0.6432658450704225 0.11883802816901408 0.05237676056338028 0.22124413145539906
0 0.929137323943662 0.13673708920187794 0.043133802816901406 0.21244131455399062
0 0.20752640845070422 0.11091549295774648 0.05765845070422535 0.20539906103286384
0 0.8232834507042254 0.5085093896713615 0.055897887323943664 0.32335680751173707
0 0.8915052816901409 0.5005868544600939 0.06205985915492958 0.31103286384976525
0 0.601012323943662 0.8849765258215962 0.0488556338028169 0.2300469483568075
0 0.15140845070422534 0.863556338028169 0.058098591549295774 0.272887323943662
0 0.28565140845070425 0.8873239436619719 0.05193661971830986 0.22535211267605634
0 0.3536531690140845 0.8617957746478874 0.05149647887323944 0.2764084507042254
0 0.5356514084507042 0.8870305164319249 0.0528169014084507 0.22593896713615025
0 0.47183098591549294 0.875293427230047 0.0448943661971831 0.2494131455399061
0 0.8670774647887324 0.8794014084507042 0.051056338028169015 0.22946009389671362
0 0.7392165492957746 0.8785211267605634 0.05941901408450704 0.22887323943661972
0 0.42077464788732394 0.8708920187793427 0.045774647887323945 0.24647887323943662
0 0.6663732394366197 0.8785211267605634 0.03961267605633803 0.2312206572769953
0 0.02266725352112676 0.8626760563380281 0.037411971830985914 0.2746478873239437
0 0.9317781690140845 0.8949530516431925 0.04401408450704225 0.20539906103286384
0 0.9810739436619719 0.8949530516431925 0.037852112676056336 0.18896713615023475
0 0.8096390845070423 0.8726525821596244 0.058538732394366196 0.23591549295774647
0 0.27992957746478875 0.12206572769953052 0.06514084507042253 0.22300469483568075
0 0.015404929577464789 0.4703638497652582 0.020246478873239437 0.31514084507042256
0 0.01584507042253521 0.0994718309859155 0.022887323943661973 0.16960093896713616
