0 0.4964788732394366 0.3755868544600939 0.08274647887323944 0.1572769953051643
0 0.7453785211267606 0.7056924882629108 0.0664612676056338 0.11561032863849766
0 0.3257042253521127 0.7194835680751174 0.08362676056338028 0.13732394366197184
0 0.7909330985915493 0.30428403755868544 0.07746478873239436 0.17781690140845072
0 0.4933978873239437 0.1869131455399061 0.0977112676056338 0.20715962441314553
0 0.6982834507042254 0.30545774647887325 0.07350352112676056 0.16607981220657278
0 0.4878961267605634 0.6965962441314554 0.07262323943661972 0.16549295774647887
0 0.3921654929577465 0.1983568075117371 0.09154929577464789 0.2312206572769953
0 0.5704225352112676 0.7027582159624414 0.07130281690140845 0.16725352112676056
0 0.6536091549295775 0.6963028169014085 0.07394366197183098 0.15551643192488263
0 0.29225352112676056 0.18779342723004694 0.07570422535211267 0.2007042253521127
0 0.5878080985915493 0.3626760563380282 0.06558098591549295 0.17253521126760563
0 0.41087147887323944 0.6924882629107981 0.06910211267605634 0.15258215962441316
0 0.5935299295774648 0.18221830985915494 0.07702464788732394 0.18485915492957747
0 0.8232834507042254 0.6883802816901409 0.061179577464788734 0.1607981220657277
0 0.402068661971831 0.3573943661971831 0.08142605633802817 0.1795774647887324
0 0.6505281690140845 0.835093896713615 0.07394366197183098 0.09389671361502347
0 0.4137323943661972 0.8283450704225352 0.06866197183098592 0.10269953051643192
0 0.5735035211267606 0.8233568075117371 0.05721830985915493 0.10328638497652583
0 0.49537852112676056 0.8280516431924883 0.06470070422535211 0.09859154929577464
0 0.8138204225352113 0.8280516431924883 0.07394366197183098 0.107981220657277
0 0.7334947183098591 0.8248239436619719 0.05677816901408451 0.1073943661971831
0 0.3019366197183099 0.36795774647887325 0.06690140845070422 0.142018779342723
0 0.3378080985915493 0.8397887323943662 0.061179577464788734 0.0903755868544601
