0 0.5567781690140845 0.3362676056338028 0.6419204321439199 0.5138871668981022
0 0.6558098591549296 0.33215962441314556 0.7431092386183297 0.5179975589058609
0 0.457306338028169 0.335093896713615 0.543372664463896 0.5097798744737596
0 0.34903169014084506 0.6291079812206573 0.4338252501363817 0.8317904295884856
0 0.5488556338028169 0.1449530516431925 0.6511668769217417 0.31270836088518594
0 0.355193661971831 0.1431924882629108 0.4391042281417378 0.3086014128590006
0 0.6681338028169014 0.1414319248826291 0.7519066312487601 0.3086024460534726
0 0.355193661971831 0.35093896713615025 0.4496676084234279 0.49685977760144595
0 0.2605633802816901 0.3386150234741784 0.3423148928783971 0.5003881367233133
0 0.4612676056338028 0.14553990610328638 0.540730075877802 0.3115343075668408
0 0.4423415492957746 0.6379107981220657 0.520491927134993 0.8171139021137782
0 0.2601232394366197 0.6396713615023474 0.345836213362924 0.8300236670413718
0 0.2605633802816901 0.13262910798122066 0.3440754562586788 0.30743390310564483
0 0.6769366197183099 0.6314553990610329 0.7589450102906169 0.7672350613855276
0 0.7662852112676056 0.13673708920187794 0.8517754026358857 0.3226897082809848
0 0.7570422535211268 0.32922535211267606 0.8544203159095417 0.5074359006149574
0 0.8688380281690141 0.1437793427230047 0.9516422367833762 0.3168170309021579
0 0.855193661971831 0.33568075117370894 0.952968664761456 0.505671548854945
0 0.8019366197183099 0.6449530516431925 0.8750871757835746 0.7637060134673456
0 0.5950704225352113 0.7658450704225352 0.6617099161872645 0.940865114395292
0 0.8098591549295775 0.7693661971830986 0.8689217169212458 0.9373419212457846
0 0.36223591549295775 0.8215962441314554 0.4360201426428288 0.9783910820163548
0 0.4537852112676056 0.8215962441314554 0.5222474536922238 0.9819122087769182
0 0.676056338028169 0.7987089201877934 0.7241742709779805 0.9431932459388569
0 0.27244718309859156 0.7476525821596244 0.3418695214863122 0.9672842414423946
0 0.5352112676056338 0.7758215962441315 0.5847116147589764 0.9379249873261477
0 0.002640845070422535 0.7987089201877934 0.07966433061396548 0.9737096778637395
0 0.730193661971831 0.7963615023474179 0.8046962175783575 0.9772321822169322
