0 0.6514084507042254 0.1402582159624413 0.7351886406466971 0.24522285315964645
0 0.5647007042253521 0.13673708920187794 0.6476387760984924 0.23818266602746369
0 0.30369718309859156 0.7077464788732394 0.37442618962011504 0.7977067215499569
0 0.7345950704225352 0.30633802816901406 0.8126168155499901 0.36425684388018253
0 0.6518485915492958 0.3075117370892019 0.7215440807255505 0.3566270471026472
0 0.7477992957746479 0.1596244131455399 0.8196532573522118 0.225258436377262
0 0.6439260563380281 0.24061032863849766 0.7237482719822457 0.2932860268024422
0 0.3182218309859155 0.29577464788732394 0.38102190940537595 0.3343334655822257
0 0.5611795774647887 0.31396713615023475 0.6335558188479469 0.3554495498027287
0 0.7407570422535211 0.7711267605633803 0.8064521315835151 0.8182094326522515
0 0.1430457746478873 0.392018779342723 0.20504267351467964 0.4557558575238599
0 0.1795774647887324 0.7376760563380281 0.23891743949613173 0.821163335647689
0 0.23107394366197184 0.24178403755868544 0.30931730900366994 0.285069375564813
0 0.6236795774647887 0.4994131455399061 0.6810635213127355 0.5460684195155282
0 0.32702464788732394 0.23415492957746478 0.3885004292923031 0.2768578902995437
0 0.8820422535211268 0.5727699530516432 0.9322702278813728 0.6170347594172232
0 0.9172535211267606 0.2535211267605634 0.999 0.3085366660054222
0 0.9185739436619719 0.3245305164319249 0.9960745713276136 0.37246212997861977
0 0.920774647887324 0.176056338028169 0.999 0.2275962110692323
0 0.8367077464788732 0.004694835680751174 0.9208465194777821 0.09389395842976482
0 0.7376760563380281 0.24002347417840375 0.816136586242809 0.2973943524212568
0 0.7451584507042254 0.011150234741784037 0.8306579408227535 0.0862610620688135
0 0.9498239436619719 0.48826291079812206 0.9956206760811347 0.5466618175406115
0 0.8345070422535211 0.2992957746478873 0.8935587557032335 0.3619135588176949
0 0.7350352112676056 0.8820422535211268 0.7967715514034914 0.9396232146399524
0 0.18441901408450703 0.8615023474178404 0.2437568578283079 0.900316019749168
0 0.6487676056338029 0.8720657276995305 0.7285876903144217 0.9325868158875004
0 0.5831866197183099 0.8726525821596244 0.6397081044807578 0.920849382287465
0 0.6571302816901409 0.772887323943662 0.7307847137844674 0.8710253008662302
0 0.5088028169014085 0.9078638497652582 0.5754802804503075 0.9407817700412175
0 0.9000880281690141 0.897887323943662 0.9709946795650664 0.9554589863122396
0 0.8133802816901409 0.9002347417840375 0.8777229840309463 0.9484153551984835
0 0.04973591549295775 0.45011737089201875 0.09504853172733585 0.5114729358152043
0 0.04533450704225352 0.5146713615023474 0.10165258164302718 0.5759890426282264
0 0.10167253521126761 0.5322769953051644 0.15092355962358658 0.571870729462849
0 0.09903169014084508 0.49589201877934275 0.14432260929131124 0.5319859788622187
0 0.09727112676056338 0.443075117370892 0.14872479263786947 0.4938714347902753
0 0.14656690140845072 0.45598591549295775 0.2125235180891688 0.5073615106129736
0 0.1443661971830986 0.4988262910798122 0.21384490924419758 0.5454819094535917
0 0.1500880281690141 0.5381455399061033 0.21164168660731997 0.5789095390024025
0 0.21610915492957747 0.5088028169014085 0.2697112195620909 0.5525183082060438
0 0.21170774647887325 0.5487089201877934 0.271913861027078 0.5835981755163218
0 0.21170774647887325 0.4647887323943662 0.26751245257637374 0.5102906169410831
0 0.2147887323943662 0.40023474178403756 0.27983504017060107 0.4633801439308779
0 0.2720070422535211 0.4137323943661972 0.33482746168914895 0.47334874859485554
0 0.2689260563380282 0.4753521126760563 0.3335083952216822 0.5143923989949084
0 0.2720070422535211 0.5164319248826291 0.3379084476046419 0.5525138310299984
0 0.2689260563380282 0.5528169014084507 0.33130769099633006 0.5894643093301594
0 0.3402288732394366 0.5498826291079812 0.3994981387001587 0.5924003036214155
0 0.34903169014084506 0.5105633802816901 0.4008146867561 0.5484092937909145
0 0.3459507042253521 0.4471830985915493 0.4016963245139853 0.5161694934867421
0 0.41065140845070425 0.45305164319248825 0.4668086921617734 0.5056026692234786
0 0.40316901408450706 0.5117370892018779 0.469012689694505 0.5525165862152571
0 0.40316901408450706 0.5528169014084507 0.4786957882860543 0.5965065628512861
0 0.4735915492957746 0.5487089201877934 0.5358831023110494 0.5953352647181996
0 0.4735915492957746 0.49413145539906106 0.5394042290716128 0.5437241012585686
0 0.4823943661971831 0.4471830985915493 0.5416010588176948 0.4985638596839252
0 0.5404929577464789 0.443075117370892 0.6106775999305694 0.5114770685930922
0 0.542693661971831 0.5134976525821596 0.6106766313107519 0.5495812807203156
0 0.5470950704225352 0.5516431924882629 0.5974704687190042 0.595333542727413
0 0.6100352112676056 0.5264084507042254 0.6801892450654632 0.5748084457448919
0 0.6065140845070423 0.5809859154929577 0.6788703723219599 0.6199642101434901
0 0.6747359154929577 0.585093896713615 0.741780485952688 0.6246566350371399
0 0.6813380281690141 0.5352112676056338 0.7470592702340806 0.5818455332936586
0 0.6857394366197183 0.4753521126760563 0.7549798682057132 0.5349323050981948
0 0.7508802816901409 0.4794600938967136 0.8187716195943265 0.5466669835129714
0 0.7508802816901409 0.5381455399061033 0.8143702111436223 0.5806701023826842
0 0.7442781690140845 0.5880281690140845 0.8077710043270184 0.6199600773656021
0 0.8102992957746479 0.5839201877934272 0.8715623682677048 0.6228967604531729
0 0.8125 0.539906103286385 0.8834452024647887 0.5836033414886816
0 0.8213028169014085 0.4823943661971831 0.8812406237601667 0.539623008001058
0 0.8785211267605634 0.48532863849765256 0.9353527635885738 0.5466635395313981
0 0.8785211267605634 0.5410798122065728 0.9397541720392779 0.583602652692367
0 0.9410211267605634 0.5469483568075117 0.9956245505604048 0.5835992087107937
0 0.9379401408450704 0.5809859154929577 0.9925449207126562 0.6228984824439596
0 0.013644366197183098 0.715962441314554 0.07745878328952589 0.7930070642950032
0 0.00044014084507042255 0.7963615023474179 0.06205966543096608 0.859274435738059
0 0.06294014084507042 0.767018779342723 0.11572933972674074 0.8281883692609491
0 0.06426056338028169 0.8315727699530516 0.11792946278020233 0.8780331145716238
0 0.11707746478873239 0.857981220657277 0.1839273426651458 0.8915152692367035
0 0.11267605633802817 0.8098591549295775 0.1742461813132315 0.8504636976790318
0 0.11575704225352113 0.7394366197183099 0.174244825245487 0.8223360113734047
0 0.14128521126760563 0.6848591549295775 0.19844133573447728 0.7284713267870131
0 0.15536971830985916 0.6437793427230047 0.2125196436098988 0.6891761858317353
0 0.2125880281690141 0.6496478873239436 0.2697127693537989 0.6903464507703498
0 0.21170774647887325 0.6924882629107981 0.2565089314496132 0.7343353942119069
0 0.18089788732394366 0.8257042253521126 0.23671615409888913 0.8604309247503802
0 0.25132042253521125 0.7453051643192489 0.306227411785856 0.8387644922744606
0 0.24559859154929578 0.8403755868544601 0.3062299301973815 0.8739199673786066
0 0.25 0.8785211267605634 0.3181117957746479 0.913216830324671
0 0.30721830985915494 0.8022300469483568 0.37090351306784364 0.8416653579536688
0 0.30633802816901406 0.8421361502347418 0.3678229146002777 0.8856560233860126
0 0.31514084507042256 0.8814553990610329 0.3731007302618528 0.9190836529348234
0 0.37764084507042256 0.8421361502347418 0.43469293976889506 0.8856560233860126
0 0.3789612676056338 0.886150234741784 0.44129447127306093 0.9220151700500342
0 0.3798415492957746 0.8039906103286385 0.4390933795997818 0.8504671416606053
0 0.37764084507042256 0.7640845070422535 0.4456964608956556 0.8047159128479798
0 0.37544014084507044 0.704225352112676 0.44481714782533227 0.7771688818356146
0 0.39436619718309857 0.6778169014084507 0.4434883951596905 0.7108698257620842
0 0.4546654929577465 0.6789906103286385 0.5108034042724658 0.7126297003460513
0 0.4524647887323944 0.7200704225352113 0.5064029644415791 0.7478168600806718
0 0.44938380281690143 0.7482394366197183 0.5064043205093235 0.8252651177015142
0 0.4471830985915493 0.8257042253521126 0.5020038806784368 0.8592572158301924
0 0.4449823943661972 0.8656103286384976 0.5086069619743107 0.93845914886817
0 0.5162852112676056 0.8744131455399061 0.5767974096781393 0.9073506965108334
0 0.5118838028169014 0.8257042253521126 0.5812007553684785 0.8709943050320703
0 0.522887323943662 0.7541079812206573 0.5820761939595318 0.8270222371002226
0 0.5250880281690141 0.7276995305164319 0.5789942394242215 0.756615199806035
0 0.5250880281690141 0.7024647887323944 0.5811949436495735 0.7331558305230443
0 0.5889084507042254 0.6995305164319249 0.6515893888861337 0.750763186316648
0 0.5902288732394366 0.7511737089201878 0.6546697936297361 0.8164605788093192
0 0.5902288732394366 0.8169014084507042 0.6515888077142432 0.8604360907227402
0 0.6540492957746479 0.7259389671361502 0.7294656473170006 0.7695270311225726
0 0.8191021126760564 0.7875586854460094 0.9032486346335054 0.8897960336353017
0 0.9014084507042254 0.7863849765258216 0.9912405772664153 0.8868624501311468
0 0.8860035211267606 0.7335680751173709 0.9683600336614758 0.7900624600498137
0 0.875 0.6907276995305164 0.9516395246478874 0.733162718486191
0 0.7948943661971831 0.6895539906103286 0.8768508387472723 0.7372713885031629
0 0.8036971830985915 0.7453051643192489 0.8900511896201151 0.7947504077674183
0 0.7209507042253521 0.6866197183098591 0.7998587364858163 0.7243623123718839
0 0.6518485915492958 0.6907276995305164 0.7197835173452688 0.716730793603562
0 0.8279049295774648 0.19483568075117372 0.9010440559288831 0.27277298375542774
0 0.46566901408450706 0.13497652582159625 0.5424887020184487 0.1830193799731094
0 0.46786971830985913 0.18603286384976525 0.5504102686098988 0.22113495723952478
0 0.46919014084507044 0.22300469483568075 0.5446878564520928 0.26219307236218564
0 0.46919014084507044 0.2623239436619718 0.5460082789873041 0.30324980989221717
0 0.4722711267605634 0.2992957746478873 0.5460069229195597 0.35487130529656813
0 0.3921654929577465 0.19483568075117372 0.461094997582325 0.2551673499526108
0 0.39524647887323944 0.25938967136150237 0.469016176725848 0.30912007648394274
0 0.3908450704225352 0.3004694835680751 0.46549698720491967 0.35604432542044123
0 0.32702464788732394 0.17312206572769953 0.4017046546444158 0.22877164198020675
0 0.2169894366197183 0.13497652582159625 0.3018411138043047 0.20355928607639578
0 0.22139084507042253 0.20657276995305165 0.30624058501537393 0.24048910048711677
0 0.22799295774647887 0.2992957746478873 0.3093186650714144 0.3355051081134695
0 0.1522887323943662 0.2875586854460094 0.21824283066355882 0.3325777237761467
0 0.15316901408450703 0.2505868544600939 0.21824244321563183 0.29445388095395536
0 0.1500880281690141 0.21244131455399062 0.22264520773408053 0.2563307269280786
0 0.14348591549295775 0.1772300469483568 0.21252487415691332 0.21116359739028853
0 0.13996478873239437 0.13615023474178403 0.2160475507091847 0.1742158742753863
0 0.06205985915492958 0.12617370892018778 0.13245507928734376 0.1789165647248121
0 0.058538732394366196 0.18192488262910797 0.13773831921989685 0.23170074830831625
0 0.07086267605633803 0.2347417840375587 0.1421343033996231 0.2844866538826071
0 0.0761443661971831 0.2875586854460094 0.14653338716276532 0.3355119960766162
0 0.00044014084507042255 0.12617370892018778 0.05853853867040271 0.1789165647248121
0 0.00044014084507042255 0.18779342723004694 0.05985896120561397 0.22993674094646124
0 0.00044014084507042255 0.23943661971830985 0.06426036965631819 0.27978906301659723
0 0.0048415492957746475 0.2857981220657277 0.07306124931809165 0.3325787569706187
0 0.002640845070422535 0.009976525821596244 0.10607278131819083 0.07921949734400141
0 0.09815140845070422 0.035211267605633804 0.1861363770209284 0.08213896052370562
0 0.1875 0.029342723004694836 0.2666428257042254 0.0891846580264057
0 0.28653169014084506 0.018779342723004695 0.3731133223194803 0.08919085719323767
0 0.36883802816901406 0.0029342723004694834 0.4668270959383059 0.08509217472282836
0 0.4612676056338028 0.020539906103286387 0.5578955688355485 0.08918982399876567
0 0.5580985915492958 0.0029342723004694834 0.6428001326621703 0.0968292639247063
0 0.6461267605633803 0.005868544600938967 0.7395923737849632 0.09682754193391964
0 0.9366197183098591 0.03931924882629108 0.999 0.10854500044082964
0 0.006161971830985915 0.43720657276995306 0.04577193575183495 0.4733349726685622
0 0.0008802816901408451 0.5252347417840375 0.027288344946439197 0.5759828434613943
0 0.00044014084507042255 0.619131455399061 0.049295580923923825 0.6481108383477705
0 0.00044014084507042255 0.6514084507042254 0.03829205979716326 0.6844768729749389
