0 0.4533450704225352 0.4166666666666667 0.2869718309859155 0.13145539906103287
0 0.383362676056338 0.812793427230047 0.23503521126760563 0.2312206572769953
0 0.10431338028169014 0.11473004694835681 0.04929577464788732 0.20833333333333334
0 0.20950704225352113 0.12353286384976526 0.04753521126760563 0.21654929577464788
0 0.2607834507042254 0.1141431924882629 0.04621478873239437 0.1965962441314554
0 0.7557218309859155 0.5586854460093896 0.289612676056338 0.12910798122065728
0 0.048195422535211266 0.11443661971830986 0.04621478873239437 0.20187793427230047
0 0.15735035211267606 0.12118544600938967 0.04005281690140845 0.2130281690140845
0 0.754181338028169 0.4363262910798122 0.2988556338028169 0.11913145539906103
0 0.13182218309859156 0.8086854460093896 0.26276408450704225 0.20774647887323944
0 0.45400528169014087 0.5492957746478874 0.28741197183098594 0.16314553990610328
0 0.1324823943661972 0.5079225352112676 0.2640845070422535 0.23415492957746478
0 0.6236795774647887 0.8210093896713615 0.24735915492957747 0.22065727699530516
0 0.7290933098591549 0.12265258215962441 0.09286971830985916 0.12089201877934272
0 0.3488116197183099 0.2511737089201878 0.09991197183098592 0.11619718309859155
0 0.6344630281690141 0.12411971830985916 0.09815140845070422 0.1238262910798122
0 0.535431338028169 0.25264084507042256 0.09375 0.125
0 0.6296214788732394 0.25029342723004694 0.09463028169014084 0.12147887323943662
0 0.3494718309859155 0.1238262910798122 0.09419014084507042 0.142018779342723
0 0.44432218309859156 0.12089201877934272 0.09991197183098592 0.12793427230046947
0 0.8204225352112676 0.24618544600938966 0.0897887323943662 0.1238262910798122
0 0.4397007042253521 0.2494131455399061 0.09859154929577464 0.1255868544600939
0 0.7242517605633803 0.2505868544600939 0.08670774647887323 0.11971830985915492
0 0.8327464788732394 0.8195422535211268 0.15933098591549297 0.2153755868544601
