0 0.7359154929577465 0.874706572769953 0.2517605633802817 0.12265258215962441
0 0.7744278169014085 0.3438967136150235 0.2654049295774648 0.11854460093896714
0 0.7737676056338029 0.21919014084507044 0.272887323943662 0.13673708920187794
0 0.7742077464788732 0.4642018779342723 0.2720070422535211 0.11619718309859155
0 0.7392165492957746 0.7590962441314554 0.24955985915492956 0.12147887323943662
0 0.7440580985915493 0.6464201877934272 0.2557218309859155 0.10974178403755869
0 0.07900528169014084 0.7805164319248826 0.15713028169014084 0.23708920187793428
0 0.2323943661971831 0.7808098591549296 0.14964788732394366 0.23650234741784038
0 0.06580105633802817 0.22652582159624413 0.12455985915492958 0.19718309859154928
0 0.20004401408450703 0.23268779342723006 0.13952464788732394 0.20363849765258216
0 0.07570422535211267 0.522593896713615 0.1505281690140845 0.1954225352112676
0 0.2264524647887324 0.5237676056338029 0.13952464788732394 0.20481220657276994
0 0.944762323943662 0.7144953051643192 0.11047535211267606 0.1813380281690141
0 0.9425616197183099 0.8711854460093896 0.11487676056338028 0.1402582159624413
0 0.9617077464788732 0.44278169014084506 0.07658450704225352 0.17077464788732394
0 0.9661091549295775 0.2590962441314554 0.06778169014084508 0.1942488262910798
