0 0.20180457746478872 0.8148474178403756 0.2953345070422535 0.18720657276995306
0 0.18155809859154928 0.6068075117370892 0.2953345070422535 0.2112676056338028
0 0.7902728873239436 0.8036971830985915 0.12544014084507044 0.1437793427230047
0 0.785431338028169 0.6029929577464789 0.14744718309859156 0.20950704225352113
0 0.492737676056338 0.5921361502347418 0.2847711267605634 0.215962441314554
0 0.17033450704225353 0.27318075117370894 0.3397887323943662 0.23650234741784038
0 0.5068221830985915 0.8125 0.28653169014084506 0.18955399061032863
0 0.8615757042253521 0.24061032863849766 0.27684859154929575 0.2546948356807512
0 0.5026408450704225 0.25146713615023475 0.34683098591549294 0.2717136150234742
0 0.9152728873239436 0.7919600938967136 0.12455985915492958 0.12265258215962441
