0 0.4258362676056338 0.397593896713615 0.2909330985915493 0.1613849765258216
0 0.4251760563380282 0.25322769953051644 0.2966549295774648 0.13556338028169015
0 0.35563380281690143 0.6625586854460094 0.23591549295774647 0.22417840375586853
0 0.3888644366197183 0.9069835680751174 0.26188380281690143 0.18603286384976525
0 0.7308538732394366 0.4063967136150235 0.2970950704225352 0.12852112676056338
0 0.7337147887323944 0.2734741784037559 0.30721830985915494 0.13028169014084506
0 0.6027728873239436 0.670481220657277 0.24339788732394366 0.1965962441314554
0 0.11707746478873239 0.3606220657276995 0.23327464788732394 0.22593896713615025
0 0.11707746478873239 0.664612676056338 0.23327464788732394 0.19307511737089203
0 0.4080105633802817 0.09125586854460094 0.09330985915492958 0.11795774647887323
0 0.5085827464788732 0.09008215962441314 0.09286971830985916 0.12030516431924883
0 0.17121478873239437 0.033157276995305164 0.0448943661971831 0.056924882629107984
0 0.8050176056338029 0.67018779342723 0.1619718309859155 0.20305164319248825
0 0.12257922535211267 0.03550469483568075 0.04357394366197183 0.05927230046948357
0 0.12808098591549297 0.9063967136150235 0.25528169014084506 0.18720657276995306
0 0.6005721830985915 0.09653755868544601 0.10695422535211267 0.13204225352112675
0 0.2266725352112676 0.03433098591549296 0.04929577464788732 0.05927230046948357
0 0.7988556338028169 0.09330985915492958 0.09595070422535211 0.1267605633802817
0 0.3144806338028169 0.09066901408450705 0.09110915492957747 0.13204225352112675
0 0.6111355633802817 0.9166666666666666 0.1800176056338028 0.16666666666666666
0 0.7077464788732394 0.09301643192488263 0.09683098591549295 0.125
0 0.7889524647887324 0.9175469483568075 0.17473591549295775 0.16490610328638497
0 0.058758802816901406 0.03931924882629108 0.05501760563380282 0.05516431924882629
