0 0.29797535211267606 0.22417840375586853 0.051056338028169015 0.31220657276995306
0 0.7605633802816901 0.6927816901408451 0.06602112676056338 0.3738262910798122
0 0.5352112676056338 0.704518779342723 0.06338028169014084 0.33392018779342725
0 0.46192781690140844 0.7056924882629108 0.06205985915492958 0.3503521126760563
0 0.16879401408450703 0.6995305164319249 0.06294014084507042 0.3415492957746479
0 0.6819982394366197 0.6983568075117371 0.06558098591549295 0.352112676056338
0 0.3882042253521127 0.6995305164319249 0.06426056338028169 0.3474178403755869
0 0.10123239436619719 0.6936619718309859 0.06602112676056338 0.3368544600938967
0 0.6078345070422535 0.7142018779342723 0.05017605633802817 0.3403755868544601
0 0.594850352112676 0.20833333333333334 0.06294014084507042 0.33568075117370894
0 0.3158010563380282 0.7068661971830986 0.0488556338028169 0.340962441314554
0 0.0820862676056338 0.2039319248826291 0.06205985915492958 0.301056338028169
0 0.511443661971831 0.22359154929577466 0.056338028169014086 0.32629107981220656
0 0.6558098591549296 0.2238849765258216 0.05017605633802817 0.32335680751173707
0 0.24141725352112675 0.7012910798122066 0.0488556338028169 0.3274647887323944
0 0.44366197183098594 0.20187793427230047 0.07130281690140845 0.35093896713615025
0 0.7352552816901409 0.2517605633802817 0.047975352112676055 0.22183098591549297
0 0.2323943661971831 0.2153755868544601 0.06073943661971831 0.3403755868544601
0 0.15404929577464788 0.2056924882629108 0.05017605633802817 0.3397887323943662
0 0.37125880281690143 0.21654929577464788 0.05941901408450704 0.3086854460093897
0 0.028169014084507043 0.7124413145539906 0.0528169014084507 0.318075117370892
0 0.882262323943662 0.24589201877934272 0.05765845070422535 0.2007042253521127
0 0.02640845070422535 0.22769953051643194 0.04665492957746479 0.289906103286385
0 0.8329665492957746 0.6854460093896714 0.05677816901408451 0.32981220657276994
0 0.8074383802816901 0.255575117370892 0.05237676056338028 0.23650234741784038
0 0.7962147887323944 0.062206572769953054 0.2262323943661972 0.11502347417840375
