0 0.1426056338028169 0.7523474178403756 0.02464788732394366 0.23591549295774647
0 0.5816461267605634 0.7714201877934272 0.06294014084507042 0.24119718309859156
0 0.4456426056338028 0.7523474178403756 0.050616197183098594 0.23826291079812206
0 0.4980193661971831 0.761150234741784 0.0488556338028169 0.2323943661971831
0 0.22799295774647887 0.7479460093896714 0.05017605633802817 0.19190140845070422
0 0.5321302816901409 0.4386737089201878 0.04929577464788732 0.24354460093896713
0 0.47491197183098594 0.4234154929577465 0.04665492957746479 0.25410798122065725
0 0.5521566901408451 0.7711267605633803 0.04621478873239437 0.21713615023474178
0 0.4159330985915493 0.4107981220657277 0.051056338028169015 0.24647887323943662
0 0.6131161971830986 0.7573356807511737 0.04753521126760563 0.21889671361502347
0 0.5944102112676056 0.4375 0.0488556338028169 0.23884976525821597
0 0.30963908450704225 0.4251760563380282 0.04445422535211268 0.25880281690140844
0 0.2863116197183099 0.7511737089201878 0.04005281690140845 0.23708920187793428
0 0.36201584507042256 0.4213615023474178 0.04533450704225352 0.2664319248826291
0 0.38974471830985913 0.7526408450704225 0.04181338028169014 0.22946009389671362
0 0.7205105633802817 0.7567488262910798 0.04225352112676056 0.2505868544600939
0 0.9526848591549296 0.7805164319248826 0.05149647887323944 0.21948356807511737
0 0.7141285211267606 0.42928403755868544 0.05765845070422535 0.2318075117370892
0 0.6518485915492958 0.43485915492957744 0.05721830985915493 0.22183098591549297
0 0.2574823943661972 0.42488262910798125 0.04225352112676056 0.22417840375586853
0 0.6665933098591549 0.7532276995305164 0.0409330985915493 0.24354460093896713
0 0.7414172535211268 0.10974178403755869 0.05941901408450704 0.19131455399061034
0 0.6767165492957746 0.09917840375586855 0.05501760563380282 0.17370892018779344
0 0.336487676056338 0.749706572769953 0.03917253521126761 0.22946009389671362
0 0.8411091549295775 0.7676056338028169 0.04401408450704225 0.18896713615023475
0 0.8067781690140845 0.10093896713615023 0.05721830985915493 0.1772300469483568
0 0.09727112676056338 0.7309272300469484 0.043133802816901406 0.22476525821596244
0 0.4900968309859155 0.10504694835680752 0.055897887323943664 0.18896713615023475
0 0.24515845070422534 0.10240610328638497 0.0528169014084507 0.1813380281690141
0 0.3648767605633803 0.10093896713615023 0.04665492957746479 0.1772300469483568
0 0.3074383802816901 0.10035211267605634 0.05413732394366197 0.18661971830985916
0 0.6142165492957746 0.11120892018779342 0.0488556338028169 0.1813380281690141
0 0.4308978873239437 0.09976525821596244 0.043133802816901406 0.18661971830985916
0 0.5475352112676056 0.11120892018779342 0.04665492957746479 0.17077464788732394
0 0.03367077464788732 0.4025821596244131 0.04709507042253521 0.23591549295774647
0 0.9634683098591549 0.10710093896713616 0.05369718309859155 0.16842723004694835
0 0.04445422535211268 0.732981220657277 0.045774647887323945 0.21830985915492956
0 0.7799295774647887 0.7538145539906104 0.04665492957746479 0.21654929577464788
0 0.9348591549295775 0.4184272300469484 0.05193661971830986 0.21713615023474178
0 0.8976672535211268 0.7790492957746479 0.050616197183098594 0.22124413145539906
0 0.7753080985915493 0.4242957746478873 0.05413732394366197 0.25821596244131456
0 0.8763204225352113 0.4231220657276995 0.05897887323943662 0.21244131455399062
0 0.9839348591549296 0.43485915492957744 0.05413732394366197 0.22183098591549297
0 0.8932658450704225 0.09859154929577464 0.061179577464788734 0.1795774647887324
