0 0.7205105633802817 0.125 0.9618307611956953 0.3356073943661972
0 0.7244718309859155 0.4184272300469484 0.9618290176800238 0.6335572610152307
0 0.4282570422535211 0.12323943661971831 0.7207622108088673 0.33560842756066916
0 0.02948943661971831 0.6766431924882629 0.07305040077613568 0.9010113596288215
0 0.07746478873239436 0.6965962441314554 0.11616308768101566 0.9015865045515661
0 0.18045774647887325 0.12441314553990611 0.4316987421890498 0.33854201106482396
0 0.4515845070422535 0.43720657276995306 0.7110688448472525 0.633546240274196
0 0.10959507042253522 0.6942488262910798 0.15180035428238445 0.8945456286230685
0 0.7161091549295775 0.7200704225352113 0.9098960787170204 0.9309154516299676
0 0.03477112676056338 0.47417840375586856 0.07348821693364412 0.5959658577442747
0 0.19102112676056338 0.42194835680751175 0.4435778956308272 0.6347289035464745
0 0.0008802816901408451 0.45481220657276994 0.03477073931263638 0.6270805092684432
0 0.0013204225352112676 0.687206572769953 0.03917195403937711 0.897484033701426
0 0.46170774647887325 0.7177230046948356 0.6934587553932752 0.9297431203024091
0 0.21963028169014084 0.7147887323943662 0.46689276836193216 0.9238762976922569
0 0.9106514084507042 0.721830985915493 0.999 0.9150693480129605
