0 0.0820862676056338 0.6094483568075117 0.0664612676056338 0.2904929577464789
0 0.1894806338028169 0.2262323943661972 0.053257042253521125 0.2811032863849765
0 0.6621919014084507 0.2397300469483568 0.06029929577464789 0.26467136150234744
0 0.6408450704225352 0.6323356807511737 0.05369718309859155 0.3198356807511737
0 0.38952464788732394 0.22916666666666666 0.05545774647887324 0.2494131455399061
0 0.308318661971831 0.6123826291079812 0.05413732394366197 0.3104460093896714
0 0.7044454225352113 0.6267605633802817 0.047975352112676055 0.2981220657276995
0 0.5068221830985915 0.6299882629107981 0.053257042253521125 0.31161971830985913
0 0.8098591549295775 0.26467136150234744 0.056338028169014086 0.1795774647887324
0 0.06888204225352113 0.2238849765258216 0.042693661971830985 0.24354460093896713
0 0.31712147887323944 0.23034037558685447 0.06470070422535211 0.2857981220657277
0 0.7405369718309859 0.2708333333333333 0.05941901408450704 0.2177230046948357
0 0.3752200704225352 0.6126760563380281 0.050616197183098594 0.3075117370892019
0 0.2422975352112676 0.6147300469483568 0.058538732394366196 0.2975352112676056
0 0.5688820422535211 0.6235328638497653 0.0488556338028169 0.31396713615023475
0 0.2607834507042254 0.22007042253521128 0.0488556338028169 0.2652582159624413
0 0.11751760563380281 0.2306338028169014 0.04929577464788732 0.25234741784037557
0 0.5884683098591549 0.22359154929577466 0.0528169014084507 0.2746478873239437
0 0.519806338028169 0.21830985915492956 0.0528169014084507 0.27230046948356806
0 0.1894806338028169 0.6015258215962441 0.0488556338028169 0.27699530516431925
0 0.4456426056338028 0.6264671361502347 0.05149647887323944 0.31396713615023475
0 0.4612676056338028 0.23415492957746478 0.04401408450704225 0.22065727699530516
0 0.02596830985915493 0.6088615023474179 0.04753521126760563 0.3057511737089202
0 0.01936619718309859 0.2335680751173709 0.037852112676056336 0.2605633802816901
0 0.7678257042253521 0.60768779342723 0.05149647887323944 0.3174882629107981
0 0.9198943661971831 0.20598591549295775 0.037852112676056336 0.30985915492957744
0 0.9797535211267606 0.2323943661971831 0.04665492957746479 0.3028169014084507
0 0.09044894366197183 0.9116784037558685 0.04709507042253521 0.17312206572769953
0 0.207306338028169 0.9245892018779343 0.05545774647887324 0.13791079812206572
0 0.514524647887324 0.926349765258216 0.051056338028169015 0.15316901408450703
0 0.457306338028169 0.9254694835680751 0.0448943661971831 0.13497652582159625
0 0.38930457746478875 0.9272300469483568 0.04973591549295775 0.1267605633802817
0 0.328125 0.9254694835680751 0.05237676056338028 0.14906103286384975
0 0.261443661971831 0.9228286384976526 0.045774647887323945 0.15199530516431925
0 0.7277728873239436 0.9386737089201878 0.04709507042253521 0.12030516431924883
0 0.6588908450704225 0.9395539906103286 0.0528169014084507 0.14553990610328638
0 0.023547535211267605 0.914906103286385 0.03477112676056338 0.17488262910798122
0 0.5882482394366197 0.9407276995305164 0.04445422535211268 0.12323943661971831
0 0.9828345070422535 0.6473004694835681 0.025528169014084508 0.29694835680751175
