0 0.1430457746478873 0.0886150234741784 0.1984405608386233 0.4095724090237828
0 0.3107394366197183 0.5557511737089202 0.3739829491916286 0.8107067187947719
0 0.5867077464788732 0.5252347417840375 0.6485093715904583 0.8529781486257135
0 0.3767605633802817 0.534037558685446 0.4346933272168221 0.8459307291322269
0 0.355193661971831 0.09213615023474178 0.4135760591276532 0.3907909999118341
0 0.2130281690140845 0.09448356807511737 0.2710329981650466 0.40428727490136435
0 0.2944542253521127 0.08744131455399061 0.3458211028937711 0.411920515660473
0 0.4480633802816901 0.528169014084507 0.501123211540369 0.8412393374330489
0 0.5088028169014085 0.5410798122065728 0.5820823931263638 0.8635322301571557
0 0.06866197183098592 0.09096244131455399 0.122769074836342 0.39959450560955717
0 0.429137323943662 0.08744131455399061 0.4769237951919262 0.417789060261412
0 0.5572183098591549 0.09917840375586855 0.6190329144762944 0.4013502474156362
0 0.11179577464788733 0.5363849765258216 0.16148248425411627 0.8336054078776257
0 0.6470070422535211 0.0733568075117371 0.7061412821116841 0.4019522553946528
0 0.18221830985915494 0.5586854460093896 0.23319444616643523 0.8288974850668959
0 0.04665492957746479 0.5205399061032864 0.09681045117536202 0.8424175235292821
0 0.4920774647887324 0.09741784037558686 0.5481989095665543 0.38374564680729134
0 0.24647887323943662 0.5463615023474179 0.30050771176353896 0.8271441540479181
0 0.6566901408450704 0.5223004694835681 0.7149398370858957 0.8388953635742468
0 0.7429577464788732 0.568075117370892 0.7892856700059512 0.8335868103771298
0 0.02068661971830986 0.08509389671361503 0.06821272595963103 0.3825791702484075
0 0.797975352112676 0.08039906103286384 0.8698072291584011 0.4107509395181732
0 0.7962147887323944 0.5522300469483568 0.8601249054627058 0.8605914142916969
0 0.7306338028169014 0.09507042253521127 0.7853298266712954 0.4213057098459301
0 0.8961267605633803 0.5193661971830986 0.9555914935032732 0.8453524846260663
0 0.9401408450704225 0.056924882629107984 0.9934242337829796 0.39550649948202515
0 0.9524647887323944 0.4865023474178404 0.999 0.8348083906411867
0 0.06558098591549295 0.9307511737089202 0.1073655013266217 0.999
