0 0.34088908450704225 0.7901995305164319 0.08758802816901408 0.2517605633802817
0 0.426056338028169 0.7687793427230047 0.07482394366197183 0.2664319248826291
0 0.6311619718309859 0.38967136150234744 0.06690140845070422 0.3086854460093897
0 0.7055457746478874 0.3984741784037559 0.061619718309859156 0.25821596244131456
0 0.6278609154929577 0.7849178403755869 0.05941901408450704 0.2881455399061033
0 0.061399647887323945 0.39642018779342725 0.07526408450704225 0.27992957746478875
0 0.6949823943661971 0.8136737089201878 0.05457746478873239 0.232981220657277
0 0.7574823943661971 0.8218896713615024 0.05721830985915493 0.22476525821596244
0 0.2691461267605634 0.7916666666666666 0.05413732394366197 0.27582159624413144
0 0.5580985915492958 0.7901995305164319 0.05193661971830986 0.29518779342723006
0 0.4139524647887324 0.40580985915492956 0.05677816901408451 0.267018779342723
0 0.207306338028169 0.778169014084507 0.04929577464788732 0.2805164319248826
0 0.328125 0.3961267605633803 0.061179577464788734 0.2687793427230047
0 0.1230193661971831 0.40492957746478875 0.04445422535211268 0.2476525821596244
0 0.1505281690140845 0.7857981220657277 0.04665492957746479 0.26173708920187794
0 0.08142605633802817 0.7866784037558685 0.04841549295774648 0.2775821596244131
0 0.18727992957746478 0.3987676056338028 0.04445422535211268 0.2623239436619718
0 0.47975352112676056 0.7755281690140845 0.05545774647887324 0.2834507042253521
0 0.5618397887323944 0.4022887323943662 0.06470070422535211 0.3057511737089202
0 0.48723591549295775 0.3993544600938967 0.06338028169014084 0.2775821596244131
0 0.257262323943662 0.40933098591549294 0.05237676056338028 0.26467136150234744
0 0.035211267605633804 0.7808098591549296 0.0448943661971831 0.2517605633802817
0 0.08098591549295775 0.07247652582159625 0.05369718309859155 0.09096244131455399
0 0.15074823943661972 0.06308685446009389 0.06734154929577464 0.09683098591549295
0 0.30787852112676056 0.06426056338028169 0.05501760563380282 0.12147887323943662
0 0.495818661971831 0.05780516431924883 0.07174295774647887 0.1073943661971831
0 0.8290052816901409 0.058098591549295774 0.06910211267605634 0.1068075117370892
0 0.8554137323943662 0.4125586854460094 0.07702464788732394 0.2934272300469484
0 0.9414612676056338 0.37470657276995306 0.0801056338028169 0.3057511737089202
0 0.7797095070422535 0.426056338028169 0.06910211267605634 0.25821596244131456
0 0.905149647887324 0.8248239436619719 0.06029929577464789 0.20598591549295775
0 0.4240757042253521 0.8356807511737089 0.037411971830985914 0.1396713615023474
0 0.8340669014084507 0.8257042253521126 0.06602112676056338 0.2312206572769953
0 0.981294014084507 0.8110328638497653 0.05501760563380282 0.2007042253521127
0 0.230193661971831 0.06572769953051644 0.06602112676056338 0.11971830985915492
0 0.023107394366197184 0.07541079812206573 0.04533450704225352 0.12969483568075119
0 0.4139524647887324 0.07394366197183098 0.07086267605633803 0.11619718309859155
0 0.5849471830985915 0.06631455399061033 0.06954225352112677 0.09154929577464789
0 0.6657130281690141 0.05897887323943662 0.08054577464788733 0.10387323943661972
0 0.7533010563380281 0.06572769953051644 0.0761443661971831 0.11267605633802817
0 0.9209947183098591 0.051056338028169015 0.07966549295774648 0.08333333333333333
