0 0.6267605633802817 0.0903755868544601 0.7030692074985122 0.3585150378011418
0 0.23767605633802816 0.727112676056338 0.3665327130033723 0.8957000512464458
0 0.22315140845070422 0.08392018779342723 0.28643347209135095 0.3761244599836893
0 0.06382042253521127 0.04518779342723005 0.13773599453233484 0.3696917912010404
0 0.37544014084507044 0.058098591549295774 0.443496725290121 0.36733679660120344
0 0.9005281690140845 0.0715962441314554 0.9608712464044832 0.3567654951618947
0 0.15404929577464788 0.09507042253521127 0.21736177407756396 0.37377049857832445
0 0.5589788732394366 0.07042253521126761 0.6115497452142432 0.35676618395820936
0 0.7117077464788732 0.07276995305164319 0.7809367483510217 0.3608727875862373
0 0.4709507042253521 0.06924882629107981 0.540725813950605 0.3450297835526461
0 0.29797535211267606 0.045774647887323945 0.3678265953555842 0.3673440289625074
0 0.0030809859154929575 0.036384976525821594 0.05985779886183297 0.3749786473142454
0 0.7852112676056338 0.04518779342723005 0.8737741147589764 0.3497387395578479
0 0.7345950704225352 0.7505868544600939 0.881278787380976 0.903902237761467
0 0.4005281690140845 0.7411971830985915 0.534594837953779 0.9138842739535806
0 0.035651408450704226 0.755868544600939 0.19100543511951995 0.9003780114174877
0 0.5699823943661971 0.7652582159624414 0.6903301133827614 0.908001609028191
0 0.9326584507042254 0.6490610328638498 0.9696599214565562 0.90161440080231
