0 0.1113556338028169 0.6338028169014085 0.1623629596682206 0.876388613370363
0 0.39744718309859156 0.6343896713615024 0.4448074616271573 0.8951676116952104
0 0.17033450704225353 0.6232394366197183 0.21603418375570324 0.8904793195794485
0 0.457306338028169 0.6367370892018779 0.5015592841822059 0.8846028538208909
0 0.22579225352112675 0.6226525821596244 0.27014709847996426 0.8957613541184509
0 0.07306338028169014 0.26173708920187794 0.1245277009769887 0.5092360697833322
0 0.3397887323943662 0.6326291079812206 0.3840934028466574 0.8975160627300579
0 0.5123239436619719 0.6296948356807511 0.5569928151656417 0.895170366880469
0 0.28433098591549294 0.6320422535211268 0.3268995022069034 0.8969295526681214
0 0.5721830985915493 0.636150234741784 0.6177059053263242 0.9174670479843064
0 0.2011443661971831 0.24354460093896713 0.25607343997966675 0.535068342370341
0 0.5849471830985915 0.2576291079812207 0.6383869070496925 0.5368206401948468
0 0.6272007042253521 0.6467136150234741 0.6837028165914502 0.9133528675968172
0 0.5193661971830986 0.23415492957746478 0.5657925324836343 0.5391818339615155
0 0.45026408450704225 0.25 0.49980182038534016 0.5333039906103286
0 0.6848591549295775 0.6426056338028169 0.7338534950902599 0.9174632596045759
0 0.3248239436619718 0.2623239436619718 0.3761774542501488 0.5244939413476162
0 0.3846830985915493 0.24354460093896713 0.44569336131223963 0.5268523799290264
0 0.6522887323943662 0.25586854460093894 0.7043783940438405 0.5479719081311027
0 0.8120598591549296 0.6713615023474179 0.867600325766217 0.9150989662544909
0 0.13908450704225353 0.24471830985915494 0.1949211775937314 0.5186357286913972
0 0.761443661971831 0.272887323943662 0.8187669702192026 0.5503093384249157
0 0.2649647887323944 0.25938967136150237 0.3141439415542551 0.5203876821177456
0 0.8340669014084507 0.2793427230046948 0.890477963511704 0.5415027331437766
0 0.6007922535211268 0.0005868544600938967 0.658626411860246 0.157276650907007
0 0.5378521126760564 0.0005868544600938967 0.5943935510067446 0.14730012508541074
0 0.2442781690140845 0.0005868544600938967 0.30094882122842687 0.1531686696863497
0 0.17869718309859156 0.0005868544600938967 0.23319599595814322 0.1561029419868192
0 0.31954225352112675 0.0005868544600938967 0.380581187388415 0.1531686696863497
0 0.6822183098591549 0.0005868544600938967 0.7373757841946043 0.14612641616522296
0 0.47007042253521125 0.002347417840375587 0.5248811309759969 0.14612538297075095
0 0.3983274647887324 0.0035211267605633804 0.4558105953059909 0.1431904218739668
0 0.10827464788732394 0.0005868544600938967 0.16764600587681017 0.13438932696334502
0 0.030809859154929578 0.0005868544600938967 0.09725756608311842 0.14906068846569243
0 0.8692781690140845 0.6490610328638498 0.9252335923551874 0.9368256684079438
0 0.7464788732394366 0.6713615023474179 0.7998475004959333 0.9098172761136458
0 0.9097711267605634 0.26291079812206575 0.9657087274970244 0.546794066433027
0 0.9449823943661971 0.6566901408450704 0.997383370425015 0.8945676701051378
0 0.9537852112676056 0.01995305164319249 0.999 0.1472887599462188
0 0.8802816901408451 0.011737089201877934 0.9393132562983536 0.14494616368004584
0 0.7821302816901409 0.005868544600938967 0.8469268792774252 0.11971486587758161
