0 0.6575704225352113 0.7517605633802817 0.7567528299196589 0.878079952721021
0 0.4326584507042254 0.08626760563380281 0.4817637946959929 0.3749493734708722
0 0.4876760563380282 0.07511737089201878 0.5393980299047808 0.3726084991954859
0 0.3648767605633803 0.0903755868544601 0.4157725014258084 0.3878577608058366
0 0.7323943661971831 0.11091549295774648 0.7831283475500892 0.3854982890299544
0 0.551056338028169 0.06338028169014084 0.5974687252033326 0.3908078754215434
0 0.6734154929577465 0.10915492957746478 0.7237352924766911 0.3766965053230179
0 0.3107394366197183 0.09507042253521127 0.35285618862824836 0.3643808272168221
0 0.616637323943662 0.09624413145539906 0.6608201420229121 0.3772909365425731
0 0.03609154929577465 0.7265258215962441 0.2486636920997818 0.783024339306575
0 0.1324823943661972 0.2605633802816901 0.2732691538757191 0.3578283078754215
0 0.045774647887323945 0.6473004694835681 0.2552615428486411 0.696803227424012
0 0.013204225352112676 0.2652582159624413 0.12103292067546122 0.3589992616103507
0 0.13908450704225353 0.1273474178403756 0.2869106142134497 0.23231963179704204
0 0.011003521126760563 0.11561032863849766 0.10738952309809562 0.21706830379774736
0 0.7891725352112676 0.08157276995305164 0.8464836388489387 0.3819943821772576
0 0.8622359154929577 0.09272300469483569 0.9159937341921246 0.39724605457470963
0 0.9264964788732394 0.04929577464788732 0.965261225141341 0.39198984989750707
0 0.704225352112676 0.10915492957746478 0.7452886332076969 0.3825650499239569
0 0.03697183098591549 0.801056338028169 0.2513041497222773 0.8616190983931759
0 0.28433098591549294 0.7224178403755869 0.3876389388266217 0.8710549191077608
0 0.41329225352112675 0.7177230046948356 0.512142036860246 0.8734050921333951
0 0.5334507042253521 0.7188967136150235 0.6370891502182107 0.8675358587361414
0 0.78125 0.7282863849765259 0.8715751540492958 0.8810280009477837
0 0.9058098591549296 0.7294600938967136 0.9872773724211465 0.8798536032312813
