0 0.53125 0.3163145539906103 0.6423718089788732 0.4276312708016487
0 0.28389084507042256 0.1267605633802817 0.4391356114238246 0.26753124380083315
0 0.1544894366197183 0.2992957746478873 0.2772207352831779 0.43350980294915026
0 0.30985915492957744 0.29401408450704225 0.4408847450902599 0.4340997569926602
0 0.5154049295774648 0.18544600938967137 0.6837520224781789 0.30916347065176664
0 0.13336267605633803 0.13556338028169015 0.26974763966722876 0.2692866412087549
0 0.4529049295774648 0.3039906103286385 0.5050823481824043 0.43350704776389165
0 0.007482394366197183 0.8221830985915493 0.2007009320447332 0.8856677329233618
0 0.6474471830985915 0.7294600938967136 0.8562291165567347 0.8687033684894973
0 0.684419014084507 0.3245305164319249 0.8434487592367585 0.43760297504904233
0 0.22755281690140844 0.761150234741784 0.3757801264010117 0.8587082451674051
0 0.6888204225352113 0.18251173708920188 0.8394855543914898 0.29566754006039364
0 0.09198943661971831 0.3028169014084507 0.139924300424023 0.4340945910203002
0 0.006602112676056338 0.30985915492957744 0.07482103780251934 0.43467731270250615
0 0.008362676056338027 0.17488262910798122 0.07305969952638365 0.2986062895369085
0 0.9110915492957746 0.13908450704225353 0.9630673012547114 0.44886203960854326
0 0.8507922535211268 0.16490610328638497 0.9005938414377107 0.4435651959487756
0 0.23327464788732394 0.8826291079812206 0.37005577700357073 0.939622870241795
0 0.6624119718309859 0.8867370892018779 0.8452190088152152 0.9454890040556326
0 0.008362676056338027 0.7276995305164319 0.20290124882215832 0.7912396129515749
0 0.8846830985915493 0.7946009389671361 0.9771634317347748 0.9543458914677423
