0 0.29973591549295775 0.732981220657277 0.4690582148259274 0.8663538842601777
0 0.5545774647887324 0.54518779342723 0.7149847810454275 0.6921683170226366
0 0.5638204225352113 0.13028169014084506 0.7158609945323349 0.25461837928982345
0 0.061619718309859156 0.7341549295774648 0.22180386456060305 0.8763297212854593
0 0.0488556338028169 0.5786384976525821 0.22885173607667128 0.7091674656703917
0 0.332306338028169 0.2916666666666667 0.4197481046047411 0.4288194444444445
0 0.0977112676056338 0.2869718309859155 0.23807319046320174 0.43821187099120545
0 0.08054577464788733 0.12147887323943662 0.23720046400763736 0.262839507703498
0 0.2460387323943662 0.7417840375586855 0.2991874829522912 0.8804332253300712
0 0.4392605633802817 0.29577464788732394 0.48880314235766714 0.43703299609865764
0 0.5836267605633803 0.2869718309859155 0.7215741079398929 0.4387987254512994
0 0.3274647887323944 0.12206572769953052 0.4193100947232692 0.2728156891269369
0 0.4251760563380282 0.11854460093896714 0.5015734260315414 0.26518864753466026
0 0.7539612676056338 0.1449530516431925 0.9037174466251736 0.26517314961758026
0 0.5752640845070423 0.7323943661971831 0.6758031408078754 0.8616593929775838
0 0.5057218309859155 0.28169014084507044 0.5653583970814322 0.42589102691264963
0 0.2962147887323944 0.5733568075117371 0.4479330040542551 0.7267761990566245
0 0.01584507042253521 0.2805164319248826 0.08053880058520135 0.4470184762723446
0 0.2689260563380282 0.29460093896713613 0.3137020571935132 0.4270571590733761
0 0.7579225352112676 0.2846244131455399 0.8997544355038682 0.4299972861425202
0 0.7887323943661971 0.5774647887323944 0.9613605931362825 0.7179709713681148
0 0.9375 0.19014084507042253 0.9806613116197183 0.394254612180123
0 0.7147887323943662 0.7359154929577465 0.7774142655227138 0.8798498148515507
0 0.4925176056338028 0.7224178403755869 0.5389557580961118 0.8645995200467279
0 0.7975352112676056 0.7265258215962441 0.9578355918964492 0.8816158886023496
