0 0.9141725352112676 0.4307511737089202 0.12764084507042253 0.1056338028169014
0 0.7407570422535211 0.4465962441314554 0.11707746478873239 0.11384976525821597
0 0.34242957746478875 0.8811619718309859 0.14348591549295775 0.2177230046948357
0 0.2068661971830986 0.2778755868544601 0.09066901408450705 0.12265258215962441
0 0.7268926056338029 0.2963615023474178 0.11663732394366197 0.10446009389671361
0 0.13402288732394366 0.8823356807511737 0.1756161971830986 0.18368544600938966
0 0.6012323943661971 0.42458920187793425 0.04753521126760563 0.11561032863849766
0 0.6518485915492958 0.42634976525821594 0.05017605633802817 0.11561032863849766
0 0.5429137323943662 0.4289906103286385 0.0488556338028169 0.09859154929577464
0 0.4423415492957746 0.420481220657277 0.04137323943661972 0.10269953051643192
0 0.3855633802816901 0.42018779342723006 0.04753521126760563 0.10093896713615023
0 0.09881161971830986 0.3415492957746479 0.08494718309859155 0.20305164319248825
0 0.5996919014084507 0.28374413145539906 0.04181338028169014 0.12147887323943662
0 0.815580985915493 0.4339788732394366 0.0448943661971831 0.13204225352112675
0 0.5424735915492958 0.2828638497652582 0.04445422535211268 0.12441314553990611
0 0.48745598591549294 0.42194835680751175 0.042693661971830985 0.107981220657277
0 0.4878961267605634 0.2846244131455399 0.0409330985915493 0.11854460093896714
0 0.3102992957746479 0.4137323943661972 0.09330985915492958 0.09154929577464789
0 0.20598591549295775 0.41343896713615025 0.08714788732394366 0.09917840375586855
0 0.30545774647887325 0.272887323943662 0.1056338028169014 0.12793427230046947
0 0.43463908450704225 0.28374413145539906 0.04357394366197183 0.11443661971830986
0 0.6538292253521126 0.2907863849765258 0.04709507042253521 0.11561032863849766
0 0.38754401408450706 0.2813967136150235 0.04005281690140845 0.12030516431924883
0 0.9223151408450704 0.28843896713615025 0.12279929577464789 0.09565727699530517
0 0.8089788732394366 0.8532863849765259 0.16285211267605634 0.20422535211267606
0 0.5688820422535211 0.9275234741784038 0.14040492957746478 0.10152582159624413
0 0.01936619718309859 0.8717723004694836 0.035211267605633804 0.1437793427230047
0 0.02420774647887324 0.35563380281690143 0.03961267605633803 0.2347417840375587
0 0.4606073943661972 0.9222417840375586 0.0409330985915493 0.15551643192488263
0 0.6806778169014085 0.9210680751173709 0.05413732394366197 0.15786384976525822
0 0.9544454225352113 0.8714788732394366 0.06998239436619719 0.25704225352112675
0 0.9414612676056338 0.051643192488262914 0.11179577464788733 0.09154929577464789
0 0.8389084507042254 0.043133802816901406 0.07922535211267606 0.0698356807511737
0 0.7119278169014085 0.046948356807511735 0.1641725352112676 0.057511737089201875
0 0.5950704225352113 0.040492957746478875 0.04225352112676056 0.07981220657276995
0 0.4663292253521127 0.04870892018779343 0.1624119718309859 0.06338028169014084
0 0.34375 0.03051643192488263 0.06073943661971831 0.05868544600938967
0 0.2130281690140845 0.045774647887323945 0.1602112676056338 0.06455399061032864
0 0.09837147887323944 0.03931924882629108 0.055897887323943664 0.062206572769953054
0 0.03433098591549296 0.04606807511737089 0.05017605633802817 0.07570422535211267
