0 0.2640845070422535 0.2112676056338028 0.36652108956556234 0.4048055941281492
0 0.4326584507042254 0.20481220657276994 0.5314997101889506 0.426522997531354
0 0.11355633802816902 0.21830985915492956 0.21517889245685382 0.40890944257091844
0 0.6443661971830986 0.7582159624413145 0.8029734303709581 0.9637569155149993
0 0.0030809859154929575 0.1784037558685446 0.0448930101294386 0.4230173686878706
0 0.8503521126760564 0.7846244131455399 0.999 0.9860418870814873
0 0.5532570422535211 0.18955399061032863 0.6080311368652053 0.42711880634353855
0 0.827024647887324 0.3386150234741784 0.9292134574613172 0.4405289817937358
0 0.37544014084507044 0.20363849765258216 0.4294122182478675 0.4053969257642884
0 0.6153169014084507 0.22593896713615025 0.7083559344624082 0.41301294661553045
0 0.21654929577464788 0.20950704225352113 0.26134834978178934 0.40715404516299675
0 0.07042253521126761 0.20950704225352113 0.1091239337433049 0.4218254066653441
0 0.9397007042253521 0.34330985915492956 0.9951849908872248 0.45226331581035506
0 0.7720070422535211 0.33392018779342725 0.8200827433792898 0.454616244021248
0 0.8490316901408451 0.18955399061032863 0.950770672671593 0.31913758568626155
0 0.735475352112676 0.18720657276995306 0.8284614985245983 0.3162046909784214
0 0.7253521126760564 0.3397887323943662 0.7708075034715334 0.45109167327911126
0 0.3538732394366197 0.755868544600939 0.40257311917278316 0.9414578236240605
0 0.10827464788732394 0.8744131455399061 0.21562135798948623 0.9378671284357161
0 0.41241197183098594 0.755868544600939 0.5609980581109899 0.9725611100090371
0 0.22227112676056338 0.8867370892018779 0.3286873806660385 0.9472495674359144
0 0.579225352112676 0.7699530516431925 0.621664073348542 0.9561209195706319
0 0.10651408450704225 0.721244131455399 0.2002172033078754 0.8522762651810707
0 0.230193661971831 0.7288732394366197 0.3225219218037096 0.8540323513853072
0 0.008362676056338027 0.8626760563380281 0.099468150230609 0.9384608708589566
0 0.9590669014084507 0.1942488262910798 0.9982574529483238 0.3343930464634442
0 0.010123239436619719 0.7147887323943662 0.09506596688405079 0.8575617437016466
